>: [(2652, 1, 0.625, 0)]
>: [(1235, 5, 0.90000000000000002, 4)]
>: [(395, 4, 0.92500000000000004, 1)]
>: [(593, 7, 0.97499999999999998, 4)]
>: [(771, 9, 1.0, 4)]
=: [(771, 9, 1.0, 4), (484, 13, 1.0, 3)]
=: [(771, 9, 1.0, 4), (484, 13, 1.0, 3), (381, 1, 1.0, 1)]
=: [(771, 9, 1.0, 4), (484, 13, 1.0, 3), (381, 1, 1.0, 1), (184, 5, 1.0, 4)]
=: [(771, 9, 1.0, 4), (484, 13, 1.0, 3), (381, 1, 1.0, 1), (184, 5, 1.0, 4), (33, 5, 1.0, 3)]
=: [(771, 9, 1.0, 4), (484, 13, 1.0, 3), (381, 1, 1.0, 1), (184, 5, 1.0, 4), (33, 5, 1.0, 3), (1, 2, 1.0, 2)]
=: [(771, 9, 1.0, 4), (484, 13, 1.0, 3), (381, 1, 1.0, 1), (184, 5, 1.0, 4), (33, 5, 1.0, 3), (1, 2, 1.0, 2), (208, 4, 1.0, 3)]
=: [(771, 9, 1.0, 4), (484, 13, 1.0, 3), (381, 1, 1.0, 1), (184, 5, 1.0, 4), (33, 5, 1.0, 3), (1, 2, 1.0, 2), (208, 4, 1.0, 3), (15, 3, 1.0, 3)]
=: [(771, 9, 1.0, 4), (484, 13, 1.0, 3), (381, 1, 1.0, 1), (184, 5, 1.0, 4), (33, 5, 1.0, 3), (1, 2, 1.0, 2), (208, 4, 1.0, 3), (15, 3, 1.0, 3), (175, 3, 1.0, 4)]
=: [(771, 9, 1.0, 4), (484, 13, 1.0, 3), (381, 1, 1.0, 1), (184, 5, 1.0, 4), (33, 5, 1.0, 3), (1, 2, 1.0, 2), (208, 4, 1.0, 3), (15, 3, 1.0, 3), (175, 3, 1.0, 4), (471, 7, 1.0, 3)]
=: [(771, 9, 1.0, 4), (484, 13, 1.0, 3), (381, 1, 1.0, 1), (184, 5, 1.0, 4), (33, 5, 1.0, 3), (1, 2, 1.0, 2), (208, 4, 1.0, 3), (15, 3, 1.0, 3), (175, 3, 1.0, 4), (471, 7, 1.0, 3), (137, 4, 1.0, 4)]
=: [(771, 9, 1.0, 4), (484, 13, 1.0, 3), (381, 1, 1.0, 1), (184, 5, 1.0, 4), (33, 5, 1.0, 3), (1, 2, 1.0, 2), (208, 4, 1.0, 3), (15, 3, 1.0, 3), (175, 3, 1.0, 4), (471, 7, 1.0, 3), (137, 4, 1.0, 4), (94, 4, 1.0, 3)]
=: [(771, 9, 1.0, 4), (484, 13, 1.0, 3), (381, 1, 1.0, 1), (184, 5, 1.0, 4), (33, 5, 1.0, 3), (1, 2, 1.0, 2), (208, 4, 1.0, 3), (15, 3, 1.0, 3), (175, 3, 1.0, 4), (471, 7, 1.0, 3), (137, 4, 1.0, 4), (94, 4, 1.0, 3), (302, 5, 1.0, 2)]
=: [(771, 9, 1.0, 4), (484, 13, 1.0, 3), (381, 1, 1.0, 1), (184, 5, 1.0, 4), (33, 5, 1.0, 3), (1, 2, 1.0, 2), (208, 4, 1.0, 3), (15, 3, 1.0, 3), (175, 3, 1.0, 4), (471, 7, 1.0, 3), (137, 4, 1.0, 4), (94, 4, 1.0, 3), (302, 5, 1.0, 2), (125, 4, 1.0, 3)]
=: [(771, 9, 1.0, 4), (484, 13, 1.0, 3), (381, 1, 1.0, 1), (184, 5, 1.0, 4), (33, 5, 1.0, 3), (1, 2, 1.0, 2), (208, 4, 1.0, 3), (15, 3, 1.0, 3), (175, 3, 1.0, 4), (471, 7, 1.0, 3), (137, 4, 1.0, 4), (94, 4, 1.0, 3), (302, 5, 1.0, 2), (125, 4, 1.0, 3), (370, 8, 1.0, 3)]
=: [(771, 9, 1.0, 4), (484, 13, 1.0, 3), (381, 1, 1.0, 1), (184, 5, 1.0, 4), (33, 5, 1.0, 3), (1, 2, 1.0, 2), (208, 4, 1.0, 3), (15, 3, 1.0, 3), (175, 3, 1.0, 4), (471, 7, 1.0, 3), (137, 4, 1.0, 4), (94, 4, 1.0, 3), (302, 5, 1.0, 2), (125, 4, 1.0, 3), (370, 8, 1.0, 3), (29, 3, 1.0, 3)]
=: [(771, 9, 1.0, 4), (484, 13, 1.0, 3), (381, 1, 1.0, 1), (184, 5, 1.0, 4), (33, 5, 1.0, 3), (1, 2, 1.0, 2), (208, 4, 1.0, 3), (15, 3, 1.0, 3), (175, 3, 1.0, 4), (471, 7, 1.0, 3), (137, 4, 1.0, 4), (94, 4, 1.0, 3), (302, 5, 1.0, 2), (125, 4, 1.0, 3), (370, 8, 1.0, 3), (29, 3, 1.0, 3), (8, 5, 1.0, 2)]
=: [(771, 9, 1.0, 4), (484, 13, 1.0, 3), (381, 1, 1.0, 1), (184, 5, 1.0, 4), (33, 5, 1.0, 3), (1, 2, 1.0, 2), (208, 4, 1.0, 3), (15, 3, 1.0, 3), (175, 3, 1.0, 4), (471, 7, 1.0, 3), (137, 4, 1.0, 4), (94, 4, 1.0, 3), (302, 5, 1.0, 2), (125, 4, 1.0, 3), (370, 8, 1.0, 3), (29, 3, 1.0, 3), (8, 5, 1.0, 2), (40, 4, 1.0, 4)]
=: [(771, 9, 1.0, 4), (484, 13, 1.0, 3), (381, 1, 1.0, 1), (184, 5, 1.0, 4), (33, 5, 1.0, 3), (1, 2, 1.0, 2), (208, 4, 1.0, 3), (15, 3, 1.0, 3), (175, 3, 1.0, 4), (471, 7, 1.0, 3), (137, 4, 1.0, 4), (94, 4, 1.0, 3), (302, 5, 1.0, 2), (125, 4, 1.0, 3), (370, 8, 1.0, 3), (29, 3, 1.0, 3), (8, 5, 1.0, 2), (40, 4, 1.0, 4), (131, 3, 1.0, 1)]
=: [(771, 9, 1.0, 4), (484, 13, 1.0, 3), (381, 1, 1.0, 1), (184, 5, 1.0, 4), (33, 5, 1.0, 3), (1, 2, 1.0, 2), (208, 4, 1.0, 3), (15, 3, 1.0, 3), (175, 3, 1.0, 4), (471, 7, 1.0, 3), (137, 4, 1.0, 4), (94, 4, 1.0, 3), (302, 5, 1.0, 2), (125, 4, 1.0, 3), (370, 8, 1.0, 3), (29, 3, 1.0, 3), (8, 5, 1.0, 2), (40, 4, 1.0, 4), (131, 3, 1.0, 1), (27, 3, 1.0, 1)]
=: [(771, 9, 1.0, 4), (484, 13, 1.0, 3), (381, 1, 1.0, 1), (184, 5, 1.0, 4), (33, 5, 1.0, 3), (1, 2, 1.0, 2), (208, 4, 1.0, 3), (15, 3, 1.0, 3), (175, 3, 1.0, 4), (471, 7, 1.0, 3), (137, 4, 1.0, 4), (94, 4, 1.0, 3), (302, 5, 1.0, 2), (125, 4, 1.0, 3), (370, 8, 1.0, 3), (29, 3, 1.0, 3), (8, 5, 1.0, 2), (40, 4, 1.0, 4), (131, 3, 1.0, 1), (27, 3, 1.0, 1), (203, 6, 1.0, 3)]
=: [(771, 9, 1.0, 4), (484, 13, 1.0, 3), (381, 1, 1.0, 1), (184, 5, 1.0, 4), (33, 5, 1.0, 3), (1, 2, 1.0, 2), (208, 4, 1.0, 3), (15, 3, 1.0, 3), (175, 3, 1.0, 4), (471, 7, 1.0, 3), (137, 4, 1.0, 4), (94, 4, 1.0, 3), (302, 5, 1.0, 2), (125, 4, 1.0, 3), (370, 8, 1.0, 3), (29, 3, 1.0, 3), (8, 5, 1.0, 2), (40, 4, 1.0, 4), (131, 3, 1.0, 1), (27, 3, 1.0, 1), (203, 6, 1.0, 3), (14, 3, 1.0, 3)]
=: [(771, 9, 1.0, 4), (484, 13, 1.0, 3), (381, 1, 1.0, 1), (184, 5, 1.0, 4), (33, 5, 1.0, 3), (1, 2, 1.0, 2), (208, 4, 1.0, 3), (15, 3, 1.0, 3), (175, 3, 1.0, 4), (471, 7, 1.0, 3), (137, 4, 1.0, 4), (94, 4, 1.0, 3), (302, 5, 1.0, 2), (125, 4, 1.0, 3), (370, 8, 1.0, 3), (29, 3, 1.0, 3), (8, 5, 1.0, 2), (40, 4, 1.0, 4), (131, 3, 1.0, 1), (27, 3, 1.0, 1), (203, 6, 1.0, 3), (14, 3, 1.0, 3), (96, 6, 1.0, 4)]
=: [(771, 9, 1.0, 4), (484, 13, 1.0, 3), (381, 1, 1.0, 1), (184, 5, 1.0, 4), (33, 5, 1.0, 3), (1, 2, 1.0, 2), (208, 4, 1.0, 3), (15, 3, 1.0, 3), (175, 3, 1.0, 4), (471, 7, 1.0, 3), (137, 4, 1.0, 4), (94, 4, 1.0, 3), (302, 5, 1.0, 2), (125, 4, 1.0, 3), (370, 8, 1.0, 3), (29, 3, 1.0, 3), (8, 5, 1.0, 2), (40, 4, 1.0, 4), (131, 3, 1.0, 1), (27, 3, 1.0, 1), (203, 6, 1.0, 3), (14, 3, 1.0, 3), (96, 6, 1.0, 4), (264, 4, 1.0, 4)]
=: [(771, 9, 1.0, 4), (484, 13, 1.0, 3), (381, 1, 1.0, 1), (184, 5, 1.0, 4), (33, 5, 1.0, 3), (1, 2, 1.0, 2), (208, 4, 1.0, 3), (15, 3, 1.0, 3), (175, 3, 1.0, 4), (471, 7, 1.0, 3), (137, 4, 1.0, 4), (94, 4, 1.0, 3), (302, 5, 1.0, 2), (125, 4, 1.0, 3), (370, 8, 1.0, 3), (29, 3, 1.0, 3), (8, 5, 1.0, 2), (40, 4, 1.0, 4), (131, 3, 1.0, 1), (27, 3, 1.0, 1), (203, 6, 1.0, 3), (14, 3, 1.0, 3), (96, 6, 1.0, 4), (264, 4, 1.0, 4), (11, 1, 1.0, 2)]
=: [(771, 9, 1.0, 4), (484, 13, 1.0, 3), (381, 1, 1.0, 1), (184, 5, 1.0, 4), (33, 5, 1.0, 3), (1, 2, 1.0, 2), (208, 4, 1.0, 3), (15, 3, 1.0, 3), (175, 3, 1.0, 4), (471, 7, 1.0, 3), (137, 4, 1.0, 4), (94, 4, 1.0, 3), (302, 5, 1.0, 2), (125, 4, 1.0, 3), (370, 8, 1.0, 3), (29, 3, 1.0, 3), (8, 5, 1.0, 2), (40, 4, 1.0, 4), (131, 3, 1.0, 1), (27, 3, 1.0, 1), (203, 6, 1.0, 3), (14, 3, 1.0, 3), (96, 6, 1.0, 4), (264, 4, 1.0, 4), (11, 1, 1.0, 2), (9, 3, 1.0, 2)]
=: [(771, 9, 1.0, 4), (484, 13, 1.0, 3), (381, 1, 1.0, 1), (184, 5, 1.0, 4), (33, 5, 1.0, 3), (1, 2, 1.0, 2), (208, 4, 1.0, 3), (15, 3, 1.0, 3), (175, 3, 1.0, 4), (471, 7, 1.0, 3), (137, 4, 1.0, 4), (94, 4, 1.0, 3), (302, 5, 1.0, 2), (125, 4, 1.0, 3), (370, 8, 1.0, 3), (29, 3, 1.0, 3), (8, 5, 1.0, 2), (40, 4, 1.0, 4), (131, 3, 1.0, 1), (27, 3, 1.0, 1), (203, 6, 1.0, 3), (14, 3, 1.0, 3), (96, 6, 1.0, 4), (264, 4, 1.0, 4), (11, 1, 1.0, 2), (9, 3, 1.0, 2), (239, 7, 1.0, 4)]
=: [(771, 9, 1.0, 4), (484, 13, 1.0, 3), (381, 1, 1.0, 1), (184, 5, 1.0, 4), (33, 5, 1.0, 3), (1, 2, 1.0, 2), (208, 4, 1.0, 3), (15, 3, 1.0, 3), (175, 3, 1.0, 4), (471, 7, 1.0, 3), (137, 4, 1.0, 4), (94, 4, 1.0, 3), (302, 5, 1.0, 2), (125, 4, 1.0, 3), (370, 8, 1.0, 3), (29, 3, 1.0, 3), (8, 5, 1.0, 2), (40, 4, 1.0, 4), (131, 3, 1.0, 1), (27, 3, 1.0, 1), (203, 6, 1.0, 3), (14, 3, 1.0, 3), (96, 6, 1.0, 4), (264, 4, 1.0, 4), (11, 1, 1.0, 2), (9, 3, 1.0, 2), (239, 7, 1.0, 4), (261, 6, 1.0, 3)]
=: [(771, 9, 1.0, 4), (484, 13, 1.0, 3), (381, 1, 1.0, 1), (184, 5, 1.0, 4), (33, 5, 1.0, 3), (1, 2, 1.0, 2), (208, 4, 1.0, 3), (15, 3, 1.0, 3), (175, 3, 1.0, 4), (471, 7, 1.0, 3), (137, 4, 1.0, 4), (94, 4, 1.0, 3), (302, 5, 1.0, 2), (125, 4, 1.0, 3), (370, 8, 1.0, 3), (29, 3, 1.0, 3), (8, 5, 1.0, 2), (40, 4, 1.0, 4), (131, 3, 1.0, 1), (27, 3, 1.0, 1), (203, 6, 1.0, 3), (14, 3, 1.0, 3), (96, 6, 1.0, 4), (264, 4, 1.0, 4), (11, 1, 1.0, 2), (9, 3, 1.0, 2), (239, 7, 1.0, 4), (261, 6, 1.0, 3), (30, 4, 1.0, 3)]
=: [(771, 9, 1.0, 4), (484, 13, 1.0, 3), (381, 1, 1.0, 1), (184, 5, 1.0, 4), (33, 5, 1.0, 3), (1, 2, 1.0, 2), (208, 4, 1.0, 3), (15, 3, 1.0, 3), (175, 3, 1.0, 4), (471, 7, 1.0, 3), (137, 4, 1.0, 4), (94, 4, 1.0, 3), (302, 5, 1.0, 2), (125, 4, 1.0, 3), (370, 8, 1.0, 3), (29, 3, 1.0, 3), (8, 5, 1.0, 2), (40, 4, 1.0, 4), (131, 3, 1.0, 1), (27, 3, 1.0, 1), (203, 6, 1.0, 3), (14, 3, 1.0, 3), (96, 6, 1.0, 4), (264, 4, 1.0, 4), (11, 1, 1.0, 2), (9, 3, 1.0, 2), (239, 7, 1.0, 4), (261, 6, 1.0, 3), (30, 4, 1.0, 3), (198, 6, 1.0, 4)]
=: [(771, 9, 1.0, 4), (484, 13, 1.0, 3), (381, 1, 1.0, 1), (184, 5, 1.0, 4), (33, 5, 1.0, 3), (1, 2, 1.0, 2), (208, 4, 1.0, 3), (15, 3, 1.0, 3), (175, 3, 1.0, 4), (471, 7, 1.0, 3), (137, 4, 1.0, 4), (94, 4, 1.0, 3), (302, 5, 1.0, 2), (125, 4, 1.0, 3), (370, 8, 1.0, 3), (29, 3, 1.0, 3), (8, 5, 1.0, 2), (40, 4, 1.0, 4), (131, 3, 1.0, 1), (27, 3, 1.0, 1), (203, 6, 1.0, 3), (14, 3, 1.0, 3), (96, 6, 1.0, 4), (264, 4, 1.0, 4), (11, 1, 1.0, 2), (9, 3, 1.0, 2), (239, 7, 1.0, 4), (261, 6, 1.0, 3), (30, 4, 1.0, 3), (198, 6, 1.0, 4), (71, 4, 1.0, 3)]
=: [(771, 9, 1.0, 4), (484, 13, 1.0, 3), (381, 1, 1.0, 1), (184, 5, 1.0, 4), (33, 5, 1.0, 3), (1, 2, 1.0, 2), (208, 4, 1.0, 3), (15, 3, 1.0, 3), (175, 3, 1.0, 4), (471, 7, 1.0, 3), (137, 4, 1.0, 4), (94, 4, 1.0, 3), (302, 5, 1.0, 2), (125, 4, 1.0, 3), (370, 8, 1.0, 3), (29, 3, 1.0, 3), (8, 5, 1.0, 2), (40, 4, 1.0, 4), (131, 3, 1.0, 1), (27, 3, 1.0, 1), (203, 6, 1.0, 3), (14, 3, 1.0, 3), (96, 6, 1.0, 4), (264, 4, 1.0, 4), (11, 1, 1.0, 2), (9, 3, 1.0, 2), (239, 7, 1.0, 4), (261, 6, 1.0, 3), (30, 4, 1.0, 3), (198, 6, 1.0, 4), (71, 4, 1.0, 3), (303, 4, 1.0, 2)]
=: [(771, 9, 1.0, 4), (484, 13, 1.0, 3), (381, 1, 1.0, 1), (184, 5, 1.0, 4), (33, 5, 1.0, 3), (1, 2, 1.0, 2), (208, 4, 1.0, 3), (15, 3, 1.0, 3), (175, 3, 1.0, 4), (471, 7, 1.0, 3), (137, 4, 1.0, 4), (94, 4, 1.0, 3), (302, 5, 1.0, 2), (125, 4, 1.0, 3), (370, 8, 1.0, 3), (29, 3, 1.0, 3), (8, 5, 1.0, 2), (40, 4, 1.0, 4), (131, 3, 1.0, 1), (27, 3, 1.0, 1), (203, 6, 1.0, 3), (14, 3, 1.0, 3), (96, 6, 1.0, 4), (264, 4, 1.0, 4), (11, 1, 1.0, 2), (9, 3, 1.0, 2), (239, 7, 1.0, 4), (261, 6, 1.0, 3), (30, 4, 1.0, 3), (198, 6, 1.0, 4), (71, 4, 1.0, 3), (303, 4, 1.0, 2), (330, 4, 1.0, 4)]
=: [(771, 9, 1.0, 4), (484, 13, 1.0, 3), (381, 1, 1.0, 1), (184, 5, 1.0, 4), (33, 5, 1.0, 3), (1, 2, 1.0, 2), (208, 4, 1.0, 3), (15, 3, 1.0, 3), (175, 3, 1.0, 4), (471, 7, 1.0, 3), (137, 4, 1.0, 4), (94, 4, 1.0, 3), (302, 5, 1.0, 2), (125, 4, 1.0, 3), (370, 8, 1.0, 3), (29, 3, 1.0, 3), (8, 5, 1.0, 2), (40, 4, 1.0, 4), (131, 3, 1.0, 1), (27, 3, 1.0, 1), (203, 6, 1.0, 3), (14, 3, 1.0, 3), (96, 6, 1.0, 4), (264, 4, 1.0, 4), (11, 1, 1.0, 2), (9, 3, 1.0, 2), (239, 7, 1.0, 4), (261, 6, 1.0, 3), (30, 4, 1.0, 3), (198, 6, 1.0, 4), (71, 4, 1.0, 3), (303, 4, 1.0, 2), (330, 4, 1.0, 4), (51, 4, 1.0, 3)]
=: [(771, 9, 1.0, 4), (484, 13, 1.0, 3), (381, 1, 1.0, 1), (184, 5, 1.0, 4), (33, 5, 1.0, 3), (1, 2, 1.0, 2), (208, 4, 1.0, 3), (15, 3, 1.0, 3), (175, 3, 1.0, 4), (471, 7, 1.0, 3), (137, 4, 1.0, 4), (94, 4, 1.0, 3), (302, 5, 1.0, 2), (125, 4, 1.0, 3), (370, 8, 1.0, 3), (29, 3, 1.0, 3), (8, 5, 1.0, 2), (40, 4, 1.0, 4), (131, 3, 1.0, 1), (27, 3, 1.0, 1), (203, 6, 1.0, 3), (14, 3, 1.0, 3), (96, 6, 1.0, 4), (264, 4, 1.0, 4), (11, 1, 1.0, 2), (9, 3, 1.0, 2), (239, 7, 1.0, 4), (261, 6, 1.0, 3), (30, 4, 1.0, 3), (198, 6, 1.0, 4), (71, 4, 1.0, 3), (303, 4, 1.0, 2), (330, 4, 1.0, 4), (51, 4, 1.0, 3), (93, 3, 1.0, 3)]
=: [(771, 9, 1.0, 4), (484, 13, 1.0, 3), (381, 1, 1.0, 1), (184, 5, 1.0, 4), (33, 5, 1.0, 3), (1, 2, 1.0, 2), (208, 4, 1.0, 3), (15, 3, 1.0, 3), (175, 3, 1.0, 4), (471, 7, 1.0, 3), (137, 4, 1.0, 4), (94, 4, 1.0, 3), (302, 5, 1.0, 2), (125, 4, 1.0, 3), (370, 8, 1.0, 3), (29, 3, 1.0, 3), (8, 5, 1.0, 2), (40, 4, 1.0, 4), (131, 3, 1.0, 1), (27, 3, 1.0, 1), (203, 6, 1.0, 3), (14, 3, 1.0, 3), (96, 6, 1.0, 4), (264, 4, 1.0, 4), (11, 1, 1.0, 2), (9, 3, 1.0, 2), (239, 7, 1.0, 4), (261, 6, 1.0, 3), (30, 4, 1.0, 3), (198, 6, 1.0, 4), (71, 4, 1.0, 3), (303, 4, 1.0, 2), (330, 4, 1.0, 4), (51, 4, 1.0, 3), (93, 3, 1.0, 3), (257, 9, 1.0, 4)]
=: [(771, 9, 1.0, 4), (484, 13, 1.0, 3), (381, 1, 1.0, 1), (184, 5, 1.0, 4), (33, 5, 1.0, 3), (1, 2, 1.0, 2), (208, 4, 1.0, 3), (15, 3, 1.0, 3), (175, 3, 1.0, 4), (471, 7, 1.0, 3), (137, 4, 1.0, 4), (94, 4, 1.0, 3), (302, 5, 1.0, 2), (125, 4, 1.0, 3), (370, 8, 1.0, 3), (29, 3, 1.0, 3), (8, 5, 1.0, 2), (40, 4, 1.0, 4), (131, 3, 1.0, 1), (27, 3, 1.0, 1), (203, 6, 1.0, 3), (14, 3, 1.0, 3), (96, 6, 1.0, 4), (264, 4, 1.0, 4), (11, 1, 1.0, 2), (9, 3, 1.0, 2), (239, 7, 1.0, 4), (261, 6, 1.0, 3), (30, 4, 1.0, 3), (198, 6, 1.0, 4), (71, 4, 1.0, 3), (303, 4, 1.0, 2), (330, 4, 1.0, 4), (51, 4, 1.0, 3), (93, 3, 1.0, 3), (257, 9, 1.0, 4), (149, 8, 1.0, 1)]
=: [(771, 9, 1.0, 4), (484, 13, 1.0, 3), (381, 1, 1.0, 1), (184, 5, 1.0, 4), (33, 5, 1.0, 3), (1, 2, 1.0, 2), (208, 4, 1.0, 3), (15, 3, 1.0, 3), (175, 3, 1.0, 4), (471, 7, 1.0, 3), (137, 4, 1.0, 4), (94, 4, 1.0, 3), (302, 5, 1.0, 2), (125, 4, 1.0, 3), (370, 8, 1.0, 3), (29, 3, 1.0, 3), (8, 5, 1.0, 2), (40, 4, 1.0, 4), (131, 3, 1.0, 1), (27, 3, 1.0, 1), (203, 6, 1.0, 3), (14, 3, 1.0, 3), (96, 6, 1.0, 4), (264, 4, 1.0, 4), (11, 1, 1.0, 2), (9, 3, 1.0, 2), (239, 7, 1.0, 4), (261, 6, 1.0, 3), (30, 4, 1.0, 3), (198, 6, 1.0, 4), (71, 4, 1.0, 3), (303, 4, 1.0, 2), (330, 4, 1.0, 4), (51, 4, 1.0, 3), (93, 3, 1.0, 3), (257, 9, 1.0, 4), (149, 8, 1.0, 1), (48, 3, 1.0, 3)]
=: [(771, 9, 1.0, 4), (484, 13, 1.0, 3), (381, 1, 1.0, 1), (184, 5, 1.0, 4), (33, 5, 1.0, 3), (1, 2, 1.0, 2), (208, 4, 1.0, 3), (15, 3, 1.0, 3), (175, 3, 1.0, 4), (471, 7, 1.0, 3), (137, 4, 1.0, 4), (94, 4, 1.0, 3), (302, 5, 1.0, 2), (125, 4, 1.0, 3), (370, 8, 1.0, 3), (29, 3, 1.0, 3), (8, 5, 1.0, 2), (40, 4, 1.0, 4), (131, 3, 1.0, 1), (27, 3, 1.0, 1), (203, 6, 1.0, 3), (14, 3, 1.0, 3), (96, 6, 1.0, 4), (264, 4, 1.0, 4), (11, 1, 1.0, 2), (9, 3, 1.0, 2), (239, 7, 1.0, 4), (261, 6, 1.0, 3), (30, 4, 1.0, 3), (198, 6, 1.0, 4), (71, 4, 1.0, 3), (303, 4, 1.0, 2), (330, 4, 1.0, 4), (51, 4, 1.0, 3), (93, 3, 1.0, 3), (257, 9, 1.0, 4), (149, 8, 1.0, 1), (48, 3, 1.0, 3), (121, 7, 1.0, 4)]
=: [(771, 9, 1.0, 4), (484, 13, 1.0, 3), (381, 1, 1.0, 1), (184, 5, 1.0, 4), (33, 5, 1.0, 3), (1, 2, 1.0, 2), (208, 4, 1.0, 3), (15, 3, 1.0, 3), (175, 3, 1.0, 4), (471, 7, 1.0, 3), (137, 4, 1.0, 4), (94, 4, 1.0, 3), (302, 5, 1.0, 2), (125, 4, 1.0, 3), (370, 8, 1.0, 3), (29, 3, 1.0, 3), (8, 5, 1.0, 2), (40, 4, 1.0, 4), (131, 3, 1.0, 1), (27, 3, 1.0, 1), (203, 6, 1.0, 3), (14, 3, 1.0, 3), (96, 6, 1.0, 4), (264, 4, 1.0, 4), (11, 1, 1.0, 2), (9, 3, 1.0, 2), (239, 7, 1.0, 4), (261, 6, 1.0, 3), (30, 4, 1.0, 3), (198, 6, 1.0, 4), (71, 4, 1.0, 3), (303, 4, 1.0, 2), (330, 4, 1.0, 4), (51, 4, 1.0, 3), (93, 3, 1.0, 3), (257, 9, 1.0, 4), (149, 8, 1.0, 1), (48, 3, 1.0, 3), (121, 7, 1.0, 4), (211, 5, 1.0, 2)]
=: [(771, 9, 1.0, 4), (484, 13, 1.0, 3), (381, 1, 1.0, 1), (184, 5, 1.0, 4), (33, 5, 1.0, 3), (1, 2, 1.0, 2), (208, 4, 1.0, 3), (15, 3, 1.0, 3), (175, 3, 1.0, 4), (471, 7, 1.0, 3), (137, 4, 1.0, 4), (94, 4, 1.0, 3), (302, 5, 1.0, 2), (125, 4, 1.0, 3), (370, 8, 1.0, 3), (29, 3, 1.0, 3), (8, 5, 1.0, 2), (40, 4, 1.0, 4), (131, 3, 1.0, 1), (27, 3, 1.0, 1), (203, 6, 1.0, 3), (14, 3, 1.0, 3), (96, 6, 1.0, 4), (264, 4, 1.0, 4), (11, 1, 1.0, 2), (9, 3, 1.0, 2), (239, 7, 1.0, 4), (261, 6, 1.0, 3), (30, 4, 1.0, 3), (198, 6, 1.0, 4), (71, 4, 1.0, 3), (303, 4, 1.0, 2), (330, 4, 1.0, 4), (51, 4, 1.0, 3), (93, 3, 1.0, 3), (257, 9, 1.0, 4), (149, 8, 1.0, 1), (48, 3, 1.0, 3), (121, 7, 1.0, 4), (211, 5, 1.0, 2), (1176, 10, 1.0, 4)]
=: [(771, 9, 1.0, 4), (484, 13, 1.0, 3), (381, 1, 1.0, 1), (184, 5, 1.0, 4), (33, 5, 1.0, 3), (1, 2, 1.0, 2), (208, 4, 1.0, 3), (15, 3, 1.0, 3), (175, 3, 1.0, 4), (471, 7, 1.0, 3), (137, 4, 1.0, 4), (94, 4, 1.0, 3), (302, 5, 1.0, 2), (125, 4, 1.0, 3), (370, 8, 1.0, 3), (29, 3, 1.0, 3), (8, 5, 1.0, 2), (40, 4, 1.0, 4), (131, 3, 1.0, 1), (27, 3, 1.0, 1), (203, 6, 1.0, 3), (14, 3, 1.0, 3), (96, 6, 1.0, 4), (264, 4, 1.0, 4), (11, 1, 1.0, 2), (9, 3, 1.0, 2), (239, 7, 1.0, 4), (261, 6, 1.0, 3), (30, 4, 1.0, 3), (198, 6, 1.0, 4), (71, 4, 1.0, 3), (303, 4, 1.0, 2), (330, 4, 1.0, 4), (51, 4, 1.0, 3), (93, 3, 1.0, 3), (257, 9, 1.0, 4), (149, 8, 1.0, 1), (48, 3, 1.0, 3), (121, 7, 1.0, 4), (211, 5, 1.0, 2), (1176, 10, 1.0, 4), (373, 4, 1.0, 3)]
=: [(771, 9, 1.0, 4), (484, 13, 1.0, 3), (381, 1, 1.0, 1), (184, 5, 1.0, 4), (33, 5, 1.0, 3), (1, 2, 1.0, 2), (208, 4, 1.0, 3), (15, 3, 1.0, 3), (175, 3, 1.0, 4), (471, 7, 1.0, 3), (137, 4, 1.0, 4), (94, 4, 1.0, 3), (302, 5, 1.0, 2), (125, 4, 1.0, 3), (370, 8, 1.0, 3), (29, 3, 1.0, 3), (8, 5, 1.0, 2), (40, 4, 1.0, 4), (131, 3, 1.0, 1), (27, 3, 1.0, 1), (203, 6, 1.0, 3), (14, 3, 1.0, 3), (96, 6, 1.0, 4), (264, 4, 1.0, 4), (11, 1, 1.0, 2), (9, 3, 1.0, 2), (239, 7, 1.0, 4), (261, 6, 1.0, 3), (30, 4, 1.0, 3), (198, 6, 1.0, 4), (71, 4, 1.0, 3), (303, 4, 1.0, 2), (330, 4, 1.0, 4), (51, 4, 1.0, 3), (93, 3, 1.0, 3), (257, 9, 1.0, 4), (149, 8, 1.0, 1), (48, 3, 1.0, 3), (121, 7, 1.0, 4), (211, 5, 1.0, 2), (1176, 10, 1.0, 4), (373, 4, 1.0, 3), (115, 3, 1.0, 4)]
=: [(771, 9, 1.0, 4), (484, 13, 1.0, 3), (381, 1, 1.0, 1), (184, 5, 1.0, 4), (33, 5, 1.0, 3), (1, 2, 1.0, 2), (208, 4, 1.0, 3), (15, 3, 1.0, 3), (175, 3, 1.0, 4), (471, 7, 1.0, 3), (137, 4, 1.0, 4), (94, 4, 1.0, 3), (302, 5, 1.0, 2), (125, 4, 1.0, 3), (370, 8, 1.0, 3), (29, 3, 1.0, 3), (8, 5, 1.0, 2), (40, 4, 1.0, 4), (131, 3, 1.0, 1), (27, 3, 1.0, 1), (203, 6, 1.0, 3), (14, 3, 1.0, 3), (96, 6, 1.0, 4), (264, 4, 1.0, 4), (11, 1, 1.0, 2), (9, 3, 1.0, 2), (239, 7, 1.0, 4), (261, 6, 1.0, 3), (30, 4, 1.0, 3), (198, 6, 1.0, 4), (71, 4, 1.0, 3), (303, 4, 1.0, 2), (330, 4, 1.0, 4), (51, 4, 1.0, 3), (93, 3, 1.0, 3), (257, 9, 1.0, 4), (149, 8, 1.0, 1), (48, 3, 1.0, 3), (121, 7, 1.0, 4), (211, 5, 1.0, 2), (1176, 10, 1.0, 4), (373, 4, 1.0, 3), (115, 3, 1.0, 4), (3, 2, 1.0, 4)]
=: [(771, 9, 1.0, 4), (484, 13, 1.0, 3), (381, 1, 1.0, 1), (184, 5, 1.0, 4), (33, 5, 1.0, 3), (1, 2, 1.0, 2), (208, 4, 1.0, 3), (15, 3, 1.0, 3), (175, 3, 1.0, 4), (471, 7, 1.0, 3), (137, 4, 1.0, 4), (94, 4, 1.0, 3), (302, 5, 1.0, 2), (125, 4, 1.0, 3), (370, 8, 1.0, 3), (29, 3, 1.0, 3), (8, 5, 1.0, 2), (40, 4, 1.0, 4), (131, 3, 1.0, 1), (27, 3, 1.0, 1), (203, 6, 1.0, 3), (14, 3, 1.0, 3), (96, 6, 1.0, 4), (264, 4, 1.0, 4), (11, 1, 1.0, 2), (9, 3, 1.0, 2), (239, 7, 1.0, 4), (261, 6, 1.0, 3), (30, 4, 1.0, 3), (198, 6, 1.0, 4), (71, 4, 1.0, 3), (303, 4, 1.0, 2), (330, 4, 1.0, 4), (51, 4, 1.0, 3), (93, 3, 1.0, 3), (257, 9, 1.0, 4), (149, 8, 1.0, 1), (48, 3, 1.0, 3), (121, 7, 1.0, 4), (211, 5, 1.0, 2), (1176, 10, 1.0, 4), (373, 4, 1.0, 3), (115, 3, 1.0, 4), (3, 2, 1.0, 4), (206, 6, 1.0, 3)]
=: [(771, 9, 1.0, 4), (484, 13, 1.0, 3), (381, 1, 1.0, 1), (184, 5, 1.0, 4), (33, 5, 1.0, 3), (1, 2, 1.0, 2), (208, 4, 1.0, 3), (15, 3, 1.0, 3), (175, 3, 1.0, 4), (471, 7, 1.0, 3), (137, 4, 1.0, 4), (94, 4, 1.0, 3), (302, 5, 1.0, 2), (125, 4, 1.0, 3), (370, 8, 1.0, 3), (29, 3, 1.0, 3), (8, 5, 1.0, 2), (40, 4, 1.0, 4), (131, 3, 1.0, 1), (27, 3, 1.0, 1), (203, 6, 1.0, 3), (14, 3, 1.0, 3), (96, 6, 1.0, 4), (264, 4, 1.0, 4), (11, 1, 1.0, 2), (9, 3, 1.0, 2), (239, 7, 1.0, 4), (261, 6, 1.0, 3), (30, 4, 1.0, 3), (198, 6, 1.0, 4), (71, 4, 1.0, 3), (303, 4, 1.0, 2), (330, 4, 1.0, 4), (51, 4, 1.0, 3), (93, 3, 1.0, 3), (257, 9, 1.0, 4), (149, 8, 1.0, 1), (48, 3, 1.0, 3), (121, 7, 1.0, 4), (211, 5, 1.0, 2), (1176, 10, 1.0, 4), (373, 4, 1.0, 3), (115, 3, 1.0, 4), (3, 2, 1.0, 4), (206, 6, 1.0, 3), (101, 7, 1.0, 4)]
=: [(771, 9, 1.0, 4), (484, 13, 1.0, 3), (381, 1, 1.0, 1), (184, 5, 1.0, 4), (33, 5, 1.0, 3), (1, 2, 1.0, 2), (208, 4, 1.0, 3), (15, 3, 1.0, 3), (175, 3, 1.0, 4), (471, 7, 1.0, 3), (137, 4, 1.0, 4), (94, 4, 1.0, 3), (302, 5, 1.0, 2), (125, 4, 1.0, 3), (370, 8, 1.0, 3), (29, 3, 1.0, 3), (8, 5, 1.0, 2), (40, 4, 1.0, 4), (131, 3, 1.0, 1), (27, 3, 1.0, 1), (203, 6, 1.0, 3), (14, 3, 1.0, 3), (96, 6, 1.0, 4), (264, 4, 1.0, 4), (11, 1, 1.0, 2), (9, 3, 1.0, 2), (239, 7, 1.0, 4), (261, 6, 1.0, 3), (30, 4, 1.0, 3), (198, 6, 1.0, 4), (71, 4, 1.0, 3), (303, 4, 1.0, 2), (330, 4, 1.0, 4), (51, 4, 1.0, 3), (93, 3, 1.0, 3), (257, 9, 1.0, 4), (149, 8, 1.0, 1), (48, 3, 1.0, 3), (121, 7, 1.0, 4), (211, 5, 1.0, 2), (1176, 10, 1.0, 4), (373, 4, 1.0, 3), (115, 3, 1.0, 4), (3, 2, 1.0, 4), (206, 6, 1.0, 3), (101, 7, 1.0, 4), (52, 3, 1.0, 3)]
=: [(771, 9, 1.0, 4), (484, 13, 1.0, 3), (381, 1, 1.0, 1), (184, 5, 1.0, 4), (33, 5, 1.0, 3), (1, 2, 1.0, 2), (208, 4, 1.0, 3), (15, 3, 1.0, 3), (175, 3, 1.0, 4), (471, 7, 1.0, 3), (137, 4, 1.0, 4), (94, 4, 1.0, 3), (302, 5, 1.0, 2), (125, 4, 1.0, 3), (370, 8, 1.0, 3), (29, 3, 1.0, 3), (8, 5, 1.0, 2), (40, 4, 1.0, 4), (131, 3, 1.0, 1), (27, 3, 1.0, 1), (203, 6, 1.0, 3), (14, 3, 1.0, 3), (96, 6, 1.0, 4), (264, 4, 1.0, 4), (11, 1, 1.0, 2), (9, 3, 1.0, 2), (239, 7, 1.0, 4), (261, 6, 1.0, 3), (30, 4, 1.0, 3), (198, 6, 1.0, 4), (71, 4, 1.0, 3), (303, 4, 1.0, 2), (330, 4, 1.0, 4), (51, 4, 1.0, 3), (93, 3, 1.0, 3), (257, 9, 1.0, 4), (149, 8, 1.0, 1), (48, 3, 1.0, 3), (121, 7, 1.0, 4), (211, 5, 1.0, 2), (1176, 10, 1.0, 4), (373, 4, 1.0, 3), (115, 3, 1.0, 4), (3, 2, 1.0, 4), (206, 6, 1.0, 3), (101, 7, 1.0, 4), (52, 3, 1.0, 3), (124, 3, 1.0, 3)]
=: [(771, 9, 1.0, 4), (484, 13, 1.0, 3), (381, 1, 1.0, 1), (184, 5, 1.0, 4), (33, 5, 1.0, 3), (1, 2, 1.0, 2), (208, 4, 1.0, 3), (15, 3, 1.0, 3), (175, 3, 1.0, 4), (471, 7, 1.0, 3), (137, 4, 1.0, 4), (94, 4, 1.0, 3), (302, 5, 1.0, 2), (125, 4, 1.0, 3), (370, 8, 1.0, 3), (29, 3, 1.0, 3), (8, 5, 1.0, 2), (40, 4, 1.0, 4), (131, 3, 1.0, 1), (27, 3, 1.0, 1), (203, 6, 1.0, 3), (14, 3, 1.0, 3), (96, 6, 1.0, 4), (264, 4, 1.0, 4), (11, 1, 1.0, 2), (9, 3, 1.0, 2), (239, 7, 1.0, 4), (261, 6, 1.0, 3), (30, 4, 1.0, 3), (198, 6, 1.0, 4), (71, 4, 1.0, 3), (303, 4, 1.0, 2), (330, 4, 1.0, 4), (51, 4, 1.0, 3), (93, 3, 1.0, 3), (257, 9, 1.0, 4), (149, 8, 1.0, 1), (48, 3, 1.0, 3), (121, 7, 1.0, 4), (211, 5, 1.0, 2), (1176, 10, 1.0, 4), (373, 4, 1.0, 3), (115, 3, 1.0, 4), (3, 2, 1.0, 4), (206, 6, 1.0, 3), (101, 7, 1.0, 4), (52, 3, 1.0, 3), (124, 3, 1.0, 3), (217, 4, 1.0, 3)]
=: [(771, 9, 1.0, 4), (484, 13, 1.0, 3), (381, 1, 1.0, 1), (184, 5, 1.0, 4), (33, 5, 1.0, 3), (1, 2, 1.0, 2), (208, 4, 1.0, 3), (15, 3, 1.0, 3), (175, 3, 1.0, 4), (471, 7, 1.0, 3), (137, 4, 1.0, 4), (94, 4, 1.0, 3), (302, 5, 1.0, 2), (125, 4, 1.0, 3), (370, 8, 1.0, 3), (29, 3, 1.0, 3), (8, 5, 1.0, 2), (40, 4, 1.0, 4), (131, 3, 1.0, 1), (27, 3, 1.0, 1), (203, 6, 1.0, 3), (14, 3, 1.0, 3), (96, 6, 1.0, 4), (264, 4, 1.0, 4), (11, 1, 1.0, 2), (9, 3, 1.0, 2), (239, 7, 1.0, 4), (261, 6, 1.0, 3), (30, 4, 1.0, 3), (198, 6, 1.0, 4), (71, 4, 1.0, 3), (303, 4, 1.0, 2), (330, 4, 1.0, 4), (51, 4, 1.0, 3), (93, 3, 1.0, 3), (257, 9, 1.0, 4), (149, 8, 1.0, 1), (48, 3, 1.0, 3), (121, 7, 1.0, 4), (211, 5, 1.0, 2), (1176, 10, 1.0, 4), (373, 4, 1.0, 3), (115, 3, 1.0, 4), (3, 2, 1.0, 4), (206, 6, 1.0, 3), (101, 7, 1.0, 4), (52, 3, 1.0, 3), (124, 3, 1.0, 3), (217, 4, 1.0, 3), (349, 10, 1.0, 3)]
=: [(771, 9, 1.0, 4), (484, 13, 1.0, 3), (381, 1, 1.0, 1), (184, 5, 1.0, 4), (33, 5, 1.0, 3), (1, 2, 1.0, 2), (208, 4, 1.0, 3), (15, 3, 1.0, 3), (175, 3, 1.0, 4), (471, 7, 1.0, 3), (137, 4, 1.0, 4), (94, 4, 1.0, 3), (302, 5, 1.0, 2), (125, 4, 1.0, 3), (370, 8, 1.0, 3), (29, 3, 1.0, 3), (8, 5, 1.0, 2), (40, 4, 1.0, 4), (131, 3, 1.0, 1), (27, 3, 1.0, 1), (203, 6, 1.0, 3), (14, 3, 1.0, 3), (96, 6, 1.0, 4), (264, 4, 1.0, 4), (11, 1, 1.0, 2), (9, 3, 1.0, 2), (239, 7, 1.0, 4), (261, 6, 1.0, 3), (30, 4, 1.0, 3), (198, 6, 1.0, 4), (71, 4, 1.0, 3), (303, 4, 1.0, 2), (330, 4, 1.0, 4), (51, 4, 1.0, 3), (93, 3, 1.0, 3), (257, 9, 1.0, 4), (149, 8, 1.0, 1), (48, 3, 1.0, 3), (121, 7, 1.0, 4), (211, 5, 1.0, 2), (1176, 10, 1.0, 4), (373, 4, 1.0, 3), (115, 3, 1.0, 4), (3, 2, 1.0, 4), (206, 6, 1.0, 3), (101, 7, 1.0, 4), (52, 3, 1.0, 3), (124, 3, 1.0, 3), (217, 4, 1.0, 3), (349, 10, 1.0, 3), (540, 6, 1.0, 4)]
=: [(771, 9, 1.0, 4), (484, 13, 1.0, 3), (381, 1, 1.0, 1), (184, 5, 1.0, 4), (33, 5, 1.0, 3), (1, 2, 1.0, 2), (208, 4, 1.0, 3), (15, 3, 1.0, 3), (175, 3, 1.0, 4), (471, 7, 1.0, 3), (137, 4, 1.0, 4), (94, 4, 1.0, 3), (302, 5, 1.0, 2), (125, 4, 1.0, 3), (370, 8, 1.0, 3), (29, 3, 1.0, 3), (8, 5, 1.0, 2), (40, 4, 1.0, 4), (131, 3, 1.0, 1), (27, 3, 1.0, 1), (203, 6, 1.0, 3), (14, 3, 1.0, 3), (96, 6, 1.0, 4), (264, 4, 1.0, 4), (11, 1, 1.0, 2), (9, 3, 1.0, 2), (239, 7, 1.0, 4), (261, 6, 1.0, 3), (30, 4, 1.0, 3), (198, 6, 1.0, 4), (71, 4, 1.0, 3), (303, 4, 1.0, 2), (330, 4, 1.0, 4), (51, 4, 1.0, 3), (93, 3, 1.0, 3), (257, 9, 1.0, 4), (149, 8, 1.0, 1), (48, 3, 1.0, 3), (121, 7, 1.0, 4), (211, 5, 1.0, 2), (1176, 10, 1.0, 4), (373, 4, 1.0, 3), (115, 3, 1.0, 4), (3, 2, 1.0, 4), (206, 6, 1.0, 3), (101, 7, 1.0, 4), (52, 3, 1.0, 3), (124, 3, 1.0, 3), (217, 4, 1.0, 3), (349, 10, 1.0, 3), (540, 6, 1.0, 4), (10, 2, 1.0, 2)]
=: [(771, 9, 1.0, 4), (484, 13, 1.0, 3), (381, 1, 1.0, 1), (184, 5, 1.0, 4), (33, 5, 1.0, 3), (1, 2, 1.0, 2), (208, 4, 1.0, 3), (15, 3, 1.0, 3), (175, 3, 1.0, 4), (471, 7, 1.0, 3), (137, 4, 1.0, 4), (94, 4, 1.0, 3), (302, 5, 1.0, 2), (125, 4, 1.0, 3), (370, 8, 1.0, 3), (29, 3, 1.0, 3), (8, 5, 1.0, 2), (40, 4, 1.0, 4), (131, 3, 1.0, 1), (27, 3, 1.0, 1), (203, 6, 1.0, 3), (14, 3, 1.0, 3), (96, 6, 1.0, 4), (264, 4, 1.0, 4), (11, 1, 1.0, 2), (9, 3, 1.0, 2), (239, 7, 1.0, 4), (261, 6, 1.0, 3), (30, 4, 1.0, 3), (198, 6, 1.0, 4), (71, 4, 1.0, 3), (303, 4, 1.0, 2), (330, 4, 1.0, 4), (51, 4, 1.0, 3), (93, 3, 1.0, 3), (257, 9, 1.0, 4), (149, 8, 1.0, 1), (48, 3, 1.0, 3), (121, 7, 1.0, 4), (211, 5, 1.0, 2), (1176, 10, 1.0, 4), (373, 4, 1.0, 3), (115, 3, 1.0, 4), (3, 2, 1.0, 4), (206, 6, 1.0, 3), (101, 7, 1.0, 4), (52, 3, 1.0, 3), (124, 3, 1.0, 3), (217, 4, 1.0, 3), (349, 10, 1.0, 3), (540, 6, 1.0, 4), (10, 2, 1.0, 2), (35, 4, 1.0, 3)]
=: [(771, 9, 1.0, 4), (484, 13, 1.0, 3), (381, 1, 1.0, 1), (184, 5, 1.0, 4), (33, 5, 1.0, 3), (1, 2, 1.0, 2), (208, 4, 1.0, 3), (15, 3, 1.0, 3), (175, 3, 1.0, 4), (471, 7, 1.0, 3), (137, 4, 1.0, 4), (94, 4, 1.0, 3), (302, 5, 1.0, 2), (125, 4, 1.0, 3), (370, 8, 1.0, 3), (29, 3, 1.0, 3), (8, 5, 1.0, 2), (40, 4, 1.0, 4), (131, 3, 1.0, 1), (27, 3, 1.0, 1), (203, 6, 1.0, 3), (14, 3, 1.0, 3), (96, 6, 1.0, 4), (264, 4, 1.0, 4), (11, 1, 1.0, 2), (9, 3, 1.0, 2), (239, 7, 1.0, 4), (261, 6, 1.0, 3), (30, 4, 1.0, 3), (198, 6, 1.0, 4), (71, 4, 1.0, 3), (303, 4, 1.0, 2), (330, 4, 1.0, 4), (51, 4, 1.0, 3), (93, 3, 1.0, 3), (257, 9, 1.0, 4), (149, 8, 1.0, 1), (48, 3, 1.0, 3), (121, 7, 1.0, 4), (211, 5, 1.0, 2), (1176, 10, 1.0, 4), (373, 4, 1.0, 3), (115, 3, 1.0, 4), (3, 2, 1.0, 4), (206, 6, 1.0, 3), (101, 7, 1.0, 4), (52, 3, 1.0, 3), (124, 3, 1.0, 3), (217, 4, 1.0, 3), (349, 10, 1.0, 3), (540, 6, 1.0, 4), (10, 2, 1.0, 2), (35, 4, 1.0, 3), (1511, 14, 1.0, 4)]
=: [(771, 9, 1.0, 4), (484, 13, 1.0, 3), (381, 1, 1.0, 1), (184, 5, 1.0, 4), (33, 5, 1.0, 3), (1, 2, 1.0, 2), (208, 4, 1.0, 3), (15, 3, 1.0, 3), (175, 3, 1.0, 4), (471, 7, 1.0, 3), (137, 4, 1.0, 4), (94, 4, 1.0, 3), (302, 5, 1.0, 2), (125, 4, 1.0, 3), (370, 8, 1.0, 3), (29, 3, 1.0, 3), (8, 5, 1.0, 2), (40, 4, 1.0, 4), (131, 3, 1.0, 1), (27, 3, 1.0, 1), (203, 6, 1.0, 3), (14, 3, 1.0, 3), (96, 6, 1.0, 4), (264, 4, 1.0, 4), (11, 1, 1.0, 2), (9, 3, 1.0, 2), (239, 7, 1.0, 4), (261, 6, 1.0, 3), (30, 4, 1.0, 3), (198, 6, 1.0, 4), (71, 4, 1.0, 3), (303, 4, 1.0, 2), (330, 4, 1.0, 4), (51, 4, 1.0, 3), (93, 3, 1.0, 3), (257, 9, 1.0, 4), (149, 8, 1.0, 1), (48, 3, 1.0, 3), (121, 7, 1.0, 4), (211, 5, 1.0, 2), (1176, 10, 1.0, 4), (373, 4, 1.0, 3), (115, 3, 1.0, 4), (3, 2, 1.0, 4), (206, 6, 1.0, 3), (101, 7, 1.0, 4), (52, 3, 1.0, 3), (124, 3, 1.0, 3), (217, 4, 1.0, 3), (349, 10, 1.0, 3), (540, 6, 1.0, 4), (10, 2, 1.0, 2), (35, 4, 1.0, 3), (1511, 14, 1.0, 4), (103, 5, 1.0, 4)]
=: [(771, 9, 1.0, 4), (484, 13, 1.0, 3), (381, 1, 1.0, 1), (184, 5, 1.0, 4), (33, 5, 1.0, 3), (1, 2, 1.0, 2), (208, 4, 1.0, 3), (15, 3, 1.0, 3), (175, 3, 1.0, 4), (471, 7, 1.0, 3), (137, 4, 1.0, 4), (94, 4, 1.0, 3), (302, 5, 1.0, 2), (125, 4, 1.0, 3), (370, 8, 1.0, 3), (29, 3, 1.0, 3), (8, 5, 1.0, 2), (40, 4, 1.0, 4), (131, 3, 1.0, 1), (27, 3, 1.0, 1), (203, 6, 1.0, 3), (14, 3, 1.0, 3), (96, 6, 1.0, 4), (264, 4, 1.0, 4), (11, 1, 1.0, 2), (9, 3, 1.0, 2), (239, 7, 1.0, 4), (261, 6, 1.0, 3), (30, 4, 1.0, 3), (198, 6, 1.0, 4), (71, 4, 1.0, 3), (303, 4, 1.0, 2), (330, 4, 1.0, 4), (51, 4, 1.0, 3), (93, 3, 1.0, 3), (257, 9, 1.0, 4), (149, 8, 1.0, 1), (48, 3, 1.0, 3), (121, 7, 1.0, 4), (211, 5, 1.0, 2), (1176, 10, 1.0, 4), (373, 4, 1.0, 3), (115, 3, 1.0, 4), (3, 2, 1.0, 4), (206, 6, 1.0, 3), (101, 7, 1.0, 4), (52, 3, 1.0, 3), (124, 3, 1.0, 3), (217, 4, 1.0, 3), (349, 10, 1.0, 3), (540, 6, 1.0, 4), (10, 2, 1.0, 2), (35, 4, 1.0, 3), (1511, 14, 1.0, 4), (103, 5, 1.0, 4), (181, 7, 1.0, 3)]
=: [(771, 9, 1.0, 4), (484, 13, 1.0, 3), (381, 1, 1.0, 1), (184, 5, 1.0, 4), (33, 5, 1.0, 3), (1, 2, 1.0, 2), (208, 4, 1.0, 3), (15, 3, 1.0, 3), (175, 3, 1.0, 4), (471, 7, 1.0, 3), (137, 4, 1.0, 4), (94, 4, 1.0, 3), (302, 5, 1.0, 2), (125, 4, 1.0, 3), (370, 8, 1.0, 3), (29, 3, 1.0, 3), (8, 5, 1.0, 2), (40, 4, 1.0, 4), (131, 3, 1.0, 1), (27, 3, 1.0, 1), (203, 6, 1.0, 3), (14, 3, 1.0, 3), (96, 6, 1.0, 4), (264, 4, 1.0, 4), (11, 1, 1.0, 2), (9, 3, 1.0, 2), (239, 7, 1.0, 4), (261, 6, 1.0, 3), (30, 4, 1.0, 3), (198, 6, 1.0, 4), (71, 4, 1.0, 3), (303, 4, 1.0, 2), (330, 4, 1.0, 4), (51, 4, 1.0, 3), (93, 3, 1.0, 3), (257, 9, 1.0, 4), (149, 8, 1.0, 1), (48, 3, 1.0, 3), (121, 7, 1.0, 4), (211, 5, 1.0, 2), (1176, 10, 1.0, 4), (373, 4, 1.0, 3), (115, 3, 1.0, 4), (3, 2, 1.0, 4), (206, 6, 1.0, 3), (101, 7, 1.0, 4), (52, 3, 1.0, 3), (124, 3, 1.0, 3), (217, 4, 1.0, 3), (349, 10, 1.0, 3), (540, 6, 1.0, 4), (10, 2, 1.0, 2), (35, 4, 1.0, 3), (1511, 14, 1.0, 4), (103, 5, 1.0, 4), (181, 7, 1.0, 3), (45, 3, 1.0, 3)]
=: [(771, 9, 1.0, 4), (484, 13, 1.0, 3), (381, 1, 1.0, 1), (184, 5, 1.0, 4), (33, 5, 1.0, 3), (1, 2, 1.0, 2), (208, 4, 1.0, 3), (15, 3, 1.0, 3), (175, 3, 1.0, 4), (471, 7, 1.0, 3), (137, 4, 1.0, 4), (94, 4, 1.0, 3), (302, 5, 1.0, 2), (125, 4, 1.0, 3), (370, 8, 1.0, 3), (29, 3, 1.0, 3), (8, 5, 1.0, 2), (40, 4, 1.0, 4), (131, 3, 1.0, 1), (27, 3, 1.0, 1), (203, 6, 1.0, 3), (14, 3, 1.0, 3), (96, 6, 1.0, 4), (264, 4, 1.0, 4), (11, 1, 1.0, 2), (9, 3, 1.0, 2), (239, 7, 1.0, 4), (261, 6, 1.0, 3), (30, 4, 1.0, 3), (198, 6, 1.0, 4), (71, 4, 1.0, 3), (303, 4, 1.0, 2), (330, 4, 1.0, 4), (51, 4, 1.0, 3), (93, 3, 1.0, 3), (257, 9, 1.0, 4), (149, 8, 1.0, 1), (48, 3, 1.0, 3), (121, 7, 1.0, 4), (211, 5, 1.0, 2), (1176, 10, 1.0, 4), (373, 4, 1.0, 3), (115, 3, 1.0, 4), (3, 2, 1.0, 4), (206, 6, 1.0, 3), (101, 7, 1.0, 4), (52, 3, 1.0, 3), (124, 3, 1.0, 3), (217, 4, 1.0, 3), (349, 10, 1.0, 3), (540, 6, 1.0, 4), (10, 2, 1.0, 2), (35, 4, 1.0, 3), (1511, 14, 1.0, 4), (103, 5, 1.0, 4), (181, 7, 1.0, 3), (45, 3, 1.0, 3), (87, 5, 1.0, 4)]
=: [(771, 9, 1.0, 4), (484, 13, 1.0, 3), (381, 1, 1.0, 1), (184, 5, 1.0, 4), (33, 5, 1.0, 3), (1, 2, 1.0, 2), (208, 4, 1.0, 3), (15, 3, 1.0, 3), (175, 3, 1.0, 4), (471, 7, 1.0, 3), (137, 4, 1.0, 4), (94, 4, 1.0, 3), (302, 5, 1.0, 2), (125, 4, 1.0, 3), (370, 8, 1.0, 3), (29, 3, 1.0, 3), (8, 5, 1.0, 2), (40, 4, 1.0, 4), (131, 3, 1.0, 1), (27, 3, 1.0, 1), (203, 6, 1.0, 3), (14, 3, 1.0, 3), (96, 6, 1.0, 4), (264, 4, 1.0, 4), (11, 1, 1.0, 2), (9, 3, 1.0, 2), (239, 7, 1.0, 4), (261, 6, 1.0, 3), (30, 4, 1.0, 3), (198, 6, 1.0, 4), (71, 4, 1.0, 3), (303, 4, 1.0, 2), (330, 4, 1.0, 4), (51, 4, 1.0, 3), (93, 3, 1.0, 3), (257, 9, 1.0, 4), (149, 8, 1.0, 1), (48, 3, 1.0, 3), (121, 7, 1.0, 4), (211, 5, 1.0, 2), (1176, 10, 1.0, 4), (373, 4, 1.0, 3), (115, 3, 1.0, 4), (3, 2, 1.0, 4), (206, 6, 1.0, 3), (101, 7, 1.0, 4), (52, 3, 1.0, 3), (124, 3, 1.0, 3), (217, 4, 1.0, 3), (349, 10, 1.0, 3), (540, 6, 1.0, 4), (10, 2, 1.0, 2), (35, 4, 1.0, 3), (1511, 14, 1.0, 4), (103, 5, 1.0, 4), (181, 7, 1.0, 3), (45, 3, 1.0, 3), (87, 5, 1.0, 4), (2068, 7, 1.0, 4)]
=: [(771, 9, 1.0, 4), (484, 13, 1.0, 3), (381, 1, 1.0, 1), (184, 5, 1.0, 4), (33, 5, 1.0, 3), (1, 2, 1.0, 2), (208, 4, 1.0, 3), (15, 3, 1.0, 3), (175, 3, 1.0, 4), (471, 7, 1.0, 3), (137, 4, 1.0, 4), (94, 4, 1.0, 3), (302, 5, 1.0, 2), (125, 4, 1.0, 3), (370, 8, 1.0, 3), (29, 3, 1.0, 3), (8, 5, 1.0, 2), (40, 4, 1.0, 4), (131, 3, 1.0, 1), (27, 3, 1.0, 1), (203, 6, 1.0, 3), (14, 3, 1.0, 3), (96, 6, 1.0, 4), (264, 4, 1.0, 4), (11, 1, 1.0, 2), (9, 3, 1.0, 2), (239, 7, 1.0, 4), (261, 6, 1.0, 3), (30, 4, 1.0, 3), (198, 6, 1.0, 4), (71, 4, 1.0, 3), (303, 4, 1.0, 2), (330, 4, 1.0, 4), (51, 4, 1.0, 3), (93, 3, 1.0, 3), (257, 9, 1.0, 4), (149, 8, 1.0, 1), (48, 3, 1.0, 3), (121, 7, 1.0, 4), (211, 5, 1.0, 2), (1176, 10, 1.0, 4), (373, 4, 1.0, 3), (115, 3, 1.0, 4), (3, 2, 1.0, 4), (206, 6, 1.0, 3), (101, 7, 1.0, 4), (52, 3, 1.0, 3), (124, 3, 1.0, 3), (217, 4, 1.0, 3), (349, 10, 1.0, 3), (540, 6, 1.0, 4), (10, 2, 1.0, 2), (35, 4, 1.0, 3), (1511, 14, 1.0, 4), (103, 5, 1.0, 4), (181, 7, 1.0, 3), (45, 3, 1.0, 3), (87, 5, 1.0, 4), (2068, 7, 1.0, 4), (122, 6, 1.0, 4)]
=: [(771, 9, 1.0, 4), (484, 13, 1.0, 3), (381, 1, 1.0, 1), (184, 5, 1.0, 4), (33, 5, 1.0, 3), (1, 2, 1.0, 2), (208, 4, 1.0, 3), (15, 3, 1.0, 3), (175, 3, 1.0, 4), (471, 7, 1.0, 3), (137, 4, 1.0, 4), (94, 4, 1.0, 3), (302, 5, 1.0, 2), (125, 4, 1.0, 3), (370, 8, 1.0, 3), (29, 3, 1.0, 3), (8, 5, 1.0, 2), (40, 4, 1.0, 4), (131, 3, 1.0, 1), (27, 3, 1.0, 1), (203, 6, 1.0, 3), (14, 3, 1.0, 3), (96, 6, 1.0, 4), (264, 4, 1.0, 4), (11, 1, 1.0, 2), (9, 3, 1.0, 2), (239, 7, 1.0, 4), (261, 6, 1.0, 3), (30, 4, 1.0, 3), (198, 6, 1.0, 4), (71, 4, 1.0, 3), (303, 4, 1.0, 2), (330, 4, 1.0, 4), (51, 4, 1.0, 3), (93, 3, 1.0, 3), (257, 9, 1.0, 4), (149, 8, 1.0, 1), (48, 3, 1.0, 3), (121, 7, 1.0, 4), (211, 5, 1.0, 2), (1176, 10, 1.0, 4), (373, 4, 1.0, 3), (115, 3, 1.0, 4), (3, 2, 1.0, 4), (206, 6, 1.0, 3), (101, 7, 1.0, 4), (52, 3, 1.0, 3), (124, 3, 1.0, 3), (217, 4, 1.0, 3), (349, 10, 1.0, 3), (540, 6, 1.0, 4), (10, 2, 1.0, 2), (35, 4, 1.0, 3), (1511, 14, 1.0, 4), (103, 5, 1.0, 4), (181, 7, 1.0, 3), (45, 3, 1.0, 3), (87, 5, 1.0, 4), (2068, 7, 1.0, 4), (122, 6, 1.0, 4), (54, 3, 1.0, 1)]
=: [(771, 9, 1.0, 4), (484, 13, 1.0, 3), (381, 1, 1.0, 1), (184, 5, 1.0, 4), (33, 5, 1.0, 3), (1, 2, 1.0, 2), (208, 4, 1.0, 3), (15, 3, 1.0, 3), (175, 3, 1.0, 4), (471, 7, 1.0, 3), (137, 4, 1.0, 4), (94, 4, 1.0, 3), (302, 5, 1.0, 2), (125, 4, 1.0, 3), (370, 8, 1.0, 3), (29, 3, 1.0, 3), (8, 5, 1.0, 2), (40, 4, 1.0, 4), (131, 3, 1.0, 1), (27, 3, 1.0, 1), (203, 6, 1.0, 3), (14, 3, 1.0, 3), (96, 6, 1.0, 4), (264, 4, 1.0, 4), (11, 1, 1.0, 2), (9, 3, 1.0, 2), (239, 7, 1.0, 4), (261, 6, 1.0, 3), (30, 4, 1.0, 3), (198, 6, 1.0, 4), (71, 4, 1.0, 3), (303, 4, 1.0, 2), (330, 4, 1.0, 4), (51, 4, 1.0, 3), (93, 3, 1.0, 3), (257, 9, 1.0, 4), (149, 8, 1.0, 1), (48, 3, 1.0, 3), (121, 7, 1.0, 4), (211, 5, 1.0, 2), (1176, 10, 1.0, 4), (373, 4, 1.0, 3), (115, 3, 1.0, 4), (3, 2, 1.0, 4), (206, 6, 1.0, 3), (101, 7, 1.0, 4), (52, 3, 1.0, 3), (124, 3, 1.0, 3), (217, 4, 1.0, 3), (349, 10, 1.0, 3), (540, 6, 1.0, 4), (10, 2, 1.0, 2), (35, 4, 1.0, 3), (1511, 14, 1.0, 4), (103, 5, 1.0, 4), (181, 7, 1.0, 3), (45, 3, 1.0, 3), (87, 5, 1.0, 4), (2068, 7, 1.0, 4), (122, 6, 1.0, 4), (54, 3, 1.0, 1), (233, 8, 1.0, 4)]
=: [(771, 9, 1.0, 4), (484, 13, 1.0, 3), (381, 1, 1.0, 1), (184, 5, 1.0, 4), (33, 5, 1.0, 3), (1, 2, 1.0, 2), (208, 4, 1.0, 3), (15, 3, 1.0, 3), (175, 3, 1.0, 4), (471, 7, 1.0, 3), (137, 4, 1.0, 4), (94, 4, 1.0, 3), (302, 5, 1.0, 2), (125, 4, 1.0, 3), (370, 8, 1.0, 3), (29, 3, 1.0, 3), (8, 5, 1.0, 2), (40, 4, 1.0, 4), (131, 3, 1.0, 1), (27, 3, 1.0, 1), (203, 6, 1.0, 3), (14, 3, 1.0, 3), (96, 6, 1.0, 4), (264, 4, 1.0, 4), (11, 1, 1.0, 2), (9, 3, 1.0, 2), (239, 7, 1.0, 4), (261, 6, 1.0, 3), (30, 4, 1.0, 3), (198, 6, 1.0, 4), (71, 4, 1.0, 3), (303, 4, 1.0, 2), (330, 4, 1.0, 4), (51, 4, 1.0, 3), (93, 3, 1.0, 3), (257, 9, 1.0, 4), (149, 8, 1.0, 1), (48, 3, 1.0, 3), (121, 7, 1.0, 4), (211, 5, 1.0, 2), (1176, 10, 1.0, 4), (373, 4, 1.0, 3), (115, 3, 1.0, 4), (3, 2, 1.0, 4), (206, 6, 1.0, 3), (101, 7, 1.0, 4), (52, 3, 1.0, 3), (124, 3, 1.0, 3), (217, 4, 1.0, 3), (349, 10, 1.0, 3), (540, 6, 1.0, 4), (10, 2, 1.0, 2), (35, 4, 1.0, 3), (1511, 14, 1.0, 4), (103, 5, 1.0, 4), (181, 7, 1.0, 3), (45, 3, 1.0, 3), (87, 5, 1.0, 4), (2068, 7, 1.0, 4), (122, 6, 1.0, 4), (54, 3, 1.0, 1), (233, 8, 1.0, 4), (168, 7, 1.0, 4)]
=: [(771, 9, 1.0, 4), (484, 13, 1.0, 3), (381, 1, 1.0, 1), (184, 5, 1.0, 4), (33, 5, 1.0, 3), (1, 2, 1.0, 2), (208, 4, 1.0, 3), (15, 3, 1.0, 3), (175, 3, 1.0, 4), (471, 7, 1.0, 3), (137, 4, 1.0, 4), (94, 4, 1.0, 3), (302, 5, 1.0, 2), (125, 4, 1.0, 3), (370, 8, 1.0, 3), (29, 3, 1.0, 3), (8, 5, 1.0, 2), (40, 4, 1.0, 4), (131, 3, 1.0, 1), (27, 3, 1.0, 1), (203, 6, 1.0, 3), (14, 3, 1.0, 3), (96, 6, 1.0, 4), (264, 4, 1.0, 4), (11, 1, 1.0, 2), (9, 3, 1.0, 2), (239, 7, 1.0, 4), (261, 6, 1.0, 3), (30, 4, 1.0, 3), (198, 6, 1.0, 4), (71, 4, 1.0, 3), (303, 4, 1.0, 2), (330, 4, 1.0, 4), (51, 4, 1.0, 3), (93, 3, 1.0, 3), (257, 9, 1.0, 4), (149, 8, 1.0, 1), (48, 3, 1.0, 3), (121, 7, 1.0, 4), (211, 5, 1.0, 2), (1176, 10, 1.0, 4), (373, 4, 1.0, 3), (115, 3, 1.0, 4), (3, 2, 1.0, 4), (206, 6, 1.0, 3), (101, 7, 1.0, 4), (52, 3, 1.0, 3), (124, 3, 1.0, 3), (217, 4, 1.0, 3), (349, 10, 1.0, 3), (540, 6, 1.0, 4), (10, 2, 1.0, 2), (35, 4, 1.0, 3), (1511, 14, 1.0, 4), (103, 5, 1.0, 4), (181, 7, 1.0, 3), (45, 3, 1.0, 3), (87, 5, 1.0, 4), (2068, 7, 1.0, 4), (122, 6, 1.0, 4), (54, 3, 1.0, 1), (233, 8, 1.0, 4), (168, 7, 1.0, 4), (375, 7, 1.0, 2)]
=: [(771, 9, 1.0, 4), (484, 13, 1.0, 3), (381, 1, 1.0, 1), (184, 5, 1.0, 4), (33, 5, 1.0, 3), (1, 2, 1.0, 2), (208, 4, 1.0, 3), (15, 3, 1.0, 3), (175, 3, 1.0, 4), (471, 7, 1.0, 3), (137, 4, 1.0, 4), (94, 4, 1.0, 3), (302, 5, 1.0, 2), (125, 4, 1.0, 3), (370, 8, 1.0, 3), (29, 3, 1.0, 3), (8, 5, 1.0, 2), (40, 4, 1.0, 4), (131, 3, 1.0, 1), (27, 3, 1.0, 1), (203, 6, 1.0, 3), (14, 3, 1.0, 3), (96, 6, 1.0, 4), (264, 4, 1.0, 4), (11, 1, 1.0, 2), (9, 3, 1.0, 2), (239, 7, 1.0, 4), (261, 6, 1.0, 3), (30, 4, 1.0, 3), (198, 6, 1.0, 4), (71, 4, 1.0, 3), (303, 4, 1.0, 2), (330, 4, 1.0, 4), (51, 4, 1.0, 3), (93, 3, 1.0, 3), (257, 9, 1.0, 4), (149, 8, 1.0, 1), (48, 3, 1.0, 3), (121, 7, 1.0, 4), (211, 5, 1.0, 2), (1176, 10, 1.0, 4), (373, 4, 1.0, 3), (115, 3, 1.0, 4), (3, 2, 1.0, 4), (206, 6, 1.0, 3), (101, 7, 1.0, 4), (52, 3, 1.0, 3), (124, 3, 1.0, 3), (217, 4, 1.0, 3), (349, 10, 1.0, 3), (540, 6, 1.0, 4), (10, 2, 1.0, 2), (35, 4, 1.0, 3), (1511, 14, 1.0, 4), (103, 5, 1.0, 4), (181, 7, 1.0, 3), (45, 3, 1.0, 3), (87, 5, 1.0, 4), (2068, 7, 1.0, 4), (122, 6, 1.0, 4), (54, 3, 1.0, 1), (233, 8, 1.0, 4), (168, 7, 1.0, 4), (375, 7, 1.0, 2), (328, 6, 1.0, 3)]
=: [(771, 9, 1.0, 4), (484, 13, 1.0, 3), (381, 1, 1.0, 1), (184, 5, 1.0, 4), (33, 5, 1.0, 3), (1, 2, 1.0, 2), (208, 4, 1.0, 3), (15, 3, 1.0, 3), (175, 3, 1.0, 4), (471, 7, 1.0, 3), (137, 4, 1.0, 4), (94, 4, 1.0, 3), (302, 5, 1.0, 2), (125, 4, 1.0, 3), (370, 8, 1.0, 3), (29, 3, 1.0, 3), (8, 5, 1.0, 2), (40, 4, 1.0, 4), (131, 3, 1.0, 1), (27, 3, 1.0, 1), (203, 6, 1.0, 3), (14, 3, 1.0, 3), (96, 6, 1.0, 4), (264, 4, 1.0, 4), (11, 1, 1.0, 2), (9, 3, 1.0, 2), (239, 7, 1.0, 4), (261, 6, 1.0, 3), (30, 4, 1.0, 3), (198, 6, 1.0, 4), (71, 4, 1.0, 3), (303, 4, 1.0, 2), (330, 4, 1.0, 4), (51, 4, 1.0, 3), (93, 3, 1.0, 3), (257, 9, 1.0, 4), (149, 8, 1.0, 1), (48, 3, 1.0, 3), (121, 7, 1.0, 4), (211, 5, 1.0, 2), (1176, 10, 1.0, 4), (373, 4, 1.0, 3), (115, 3, 1.0, 4), (3, 2, 1.0, 4), (206, 6, 1.0, 3), (101, 7, 1.0, 4), (52, 3, 1.0, 3), (124, 3, 1.0, 3), (217, 4, 1.0, 3), (349, 10, 1.0, 3), (540, 6, 1.0, 4), (10, 2, 1.0, 2), (35, 4, 1.0, 3), (1511, 14, 1.0, 4), (103, 5, 1.0, 4), (181, 7, 1.0, 3), (45, 3, 1.0, 3), (87, 5, 1.0, 4), (2068, 7, 1.0, 4), (122, 6, 1.0, 4), (54, 3, 1.0, 1), (233, 8, 1.0, 4), (168, 7, 1.0, 4), (375, 7, 1.0, 2), (328, 6, 1.0, 3), (888, 6, 1.0, 4)]
=: [(771, 9, 1.0, 4), (484, 13, 1.0, 3), (381, 1, 1.0, 1), (184, 5, 1.0, 4), (33, 5, 1.0, 3), (1, 2, 1.0, 2), (208, 4, 1.0, 3), (15, 3, 1.0, 3), (175, 3, 1.0, 4), (471, 7, 1.0, 3), (137, 4, 1.0, 4), (94, 4, 1.0, 3), (302, 5, 1.0, 2), (125, 4, 1.0, 3), (370, 8, 1.0, 3), (29, 3, 1.0, 3), (8, 5, 1.0, 2), (40, 4, 1.0, 4), (131, 3, 1.0, 1), (27, 3, 1.0, 1), (203, 6, 1.0, 3), (14, 3, 1.0, 3), (96, 6, 1.0, 4), (264, 4, 1.0, 4), (11, 1, 1.0, 2), (9, 3, 1.0, 2), (239, 7, 1.0, 4), (261, 6, 1.0, 3), (30, 4, 1.0, 3), (198, 6, 1.0, 4), (71, 4, 1.0, 3), (303, 4, 1.0, 2), (330, 4, 1.0, 4), (51, 4, 1.0, 3), (93, 3, 1.0, 3), (257, 9, 1.0, 4), (149, 8, 1.0, 1), (48, 3, 1.0, 3), (121, 7, 1.0, 4), (211, 5, 1.0, 2), (1176, 10, 1.0, 4), (373, 4, 1.0, 3), (115, 3, 1.0, 4), (3, 2, 1.0, 4), (206, 6, 1.0, 3), (101, 7, 1.0, 4), (52, 3, 1.0, 3), (124, 3, 1.0, 3), (217, 4, 1.0, 3), (349, 10, 1.0, 3), (540, 6, 1.0, 4), (10, 2, 1.0, 2), (35, 4, 1.0, 3), (1511, 14, 1.0, 4), (103, 5, 1.0, 4), (181, 7, 1.0, 3), (45, 3, 1.0, 3), (87, 5, 1.0, 4), (2068, 7, 1.0, 4), (122, 6, 1.0, 4), (54, 3, 1.0, 1), (233, 8, 1.0, 4), (168, 7, 1.0, 4), (375, 7, 1.0, 2), (328, 6, 1.0, 3), (888, 6, 1.0, 4), (50, 3, 1.0, 3)]
=: [(771, 9, 1.0, 4), (484, 13, 1.0, 3), (381, 1, 1.0, 1), (184, 5, 1.0, 4), (33, 5, 1.0, 3), (1, 2, 1.0, 2), (208, 4, 1.0, 3), (15, 3, 1.0, 3), (175, 3, 1.0, 4), (471, 7, 1.0, 3), (137, 4, 1.0, 4), (94, 4, 1.0, 3), (302, 5, 1.0, 2), (125, 4, 1.0, 3), (370, 8, 1.0, 3), (29, 3, 1.0, 3), (8, 5, 1.0, 2), (40, 4, 1.0, 4), (131, 3, 1.0, 1), (27, 3, 1.0, 1), (203, 6, 1.0, 3), (14, 3, 1.0, 3), (96, 6, 1.0, 4), (264, 4, 1.0, 4), (11, 1, 1.0, 2), (9, 3, 1.0, 2), (239, 7, 1.0, 4), (261, 6, 1.0, 3), (30, 4, 1.0, 3), (198, 6, 1.0, 4), (71, 4, 1.0, 3), (303, 4, 1.0, 2), (330, 4, 1.0, 4), (51, 4, 1.0, 3), (93, 3, 1.0, 3), (257, 9, 1.0, 4), (149, 8, 1.0, 1), (48, 3, 1.0, 3), (121, 7, 1.0, 4), (211, 5, 1.0, 2), (1176, 10, 1.0, 4), (373, 4, 1.0, 3), (115, 3, 1.0, 4), (3, 2, 1.0, 4), (206, 6, 1.0, 3), (101, 7, 1.0, 4), (52, 3, 1.0, 3), (124, 3, 1.0, 3), (217, 4, 1.0, 3), (349, 10, 1.0, 3), (540, 6, 1.0, 4), (10, 2, 1.0, 2), (35, 4, 1.0, 3), (1511, 14, 1.0, 4), (103, 5, 1.0, 4), (181, 7, 1.0, 3), (45, 3, 1.0, 3), (87, 5, 1.0, 4), (2068, 7, 1.0, 4), (122, 6, 1.0, 4), (54, 3, 1.0, 1), (233, 8, 1.0, 4), (168, 7, 1.0, 4), (375, 7, 1.0, 2), (328, 6, 1.0, 3), (888, 6, 1.0, 4), (50, 3, 1.0, 3), (380, 2, 1.0, 1)]
=: [(771, 9, 1.0, 4), (484, 13, 1.0, 3), (381, 1, 1.0, 1), (184, 5, 1.0, 4), (33, 5, 1.0, 3), (1, 2, 1.0, 2), (208, 4, 1.0, 3), (15, 3, 1.0, 3), (175, 3, 1.0, 4), (471, 7, 1.0, 3), (137, 4, 1.0, 4), (94, 4, 1.0, 3), (302, 5, 1.0, 2), (125, 4, 1.0, 3), (370, 8, 1.0, 3), (29, 3, 1.0, 3), (8, 5, 1.0, 2), (40, 4, 1.0, 4), (131, 3, 1.0, 1), (27, 3, 1.0, 1), (203, 6, 1.0, 3), (14, 3, 1.0, 3), (96, 6, 1.0, 4), (264, 4, 1.0, 4), (11, 1, 1.0, 2), (9, 3, 1.0, 2), (239, 7, 1.0, 4), (261, 6, 1.0, 3), (30, 4, 1.0, 3), (198, 6, 1.0, 4), (71, 4, 1.0, 3), (303, 4, 1.0, 2), (330, 4, 1.0, 4), (51, 4, 1.0, 3), (93, 3, 1.0, 3), (257, 9, 1.0, 4), (149, 8, 1.0, 1), (48, 3, 1.0, 3), (121, 7, 1.0, 4), (211, 5, 1.0, 2), (1176, 10, 1.0, 4), (373, 4, 1.0, 3), (115, 3, 1.0, 4), (3, 2, 1.0, 4), (206, 6, 1.0, 3), (101, 7, 1.0, 4), (52, 3, 1.0, 3), (124, 3, 1.0, 3), (217, 4, 1.0, 3), (349, 10, 1.0, 3), (540, 6, 1.0, 4), (10, 2, 1.0, 2), (35, 4, 1.0, 3), (1511, 14, 1.0, 4), (103, 5, 1.0, 4), (181, 7, 1.0, 3), (45, 3, 1.0, 3), (87, 5, 1.0, 4), (2068, 7, 1.0, 4), (122, 6, 1.0, 4), (54, 3, 1.0, 1), (233, 8, 1.0, 4), (168, 7, 1.0, 4), (375, 7, 1.0, 2), (328, 6, 1.0, 3), (888, 6, 1.0, 4), (50, 3, 1.0, 3), (380, 2, 1.0, 1), (550, 4, 1.0, 1)]
=: [(771, 9, 1.0, 4), (484, 13, 1.0, 3), (381, 1, 1.0, 1), (184, 5, 1.0, 4), (33, 5, 1.0, 3), (1, 2, 1.0, 2), (208, 4, 1.0, 3), (15, 3, 1.0, 3), (175, 3, 1.0, 4), (471, 7, 1.0, 3), (137, 4, 1.0, 4), (94, 4, 1.0, 3), (302, 5, 1.0, 2), (125, 4, 1.0, 3), (370, 8, 1.0, 3), (29, 3, 1.0, 3), (8, 5, 1.0, 2), (40, 4, 1.0, 4), (131, 3, 1.0, 1), (27, 3, 1.0, 1), (203, 6, 1.0, 3), (14, 3, 1.0, 3), (96, 6, 1.0, 4), (264, 4, 1.0, 4), (11, 1, 1.0, 2), (9, 3, 1.0, 2), (239, 7, 1.0, 4), (261, 6, 1.0, 3), (30, 4, 1.0, 3), (198, 6, 1.0, 4), (71, 4, 1.0, 3), (303, 4, 1.0, 2), (330, 4, 1.0, 4), (51, 4, 1.0, 3), (93, 3, 1.0, 3), (257, 9, 1.0, 4), (149, 8, 1.0, 1), (48, 3, 1.0, 3), (121, 7, 1.0, 4), (211, 5, 1.0, 2), (1176, 10, 1.0, 4), (373, 4, 1.0, 3), (115, 3, 1.0, 4), (3, 2, 1.0, 4), (206, 6, 1.0, 3), (101, 7, 1.0, 4), (52, 3, 1.0, 3), (124, 3, 1.0, 3), (217, 4, 1.0, 3), (349, 10, 1.0, 3), (540, 6, 1.0, 4), (10, 2, 1.0, 2), (35, 4, 1.0, 3), (1511, 14, 1.0, 4), (103, 5, 1.0, 4), (181, 7, 1.0, 3), (45, 3, 1.0, 3), (87, 5, 1.0, 4), (2068, 7, 1.0, 4), (122, 6, 1.0, 4), (54, 3, 1.0, 1), (233, 8, 1.0, 4), (168, 7, 1.0, 4), (375, 7, 1.0, 2), (328, 6, 1.0, 3), (888, 6, 1.0, 4), (50, 3, 1.0, 3), (380, 2, 1.0, 1), (550, 4, 1.0, 1), (127, 2, 1.0, 3)]
=: [(771, 9, 1.0, 4), (484, 13, 1.0, 3), (381, 1, 1.0, 1), (184, 5, 1.0, 4), (33, 5, 1.0, 3), (1, 2, 1.0, 2), (208, 4, 1.0, 3), (15, 3, 1.0, 3), (175, 3, 1.0, 4), (471, 7, 1.0, 3), (137, 4, 1.0, 4), (94, 4, 1.0, 3), (302, 5, 1.0, 2), (125, 4, 1.0, 3), (370, 8, 1.0, 3), (29, 3, 1.0, 3), (8, 5, 1.0, 2), (40, 4, 1.0, 4), (131, 3, 1.0, 1), (27, 3, 1.0, 1), (203, 6, 1.0, 3), (14, 3, 1.0, 3), (96, 6, 1.0, 4), (264, 4, 1.0, 4), (11, 1, 1.0, 2), (9, 3, 1.0, 2), (239, 7, 1.0, 4), (261, 6, 1.0, 3), (30, 4, 1.0, 3), (198, 6, 1.0, 4), (71, 4, 1.0, 3), (303, 4, 1.0, 2), (330, 4, 1.0, 4), (51, 4, 1.0, 3), (93, 3, 1.0, 3), (257, 9, 1.0, 4), (149, 8, 1.0, 1), (48, 3, 1.0, 3), (121, 7, 1.0, 4), (211, 5, 1.0, 2), (1176, 10, 1.0, 4), (373, 4, 1.0, 3), (115, 3, 1.0, 4), (3, 2, 1.0, 4), (206, 6, 1.0, 3), (101, 7, 1.0, 4), (52, 3, 1.0, 3), (124, 3, 1.0, 3), (217, 4, 1.0, 3), (349, 10, 1.0, 3), (540, 6, 1.0, 4), (10, 2, 1.0, 2), (35, 4, 1.0, 3), (1511, 14, 1.0, 4), (103, 5, 1.0, 4), (181, 7, 1.0, 3), (45, 3, 1.0, 3), (87, 5, 1.0, 4), (2068, 7, 1.0, 4), (122, 6, 1.0, 4), (54, 3, 1.0, 1), (233, 8, 1.0, 4), (168, 7, 1.0, 4), (375, 7, 1.0, 2), (328, 6, 1.0, 3), (888, 6, 1.0, 4), (50, 3, 1.0, 3), (380, 2, 1.0, 1), (550, 4, 1.0, 1), (127, 2, 1.0, 3), (39, 5, 1.0, 4)]
=: [(771, 9, 1.0, 4), (484, 13, 1.0, 3), (381, 1, 1.0, 1), (184, 5, 1.0, 4), (33, 5, 1.0, 3), (1, 2, 1.0, 2), (208, 4, 1.0, 3), (15, 3, 1.0, 3), (175, 3, 1.0, 4), (471, 7, 1.0, 3), (137, 4, 1.0, 4), (94, 4, 1.0, 3), (302, 5, 1.0, 2), (125, 4, 1.0, 3), (370, 8, 1.0, 3), (29, 3, 1.0, 3), (8, 5, 1.0, 2), (40, 4, 1.0, 4), (131, 3, 1.0, 1), (27, 3, 1.0, 1), (203, 6, 1.0, 3), (14, 3, 1.0, 3), (96, 6, 1.0, 4), (264, 4, 1.0, 4), (11, 1, 1.0, 2), (9, 3, 1.0, 2), (239, 7, 1.0, 4), (261, 6, 1.0, 3), (30, 4, 1.0, 3), (198, 6, 1.0, 4), (71, 4, 1.0, 3), (303, 4, 1.0, 2), (330, 4, 1.0, 4), (51, 4, 1.0, 3), (93, 3, 1.0, 3), (257, 9, 1.0, 4), (149, 8, 1.0, 1), (48, 3, 1.0, 3), (121, 7, 1.0, 4), (211, 5, 1.0, 2), (1176, 10, 1.0, 4), (373, 4, 1.0, 3), (115, 3, 1.0, 4), (3, 2, 1.0, 4), (206, 6, 1.0, 3), (101, 7, 1.0, 4), (52, 3, 1.0, 3), (124, 3, 1.0, 3), (217, 4, 1.0, 3), (349, 10, 1.0, 3), (540, 6, 1.0, 4), (10, 2, 1.0, 2), (35, 4, 1.0, 3), (1511, 14, 1.0, 4), (103, 5, 1.0, 4), (181, 7, 1.0, 3), (45, 3, 1.0, 3), (87, 5, 1.0, 4), (2068, 7, 1.0, 4), (122, 6, 1.0, 4), (54, 3, 1.0, 1), (233, 8, 1.0, 4), (168, 7, 1.0, 4), (375, 7, 1.0, 2), (328, 6, 1.0, 3), (888, 6, 1.0, 4), (50, 3, 1.0, 3), (380, 2, 1.0, 1), (550, 4, 1.0, 1), (127, 2, 1.0, 3), (39, 5, 1.0, 4), (145, 5, 1.0, 4)]
=: [(771, 9, 1.0, 4), (484, 13, 1.0, 3), (381, 1, 1.0, 1), (184, 5, 1.0, 4), (33, 5, 1.0, 3), (1, 2, 1.0, 2), (208, 4, 1.0, 3), (15, 3, 1.0, 3), (175, 3, 1.0, 4), (471, 7, 1.0, 3), (137, 4, 1.0, 4), (94, 4, 1.0, 3), (302, 5, 1.0, 2), (125, 4, 1.0, 3), (370, 8, 1.0, 3), (29, 3, 1.0, 3), (8, 5, 1.0, 2), (40, 4, 1.0, 4), (131, 3, 1.0, 1), (27, 3, 1.0, 1), (203, 6, 1.0, 3), (14, 3, 1.0, 3), (96, 6, 1.0, 4), (264, 4, 1.0, 4), (11, 1, 1.0, 2), (9, 3, 1.0, 2), (239, 7, 1.0, 4), (261, 6, 1.0, 3), (30, 4, 1.0, 3), (198, 6, 1.0, 4), (71, 4, 1.0, 3), (303, 4, 1.0, 2), (330, 4, 1.0, 4), (51, 4, 1.0, 3), (93, 3, 1.0, 3), (257, 9, 1.0, 4), (149, 8, 1.0, 1), (48, 3, 1.0, 3), (121, 7, 1.0, 4), (211, 5, 1.0, 2), (1176, 10, 1.0, 4), (373, 4, 1.0, 3), (115, 3, 1.0, 4), (3, 2, 1.0, 4), (206, 6, 1.0, 3), (101, 7, 1.0, 4), (52, 3, 1.0, 3), (124, 3, 1.0, 3), (217, 4, 1.0, 3), (349, 10, 1.0, 3), (540, 6, 1.0, 4), (10, 2, 1.0, 2), (35, 4, 1.0, 3), (1511, 14, 1.0, 4), (103, 5, 1.0, 4), (181, 7, 1.0, 3), (45, 3, 1.0, 3), (87, 5, 1.0, 4), (2068, 7, 1.0, 4), (122, 6, 1.0, 4), (54, 3, 1.0, 1), (233, 8, 1.0, 4), (168, 7, 1.0, 4), (375, 7, 1.0, 2), (328, 6, 1.0, 3), (888, 6, 1.0, 4), (50, 3, 1.0, 3), (380, 2, 1.0, 1), (550, 4, 1.0, 1), (127, 2, 1.0, 3), (39, 5, 1.0, 4), (145, 5, 1.0, 4), (126, 3, 1.0, 4)]
=: [(771, 9, 1.0, 4), (484, 13, 1.0, 3), (381, 1, 1.0, 1), (184, 5, 1.0, 4), (33, 5, 1.0, 3), (1, 2, 1.0, 2), (208, 4, 1.0, 3), (15, 3, 1.0, 3), (175, 3, 1.0, 4), (471, 7, 1.0, 3), (137, 4, 1.0, 4), (94, 4, 1.0, 3), (302, 5, 1.0, 2), (125, 4, 1.0, 3), (370, 8, 1.0, 3), (29, 3, 1.0, 3), (8, 5, 1.0, 2), (40, 4, 1.0, 4), (131, 3, 1.0, 1), (27, 3, 1.0, 1), (203, 6, 1.0, 3), (14, 3, 1.0, 3), (96, 6, 1.0, 4), (264, 4, 1.0, 4), (11, 1, 1.0, 2), (9, 3, 1.0, 2), (239, 7, 1.0, 4), (261, 6, 1.0, 3), (30, 4, 1.0, 3), (198, 6, 1.0, 4), (71, 4, 1.0, 3), (303, 4, 1.0, 2), (330, 4, 1.0, 4), (51, 4, 1.0, 3), (93, 3, 1.0, 3), (257, 9, 1.0, 4), (149, 8, 1.0, 1), (48, 3, 1.0, 3), (121, 7, 1.0, 4), (211, 5, 1.0, 2), (1176, 10, 1.0, 4), (373, 4, 1.0, 3), (115, 3, 1.0, 4), (3, 2, 1.0, 4), (206, 6, 1.0, 3), (101, 7, 1.0, 4), (52, 3, 1.0, 3), (124, 3, 1.0, 3), (217, 4, 1.0, 3), (349, 10, 1.0, 3), (540, 6, 1.0, 4), (10, 2, 1.0, 2), (35, 4, 1.0, 3), (1511, 14, 1.0, 4), (103, 5, 1.0, 4), (181, 7, 1.0, 3), (45, 3, 1.0, 3), (87, 5, 1.0, 4), (2068, 7, 1.0, 4), (122, 6, 1.0, 4), (54, 3, 1.0, 1), (233, 8, 1.0, 4), (168, 7, 1.0, 4), (375, 7, 1.0, 2), (328, 6, 1.0, 3), (888, 6, 1.0, 4), (50, 3, 1.0, 3), (380, 2, 1.0, 1), (550, 4, 1.0, 1), (127, 2, 1.0, 3), (39, 5, 1.0, 4), (145, 5, 1.0, 4), (126, 3, 1.0, 4), (13, 2, 1.0, 2)]
=: [(771, 9, 1.0, 4), (484, 13, 1.0, 3), (381, 1, 1.0, 1), (184, 5, 1.0, 4), (33, 5, 1.0, 3), (1, 2, 1.0, 2), (208, 4, 1.0, 3), (15, 3, 1.0, 3), (175, 3, 1.0, 4), (471, 7, 1.0, 3), (137, 4, 1.0, 4), (94, 4, 1.0, 3), (302, 5, 1.0, 2), (125, 4, 1.0, 3), (370, 8, 1.0, 3), (29, 3, 1.0, 3), (8, 5, 1.0, 2), (40, 4, 1.0, 4), (131, 3, 1.0, 1), (27, 3, 1.0, 1), (203, 6, 1.0, 3), (14, 3, 1.0, 3), (96, 6, 1.0, 4), (264, 4, 1.0, 4), (11, 1, 1.0, 2), (9, 3, 1.0, 2), (239, 7, 1.0, 4), (261, 6, 1.0, 3), (30, 4, 1.0, 3), (198, 6, 1.0, 4), (71, 4, 1.0, 3), (303, 4, 1.0, 2), (330, 4, 1.0, 4), (51, 4, 1.0, 3), (93, 3, 1.0, 3), (257, 9, 1.0, 4), (149, 8, 1.0, 1), (48, 3, 1.0, 3), (121, 7, 1.0, 4), (211, 5, 1.0, 2), (1176, 10, 1.0, 4), (373, 4, 1.0, 3), (115, 3, 1.0, 4), (3, 2, 1.0, 4), (206, 6, 1.0, 3), (101, 7, 1.0, 4), (52, 3, 1.0, 3), (124, 3, 1.0, 3), (217, 4, 1.0, 3), (349, 10, 1.0, 3), (540, 6, 1.0, 4), (10, 2, 1.0, 2), (35, 4, 1.0, 3), (1511, 14, 1.0, 4), (103, 5, 1.0, 4), (181, 7, 1.0, 3), (45, 3, 1.0, 3), (87, 5, 1.0, 4), (2068, 7, 1.0, 4), (122, 6, 1.0, 4), (54, 3, 1.0, 1), (233, 8, 1.0, 4), (168, 7, 1.0, 4), (375, 7, 1.0, 2), (328, 6, 1.0, 3), (888, 6, 1.0, 4), (50, 3, 1.0, 3), (380, 2, 1.0, 1), (550, 4, 1.0, 1), (127, 2, 1.0, 3), (39, 5, 1.0, 4), (145, 5, 1.0, 4), (126, 3, 1.0, 4), (13, 2, 1.0, 2), (316, 6, 1.0, 1)]
=: [(771, 9, 1.0, 4), (484, 13, 1.0, 3), (381, 1, 1.0, 1), (184, 5, 1.0, 4), (33, 5, 1.0, 3), (1, 2, 1.0, 2), (208, 4, 1.0, 3), (15, 3, 1.0, 3), (175, 3, 1.0, 4), (471, 7, 1.0, 3), (137, 4, 1.0, 4), (94, 4, 1.0, 3), (302, 5, 1.0, 2), (125, 4, 1.0, 3), (370, 8, 1.0, 3), (29, 3, 1.0, 3), (8, 5, 1.0, 2), (40, 4, 1.0, 4), (131, 3, 1.0, 1), (27, 3, 1.0, 1), (203, 6, 1.0, 3), (14, 3, 1.0, 3), (96, 6, 1.0, 4), (264, 4, 1.0, 4), (11, 1, 1.0, 2), (9, 3, 1.0, 2), (239, 7, 1.0, 4), (261, 6, 1.0, 3), (30, 4, 1.0, 3), (198, 6, 1.0, 4), (71, 4, 1.0, 3), (303, 4, 1.0, 2), (330, 4, 1.0, 4), (51, 4, 1.0, 3), (93, 3, 1.0, 3), (257, 9, 1.0, 4), (149, 8, 1.0, 1), (48, 3, 1.0, 3), (121, 7, 1.0, 4), (211, 5, 1.0, 2), (1176, 10, 1.0, 4), (373, 4, 1.0, 3), (115, 3, 1.0, 4), (3, 2, 1.0, 4), (206, 6, 1.0, 3), (101, 7, 1.0, 4), (52, 3, 1.0, 3), (124, 3, 1.0, 3), (217, 4, 1.0, 3), (349, 10, 1.0, 3), (540, 6, 1.0, 4), (10, 2, 1.0, 2), (35, 4, 1.0, 3), (1511, 14, 1.0, 4), (103, 5, 1.0, 4), (181, 7, 1.0, 3), (45, 3, 1.0, 3), (87, 5, 1.0, 4), (2068, 7, 1.0, 4), (122, 6, 1.0, 4), (54, 3, 1.0, 1), (233, 8, 1.0, 4), (168, 7, 1.0, 4), (375, 7, 1.0, 2), (328, 6, 1.0, 3), (888, 6, 1.0, 4), (50, 3, 1.0, 3), (380, 2, 1.0, 1), (550, 4, 1.0, 1), (127, 2, 1.0, 3), (39, 5, 1.0, 4), (145, 5, 1.0, 4), (126, 3, 1.0, 4), (13, 2, 1.0, 2), (316, 6, 1.0, 1), (47, 6, 1.0, 3)]
=: [(771, 9, 1.0, 4), (484, 13, 1.0, 3), (381, 1, 1.0, 1), (184, 5, 1.0, 4), (33, 5, 1.0, 3), (1, 2, 1.0, 2), (208, 4, 1.0, 3), (15, 3, 1.0, 3), (175, 3, 1.0, 4), (471, 7, 1.0, 3), (137, 4, 1.0, 4), (94, 4, 1.0, 3), (302, 5, 1.0, 2), (125, 4, 1.0, 3), (370, 8, 1.0, 3), (29, 3, 1.0, 3), (8, 5, 1.0, 2), (40, 4, 1.0, 4), (131, 3, 1.0, 1), (27, 3, 1.0, 1), (203, 6, 1.0, 3), (14, 3, 1.0, 3), (96, 6, 1.0, 4), (264, 4, 1.0, 4), (11, 1, 1.0, 2), (9, 3, 1.0, 2), (239, 7, 1.0, 4), (261, 6, 1.0, 3), (30, 4, 1.0, 3), (198, 6, 1.0, 4), (71, 4, 1.0, 3), (303, 4, 1.0, 2), (330, 4, 1.0, 4), (51, 4, 1.0, 3), (93, 3, 1.0, 3), (257, 9, 1.0, 4), (149, 8, 1.0, 1), (48, 3, 1.0, 3), (121, 7, 1.0, 4), (211, 5, 1.0, 2), (1176, 10, 1.0, 4), (373, 4, 1.0, 3), (115, 3, 1.0, 4), (3, 2, 1.0, 4), (206, 6, 1.0, 3), (101, 7, 1.0, 4), (52, 3, 1.0, 3), (124, 3, 1.0, 3), (217, 4, 1.0, 3), (349, 10, 1.0, 3), (540, 6, 1.0, 4), (10, 2, 1.0, 2), (35, 4, 1.0, 3), (1511, 14, 1.0, 4), (103, 5, 1.0, 4), (181, 7, 1.0, 3), (45, 3, 1.0, 3), (87, 5, 1.0, 4), (2068, 7, 1.0, 4), (122, 6, 1.0, 4), (54, 3, 1.0, 1), (233, 8, 1.0, 4), (168, 7, 1.0, 4), (375, 7, 1.0, 2), (328, 6, 1.0, 3), (888, 6, 1.0, 4), (50, 3, 1.0, 3), (380, 2, 1.0, 1), (550, 4, 1.0, 1), (127, 2, 1.0, 3), (39, 5, 1.0, 4), (145, 5, 1.0, 4), (126, 3, 1.0, 4), (13, 2, 1.0, 2), (316, 6, 1.0, 1), (47, 6, 1.0, 3), (947, 9, 1.0, 4)]
=: [(771, 9, 1.0, 4), (484, 13, 1.0, 3), (381, 1, 1.0, 1), (184, 5, 1.0, 4), (33, 5, 1.0, 3), (1, 2, 1.0, 2), (208, 4, 1.0, 3), (15, 3, 1.0, 3), (175, 3, 1.0, 4), (471, 7, 1.0, 3), (137, 4, 1.0, 4), (94, 4, 1.0, 3), (302, 5, 1.0, 2), (125, 4, 1.0, 3), (370, 8, 1.0, 3), (29, 3, 1.0, 3), (8, 5, 1.0, 2), (40, 4, 1.0, 4), (131, 3, 1.0, 1), (27, 3, 1.0, 1), (203, 6, 1.0, 3), (14, 3, 1.0, 3), (96, 6, 1.0, 4), (264, 4, 1.0, 4), (11, 1, 1.0, 2), (9, 3, 1.0, 2), (239, 7, 1.0, 4), (261, 6, 1.0, 3), (30, 4, 1.0, 3), (198, 6, 1.0, 4), (71, 4, 1.0, 3), (303, 4, 1.0, 2), (330, 4, 1.0, 4), (51, 4, 1.0, 3), (93, 3, 1.0, 3), (257, 9, 1.0, 4), (149, 8, 1.0, 1), (48, 3, 1.0, 3), (121, 7, 1.0, 4), (211, 5, 1.0, 2), (1176, 10, 1.0, 4), (373, 4, 1.0, 3), (115, 3, 1.0, 4), (3, 2, 1.0, 4), (206, 6, 1.0, 3), (101, 7, 1.0, 4), (52, 3, 1.0, 3), (124, 3, 1.0, 3), (217, 4, 1.0, 3), (349, 10, 1.0, 3), (540, 6, 1.0, 4), (10, 2, 1.0, 2), (35, 4, 1.0, 3), (1511, 14, 1.0, 4), (103, 5, 1.0, 4), (181, 7, 1.0, 3), (45, 3, 1.0, 3), (87, 5, 1.0, 4), (2068, 7, 1.0, 4), (122, 6, 1.0, 4), (54, 3, 1.0, 1), (233, 8, 1.0, 4), (168, 7, 1.0, 4), (375, 7, 1.0, 2), (328, 6, 1.0, 3), (888, 6, 1.0, 4), (50, 3, 1.0, 3), (380, 2, 1.0, 1), (550, 4, 1.0, 1), (127, 2, 1.0, 3), (39, 5, 1.0, 4), (145, 5, 1.0, 4), (126, 3, 1.0, 4), (13, 2, 1.0, 2), (316, 6, 1.0, 1), (47, 6, 1.0, 3), (947, 9, 1.0, 4), (1328, 14, 1.0, 3)]
=: [(771, 9, 1.0, 4), (484, 13, 1.0, 3), (381, 1, 1.0, 1), (184, 5, 1.0, 4), (33, 5, 1.0, 3), (1, 2, 1.0, 2), (208, 4, 1.0, 3), (15, 3, 1.0, 3), (175, 3, 1.0, 4), (471, 7, 1.0, 3), (137, 4, 1.0, 4), (94, 4, 1.0, 3), (302, 5, 1.0, 2), (125, 4, 1.0, 3), (370, 8, 1.0, 3), (29, 3, 1.0, 3), (8, 5, 1.0, 2), (40, 4, 1.0, 4), (131, 3, 1.0, 1), (27, 3, 1.0, 1), (203, 6, 1.0, 3), (14, 3, 1.0, 3), (96, 6, 1.0, 4), (264, 4, 1.0, 4), (11, 1, 1.0, 2), (9, 3, 1.0, 2), (239, 7, 1.0, 4), (261, 6, 1.0, 3), (30, 4, 1.0, 3), (198, 6, 1.0, 4), (71, 4, 1.0, 3), (303, 4, 1.0, 2), (330, 4, 1.0, 4), (51, 4, 1.0, 3), (93, 3, 1.0, 3), (257, 9, 1.0, 4), (149, 8, 1.0, 1), (48, 3, 1.0, 3), (121, 7, 1.0, 4), (211, 5, 1.0, 2), (1176, 10, 1.0, 4), (373, 4, 1.0, 3), (115, 3, 1.0, 4), (3, 2, 1.0, 4), (206, 6, 1.0, 3), (101, 7, 1.0, 4), (52, 3, 1.0, 3), (124, 3, 1.0, 3), (217, 4, 1.0, 3), (349, 10, 1.0, 3), (540, 6, 1.0, 4), (10, 2, 1.0, 2), (35, 4, 1.0, 3), (1511, 14, 1.0, 4), (103, 5, 1.0, 4), (181, 7, 1.0, 3), (45, 3, 1.0, 3), (87, 5, 1.0, 4), (2068, 7, 1.0, 4), (122, 6, 1.0, 4), (54, 3, 1.0, 1), (233, 8, 1.0, 4), (168, 7, 1.0, 4), (375, 7, 1.0, 2), (328, 6, 1.0, 3), (888, 6, 1.0, 4), (50, 3, 1.0, 3), (380, 2, 1.0, 1), (550, 4, 1.0, 1), (127, 2, 1.0, 3), (39, 5, 1.0, 4), (145, 5, 1.0, 4), (126, 3, 1.0, 4), (13, 2, 1.0, 2), (316, 6, 1.0, 1), (47, 6, 1.0, 3), (947, 9, 1.0, 4), (1328, 14, 1.0, 3), (649, 9, 1.0, 4)]
=: [(771, 9, 1.0, 4), (484, 13, 1.0, 3), (381, 1, 1.0, 1), (184, 5, 1.0, 4), (33, 5, 1.0, 3), (1, 2, 1.0, 2), (208, 4, 1.0, 3), (15, 3, 1.0, 3), (175, 3, 1.0, 4), (471, 7, 1.0, 3), (137, 4, 1.0, 4), (94, 4, 1.0, 3), (302, 5, 1.0, 2), (125, 4, 1.0, 3), (370, 8, 1.0, 3), (29, 3, 1.0, 3), (8, 5, 1.0, 2), (40, 4, 1.0, 4), (131, 3, 1.0, 1), (27, 3, 1.0, 1), (203, 6, 1.0, 3), (14, 3, 1.0, 3), (96, 6, 1.0, 4), (264, 4, 1.0, 4), (11, 1, 1.0, 2), (9, 3, 1.0, 2), (239, 7, 1.0, 4), (261, 6, 1.0, 3), (30, 4, 1.0, 3), (198, 6, 1.0, 4), (71, 4, 1.0, 3), (303, 4, 1.0, 2), (330, 4, 1.0, 4), (51, 4, 1.0, 3), (93, 3, 1.0, 3), (257, 9, 1.0, 4), (149, 8, 1.0, 1), (48, 3, 1.0, 3), (121, 7, 1.0, 4), (211, 5, 1.0, 2), (1176, 10, 1.0, 4), (373, 4, 1.0, 3), (115, 3, 1.0, 4), (3, 2, 1.0, 4), (206, 6, 1.0, 3), (101, 7, 1.0, 4), (52, 3, 1.0, 3), (124, 3, 1.0, 3), (217, 4, 1.0, 3), (349, 10, 1.0, 3), (540, 6, 1.0, 4), (10, 2, 1.0, 2), (35, 4, 1.0, 3), (1511, 14, 1.0, 4), (103, 5, 1.0, 4), (181, 7, 1.0, 3), (45, 3, 1.0, 3), (87, 5, 1.0, 4), (2068, 7, 1.0, 4), (122, 6, 1.0, 4), (54, 3, 1.0, 1), (233, 8, 1.0, 4), (168, 7, 1.0, 4), (375, 7, 1.0, 2), (328, 6, 1.0, 3), (888, 6, 1.0, 4), (50, 3, 1.0, 3), (380, 2, 1.0, 1), (550, 4, 1.0, 1), (127, 2, 1.0, 3), (39, 5, 1.0, 4), (145, 5, 1.0, 4), (126, 3, 1.0, 4), (13, 2, 1.0, 2), (316, 6, 1.0, 1), (47, 6, 1.0, 3), (947, 9, 1.0, 4), (1328, 14, 1.0, 3), (649, 9, 1.0, 4), (82, 3, 1.0, 4)]
=: [(771, 9, 1.0, 4), (484, 13, 1.0, 3), (381, 1, 1.0, 1), (184, 5, 1.0, 4), (33, 5, 1.0, 3), (1, 2, 1.0, 2), (208, 4, 1.0, 3), (15, 3, 1.0, 3), (175, 3, 1.0, 4), (471, 7, 1.0, 3), (137, 4, 1.0, 4), (94, 4, 1.0, 3), (302, 5, 1.0, 2), (125, 4, 1.0, 3), (370, 8, 1.0, 3), (29, 3, 1.0, 3), (8, 5, 1.0, 2), (40, 4, 1.0, 4), (131, 3, 1.0, 1), (27, 3, 1.0, 1), (203, 6, 1.0, 3), (14, 3, 1.0, 3), (96, 6, 1.0, 4), (264, 4, 1.0, 4), (11, 1, 1.0, 2), (9, 3, 1.0, 2), (239, 7, 1.0, 4), (261, 6, 1.0, 3), (30, 4, 1.0, 3), (198, 6, 1.0, 4), (71, 4, 1.0, 3), (303, 4, 1.0, 2), (330, 4, 1.0, 4), (51, 4, 1.0, 3), (93, 3, 1.0, 3), (257, 9, 1.0, 4), (149, 8, 1.0, 1), (48, 3, 1.0, 3), (121, 7, 1.0, 4), (211, 5, 1.0, 2), (1176, 10, 1.0, 4), (373, 4, 1.0, 3), (115, 3, 1.0, 4), (3, 2, 1.0, 4), (206, 6, 1.0, 3), (101, 7, 1.0, 4), (52, 3, 1.0, 3), (124, 3, 1.0, 3), (217, 4, 1.0, 3), (349, 10, 1.0, 3), (540, 6, 1.0, 4), (10, 2, 1.0, 2), (35, 4, 1.0, 3), (1511, 14, 1.0, 4), (103, 5, 1.0, 4), (181, 7, 1.0, 3), (45, 3, 1.0, 3), (87, 5, 1.0, 4), (2068, 7, 1.0, 4), (122, 6, 1.0, 4), (54, 3, 1.0, 1), (233, 8, 1.0, 4), (168, 7, 1.0, 4), (375, 7, 1.0, 2), (328, 6, 1.0, 3), (888, 6, 1.0, 4), (50, 3, 1.0, 3), (380, 2, 1.0, 1), (550, 4, 1.0, 1), (127, 2, 1.0, 3), (39, 5, 1.0, 4), (145, 5, 1.0, 4), (126, 3, 1.0, 4), (13, 2, 1.0, 2), (316, 6, 1.0, 1), (47, 6, 1.0, 3), (947, 9, 1.0, 4), (1328, 14, 1.0, 3), (649, 9, 1.0, 4), (82, 3, 1.0, 4), (300, 5, 1.0, 4)]
=: [(771, 9, 1.0, 4), (484, 13, 1.0, 3), (381, 1, 1.0, 1), (184, 5, 1.0, 4), (33, 5, 1.0, 3), (1, 2, 1.0, 2), (208, 4, 1.0, 3), (15, 3, 1.0, 3), (175, 3, 1.0, 4), (471, 7, 1.0, 3), (137, 4, 1.0, 4), (94, 4, 1.0, 3), (302, 5, 1.0, 2), (125, 4, 1.0, 3), (370, 8, 1.0, 3), (29, 3, 1.0, 3), (8, 5, 1.0, 2), (40, 4, 1.0, 4), (131, 3, 1.0, 1), (27, 3, 1.0, 1), (203, 6, 1.0, 3), (14, 3, 1.0, 3), (96, 6, 1.0, 4), (264, 4, 1.0, 4), (11, 1, 1.0, 2), (9, 3, 1.0, 2), (239, 7, 1.0, 4), (261, 6, 1.0, 3), (30, 4, 1.0, 3), (198, 6, 1.0, 4), (71, 4, 1.0, 3), (303, 4, 1.0, 2), (330, 4, 1.0, 4), (51, 4, 1.0, 3), (93, 3, 1.0, 3), (257, 9, 1.0, 4), (149, 8, 1.0, 1), (48, 3, 1.0, 3), (121, 7, 1.0, 4), (211, 5, 1.0, 2), (1176, 10, 1.0, 4), (373, 4, 1.0, 3), (115, 3, 1.0, 4), (3, 2, 1.0, 4), (206, 6, 1.0, 3), (101, 7, 1.0, 4), (52, 3, 1.0, 3), (124, 3, 1.0, 3), (217, 4, 1.0, 3), (349, 10, 1.0, 3), (540, 6, 1.0, 4), (10, 2, 1.0, 2), (35, 4, 1.0, 3), (1511, 14, 1.0, 4), (103, 5, 1.0, 4), (181, 7, 1.0, 3), (45, 3, 1.0, 3), (87, 5, 1.0, 4), (2068, 7, 1.0, 4), (122, 6, 1.0, 4), (54, 3, 1.0, 1), (233, 8, 1.0, 4), (168, 7, 1.0, 4), (375, 7, 1.0, 2), (328, 6, 1.0, 3), (888, 6, 1.0, 4), (50, 3, 1.0, 3), (380, 2, 1.0, 1), (550, 4, 1.0, 1), (127, 2, 1.0, 3), (39, 5, 1.0, 4), (145, 5, 1.0, 4), (126, 3, 1.0, 4), (13, 2, 1.0, 2), (316, 6, 1.0, 1), (47, 6, 1.0, 3), (947, 9, 1.0, 4), (1328, 14, 1.0, 3), (649, 9, 1.0, 4), (82, 3, 1.0, 4), (300, 5, 1.0, 4), (38, 6, 1.0, 4)]
=: [(771, 9, 1.0, 4), (484, 13, 1.0, 3), (381, 1, 1.0, 1), (184, 5, 1.0, 4), (33, 5, 1.0, 3), (1, 2, 1.0, 2), (208, 4, 1.0, 3), (15, 3, 1.0, 3), (175, 3, 1.0, 4), (471, 7, 1.0, 3), (137, 4, 1.0, 4), (94, 4, 1.0, 3), (302, 5, 1.0, 2), (125, 4, 1.0, 3), (370, 8, 1.0, 3), (29, 3, 1.0, 3), (8, 5, 1.0, 2), (40, 4, 1.0, 4), (131, 3, 1.0, 1), (27, 3, 1.0, 1), (203, 6, 1.0, 3), (14, 3, 1.0, 3), (96, 6, 1.0, 4), (264, 4, 1.0, 4), (11, 1, 1.0, 2), (9, 3, 1.0, 2), (239, 7, 1.0, 4), (261, 6, 1.0, 3), (30, 4, 1.0, 3), (198, 6, 1.0, 4), (71, 4, 1.0, 3), (303, 4, 1.0, 2), (330, 4, 1.0, 4), (51, 4, 1.0, 3), (93, 3, 1.0, 3), (257, 9, 1.0, 4), (149, 8, 1.0, 1), (48, 3, 1.0, 3), (121, 7, 1.0, 4), (211, 5, 1.0, 2), (1176, 10, 1.0, 4), (373, 4, 1.0, 3), (115, 3, 1.0, 4), (3, 2, 1.0, 4), (206, 6, 1.0, 3), (101, 7, 1.0, 4), (52, 3, 1.0, 3), (124, 3, 1.0, 3), (217, 4, 1.0, 3), (349, 10, 1.0, 3), (540, 6, 1.0, 4), (10, 2, 1.0, 2), (35, 4, 1.0, 3), (1511, 14, 1.0, 4), (103, 5, 1.0, 4), (181, 7, 1.0, 3), (45, 3, 1.0, 3), (87, 5, 1.0, 4), (2068, 7, 1.0, 4), (122, 6, 1.0, 4), (54, 3, 1.0, 1), (233, 8, 1.0, 4), (168, 7, 1.0, 4), (375, 7, 1.0, 2), (328, 6, 1.0, 3), (888, 6, 1.0, 4), (50, 3, 1.0, 3), (380, 2, 1.0, 1), (550, 4, 1.0, 1), (127, 2, 1.0, 3), (39, 5, 1.0, 4), (145, 5, 1.0, 4), (126, 3, 1.0, 4), (13, 2, 1.0, 2), (316, 6, 1.0, 1), (47, 6, 1.0, 3), (947, 9, 1.0, 4), (1328, 14, 1.0, 3), (649, 9, 1.0, 4), (82, 3, 1.0, 4), (300, 5, 1.0, 4), (38, 6, 1.0, 4), (501, 8, 1.0, 4)]
=: [(771, 9, 1.0, 4), (484, 13, 1.0, 3), (381, 1, 1.0, 1), (184, 5, 1.0, 4), (33, 5, 1.0, 3), (1, 2, 1.0, 2), (208, 4, 1.0, 3), (15, 3, 1.0, 3), (175, 3, 1.0, 4), (471, 7, 1.0, 3), (137, 4, 1.0, 4), (94, 4, 1.0, 3), (302, 5, 1.0, 2), (125, 4, 1.0, 3), (370, 8, 1.0, 3), (29, 3, 1.0, 3), (8, 5, 1.0, 2), (40, 4, 1.0, 4), (131, 3, 1.0, 1), (27, 3, 1.0, 1), (203, 6, 1.0, 3), (14, 3, 1.0, 3), (96, 6, 1.0, 4), (264, 4, 1.0, 4), (11, 1, 1.0, 2), (9, 3, 1.0, 2), (239, 7, 1.0, 4), (261, 6, 1.0, 3), (30, 4, 1.0, 3), (198, 6, 1.0, 4), (71, 4, 1.0, 3), (303, 4, 1.0, 2), (330, 4, 1.0, 4), (51, 4, 1.0, 3), (93, 3, 1.0, 3), (257, 9, 1.0, 4), (149, 8, 1.0, 1), (48, 3, 1.0, 3), (121, 7, 1.0, 4), (211, 5, 1.0, 2), (1176, 10, 1.0, 4), (373, 4, 1.0, 3), (115, 3, 1.0, 4), (3, 2, 1.0, 4), (206, 6, 1.0, 3), (101, 7, 1.0, 4), (52, 3, 1.0, 3), (124, 3, 1.0, 3), (217, 4, 1.0, 3), (349, 10, 1.0, 3), (540, 6, 1.0, 4), (10, 2, 1.0, 2), (35, 4, 1.0, 3), (1511, 14, 1.0, 4), (103, 5, 1.0, 4), (181, 7, 1.0, 3), (45, 3, 1.0, 3), (87, 5, 1.0, 4), (2068, 7, 1.0, 4), (122, 6, 1.0, 4), (54, 3, 1.0, 1), (233, 8, 1.0, 4), (168, 7, 1.0, 4), (375, 7, 1.0, 2), (328, 6, 1.0, 3), (888, 6, 1.0, 4), (50, 3, 1.0, 3), (380, 2, 1.0, 1), (550, 4, 1.0, 1), (127, 2, 1.0, 3), (39, 5, 1.0, 4), (145, 5, 1.0, 4), (126, 3, 1.0, 4), (13, 2, 1.0, 2), (316, 6, 1.0, 1), (47, 6, 1.0, 3), (947, 9, 1.0, 4), (1328, 14, 1.0, 3), (649, 9, 1.0, 4), (82, 3, 1.0, 4), (300, 5, 1.0, 4), (38, 6, 1.0, 4), (501, 8, 1.0, 4), (210, 5, 1.0, 2)]
=: [(771, 9, 1.0, 4), (484, 13, 1.0, 3), (381, 1, 1.0, 1), (184, 5, 1.0, 4), (33, 5, 1.0, 3), (1, 2, 1.0, 2), (208, 4, 1.0, 3), (15, 3, 1.0, 3), (175, 3, 1.0, 4), (471, 7, 1.0, 3), (137, 4, 1.0, 4), (94, 4, 1.0, 3), (302, 5, 1.0, 2), (125, 4, 1.0, 3), (370, 8, 1.0, 3), (29, 3, 1.0, 3), (8, 5, 1.0, 2), (40, 4, 1.0, 4), (131, 3, 1.0, 1), (27, 3, 1.0, 1), (203, 6, 1.0, 3), (14, 3, 1.0, 3), (96, 6, 1.0, 4), (264, 4, 1.0, 4), (11, 1, 1.0, 2), (9, 3, 1.0, 2), (239, 7, 1.0, 4), (261, 6, 1.0, 3), (30, 4, 1.0, 3), (198, 6, 1.0, 4), (71, 4, 1.0, 3), (303, 4, 1.0, 2), (330, 4, 1.0, 4), (51, 4, 1.0, 3), (93, 3, 1.0, 3), (257, 9, 1.0, 4), (149, 8, 1.0, 1), (48, 3, 1.0, 3), (121, 7, 1.0, 4), (211, 5, 1.0, 2), (1176, 10, 1.0, 4), (373, 4, 1.0, 3), (115, 3, 1.0, 4), (3, 2, 1.0, 4), (206, 6, 1.0, 3), (101, 7, 1.0, 4), (52, 3, 1.0, 3), (124, 3, 1.0, 3), (217, 4, 1.0, 3), (349, 10, 1.0, 3), (540, 6, 1.0, 4), (10, 2, 1.0, 2), (35, 4, 1.0, 3), (1511, 14, 1.0, 4), (103, 5, 1.0, 4), (181, 7, 1.0, 3), (45, 3, 1.0, 3), (87, 5, 1.0, 4), (2068, 7, 1.0, 4), (122, 6, 1.0, 4), (54, 3, 1.0, 1), (233, 8, 1.0, 4), (168, 7, 1.0, 4), (375, 7, 1.0, 2), (328, 6, 1.0, 3), (888, 6, 1.0, 4), (50, 3, 1.0, 3), (380, 2, 1.0, 1), (550, 4, 1.0, 1), (127, 2, 1.0, 3), (39, 5, 1.0, 4), (145, 5, 1.0, 4), (126, 3, 1.0, 4), (13, 2, 1.0, 2), (316, 6, 1.0, 1), (47, 6, 1.0, 3), (947, 9, 1.0, 4), (1328, 14, 1.0, 3), (649, 9, 1.0, 4), (82, 3, 1.0, 4), (300, 5, 1.0, 4), (38, 6, 1.0, 4), (501, 8, 1.0, 4), (210, 5, 1.0, 2), (169, 6, 1.0, 4)]
=: [(771, 9, 1.0, 4), (484, 13, 1.0, 3), (381, 1, 1.0, 1), (184, 5, 1.0, 4), (33, 5, 1.0, 3), (1, 2, 1.0, 2), (208, 4, 1.0, 3), (15, 3, 1.0, 3), (175, 3, 1.0, 4), (471, 7, 1.0, 3), (137, 4, 1.0, 4), (94, 4, 1.0, 3), (302, 5, 1.0, 2), (125, 4, 1.0, 3), (370, 8, 1.0, 3), (29, 3, 1.0, 3), (8, 5, 1.0, 2), (40, 4, 1.0, 4), (131, 3, 1.0, 1), (27, 3, 1.0, 1), (203, 6, 1.0, 3), (14, 3, 1.0, 3), (96, 6, 1.0, 4), (264, 4, 1.0, 4), (11, 1, 1.0, 2), (9, 3, 1.0, 2), (239, 7, 1.0, 4), (261, 6, 1.0, 3), (30, 4, 1.0, 3), (198, 6, 1.0, 4), (71, 4, 1.0, 3), (303, 4, 1.0, 2), (330, 4, 1.0, 4), (51, 4, 1.0, 3), (93, 3, 1.0, 3), (257, 9, 1.0, 4), (149, 8, 1.0, 1), (48, 3, 1.0, 3), (121, 7, 1.0, 4), (211, 5, 1.0, 2), (1176, 10, 1.0, 4), (373, 4, 1.0, 3), (115, 3, 1.0, 4), (3, 2, 1.0, 4), (206, 6, 1.0, 3), (101, 7, 1.0, 4), (52, 3, 1.0, 3), (124, 3, 1.0, 3), (217, 4, 1.0, 3), (349, 10, 1.0, 3), (540, 6, 1.0, 4), (10, 2, 1.0, 2), (35, 4, 1.0, 3), (1511, 14, 1.0, 4), (103, 5, 1.0, 4), (181, 7, 1.0, 3), (45, 3, 1.0, 3), (87, 5, 1.0, 4), (2068, 7, 1.0, 4), (122, 6, 1.0, 4), (54, 3, 1.0, 1), (233, 8, 1.0, 4), (168, 7, 1.0, 4), (375, 7, 1.0, 2), (328, 6, 1.0, 3), (888, 6, 1.0, 4), (50, 3, 1.0, 3), (380, 2, 1.0, 1), (550, 4, 1.0, 1), (127, 2, 1.0, 3), (39, 5, 1.0, 4), (145, 5, 1.0, 4), (126, 3, 1.0, 4), (13, 2, 1.0, 2), (316, 6, 1.0, 1), (47, 6, 1.0, 3), (947, 9, 1.0, 4), (1328, 14, 1.0, 3), (649, 9, 1.0, 4), (82, 3, 1.0, 4), (300, 5, 1.0, 4), (38, 6, 1.0, 4), (501, 8, 1.0, 4), (210, 5, 1.0, 2), (169, 6, 1.0, 4), (144, 7, 1.0, 4)]
=: [(771, 9, 1.0, 4), (484, 13, 1.0, 3), (381, 1, 1.0, 1), (184, 5, 1.0, 4), (33, 5, 1.0, 3), (1, 2, 1.0, 2), (208, 4, 1.0, 3), (15, 3, 1.0, 3), (175, 3, 1.0, 4), (471, 7, 1.0, 3), (137, 4, 1.0, 4), (94, 4, 1.0, 3), (302, 5, 1.0, 2), (125, 4, 1.0, 3), (370, 8, 1.0, 3), (29, 3, 1.0, 3), (8, 5, 1.0, 2), (40, 4, 1.0, 4), (131, 3, 1.0, 1), (27, 3, 1.0, 1), (203, 6, 1.0, 3), (14, 3, 1.0, 3), (96, 6, 1.0, 4), (264, 4, 1.0, 4), (11, 1, 1.0, 2), (9, 3, 1.0, 2), (239, 7, 1.0, 4), (261, 6, 1.0, 3), (30, 4, 1.0, 3), (198, 6, 1.0, 4), (71, 4, 1.0, 3), (303, 4, 1.0, 2), (330, 4, 1.0, 4), (51, 4, 1.0, 3), (93, 3, 1.0, 3), (257, 9, 1.0, 4), (149, 8, 1.0, 1), (48, 3, 1.0, 3), (121, 7, 1.0, 4), (211, 5, 1.0, 2), (1176, 10, 1.0, 4), (373, 4, 1.0, 3), (115, 3, 1.0, 4), (3, 2, 1.0, 4), (206, 6, 1.0, 3), (101, 7, 1.0, 4), (52, 3, 1.0, 3), (124, 3, 1.0, 3), (217, 4, 1.0, 3), (349, 10, 1.0, 3), (540, 6, 1.0, 4), (10, 2, 1.0, 2), (35, 4, 1.0, 3), (1511, 14, 1.0, 4), (103, 5, 1.0, 4), (181, 7, 1.0, 3), (45, 3, 1.0, 3), (87, 5, 1.0, 4), (2068, 7, 1.0, 4), (122, 6, 1.0, 4), (54, 3, 1.0, 1), (233, 8, 1.0, 4), (168, 7, 1.0, 4), (375, 7, 1.0, 2), (328, 6, 1.0, 3), (888, 6, 1.0, 4), (50, 3, 1.0, 3), (380, 2, 1.0, 1), (550, 4, 1.0, 1), (127, 2, 1.0, 3), (39, 5, 1.0, 4), (145, 5, 1.0, 4), (126, 3, 1.0, 4), (13, 2, 1.0, 2), (316, 6, 1.0, 1), (47, 6, 1.0, 3), (947, 9, 1.0, 4), (1328, 14, 1.0, 3), (649, 9, 1.0, 4), (82, 3, 1.0, 4), (300, 5, 1.0, 4), (38, 6, 1.0, 4), (501, 8, 1.0, 4), (210, 5, 1.0, 2), (169, 6, 1.0, 4), (144, 7, 1.0, 4), (170, 5, 1.0, 4)]
=: [(771, 9, 1.0, 4), (484, 13, 1.0, 3), (381, 1, 1.0, 1), (184, 5, 1.0, 4), (33, 5, 1.0, 3), (1, 2, 1.0, 2), (208, 4, 1.0, 3), (15, 3, 1.0, 3), (175, 3, 1.0, 4), (471, 7, 1.0, 3), (137, 4, 1.0, 4), (94, 4, 1.0, 3), (302, 5, 1.0, 2), (125, 4, 1.0, 3), (370, 8, 1.0, 3), (29, 3, 1.0, 3), (8, 5, 1.0, 2), (40, 4, 1.0, 4), (131, 3, 1.0, 1), (27, 3, 1.0, 1), (203, 6, 1.0, 3), (14, 3, 1.0, 3), (96, 6, 1.0, 4), (264, 4, 1.0, 4), (11, 1, 1.0, 2), (9, 3, 1.0, 2), (239, 7, 1.0, 4), (261, 6, 1.0, 3), (30, 4, 1.0, 3), (198, 6, 1.0, 4), (71, 4, 1.0, 3), (303, 4, 1.0, 2), (330, 4, 1.0, 4), (51, 4, 1.0, 3), (93, 3, 1.0, 3), (257, 9, 1.0, 4), (149, 8, 1.0, 1), (48, 3, 1.0, 3), (121, 7, 1.0, 4), (211, 5, 1.0, 2), (1176, 10, 1.0, 4), (373, 4, 1.0, 3), (115, 3, 1.0, 4), (3, 2, 1.0, 4), (206, 6, 1.0, 3), (101, 7, 1.0, 4), (52, 3, 1.0, 3), (124, 3, 1.0, 3), (217, 4, 1.0, 3), (349, 10, 1.0, 3), (540, 6, 1.0, 4), (10, 2, 1.0, 2), (35, 4, 1.0, 3), (1511, 14, 1.0, 4), (103, 5, 1.0, 4), (181, 7, 1.0, 3), (45, 3, 1.0, 3), (87, 5, 1.0, 4), (2068, 7, 1.0, 4), (122, 6, 1.0, 4), (54, 3, 1.0, 1), (233, 8, 1.0, 4), (168, 7, 1.0, 4), (375, 7, 1.0, 2), (328, 6, 1.0, 3), (888, 6, 1.0, 4), (50, 3, 1.0, 3), (380, 2, 1.0, 1), (550, 4, 1.0, 1), (127, 2, 1.0, 3), (39, 5, 1.0, 4), (145, 5, 1.0, 4), (126, 3, 1.0, 4), (13, 2, 1.0, 2), (316, 6, 1.0, 1), (47, 6, 1.0, 3), (947, 9, 1.0, 4), (1328, 14, 1.0, 3), (649, 9, 1.0, 4), (82, 3, 1.0, 4), (300, 5, 1.0, 4), (38, 6, 1.0, 4), (501, 8, 1.0, 4), (210, 5, 1.0, 2), (169, 6, 1.0, 4), (144, 7, 1.0, 4), (170, 5, 1.0, 4), (329, 5, 1.0, 4)]
=: [(771, 9, 1.0, 4), (484, 13, 1.0, 3), (381, 1, 1.0, 1), (184, 5, 1.0, 4), (33, 5, 1.0, 3), (1, 2, 1.0, 2), (208, 4, 1.0, 3), (15, 3, 1.0, 3), (175, 3, 1.0, 4), (471, 7, 1.0, 3), (137, 4, 1.0, 4), (94, 4, 1.0, 3), (302, 5, 1.0, 2), (125, 4, 1.0, 3), (370, 8, 1.0, 3), (29, 3, 1.0, 3), (8, 5, 1.0, 2), (40, 4, 1.0, 4), (131, 3, 1.0, 1), (27, 3, 1.0, 1), (203, 6, 1.0, 3), (14, 3, 1.0, 3), (96, 6, 1.0, 4), (264, 4, 1.0, 4), (11, 1, 1.0, 2), (9, 3, 1.0, 2), (239, 7, 1.0, 4), (261, 6, 1.0, 3), (30, 4, 1.0, 3), (198, 6, 1.0, 4), (71, 4, 1.0, 3), (303, 4, 1.0, 2), (330, 4, 1.0, 4), (51, 4, 1.0, 3), (93, 3, 1.0, 3), (257, 9, 1.0, 4), (149, 8, 1.0, 1), (48, 3, 1.0, 3), (121, 7, 1.0, 4), (211, 5, 1.0, 2), (1176, 10, 1.0, 4), (373, 4, 1.0, 3), (115, 3, 1.0, 4), (3, 2, 1.0, 4), (206, 6, 1.0, 3), (101, 7, 1.0, 4), (52, 3, 1.0, 3), (124, 3, 1.0, 3), (217, 4, 1.0, 3), (349, 10, 1.0, 3), (540, 6, 1.0, 4), (10, 2, 1.0, 2), (35, 4, 1.0, 3), (1511, 14, 1.0, 4), (103, 5, 1.0, 4), (181, 7, 1.0, 3), (45, 3, 1.0, 3), (87, 5, 1.0, 4), (2068, 7, 1.0, 4), (122, 6, 1.0, 4), (54, 3, 1.0, 1), (233, 8, 1.0, 4), (168, 7, 1.0, 4), (375, 7, 1.0, 2), (328, 6, 1.0, 3), (888, 6, 1.0, 4), (50, 3, 1.0, 3), (380, 2, 1.0, 1), (550, 4, 1.0, 1), (127, 2, 1.0, 3), (39, 5, 1.0, 4), (145, 5, 1.0, 4), (126, 3, 1.0, 4), (13, 2, 1.0, 2), (316, 6, 1.0, 1), (47, 6, 1.0, 3), (947, 9, 1.0, 4), (1328, 14, 1.0, 3), (649, 9, 1.0, 4), (82, 3, 1.0, 4), (300, 5, 1.0, 4), (38, 6, 1.0, 4), (501, 8, 1.0, 4), (210, 5, 1.0, 2), (169, 6, 1.0, 4), (144, 7, 1.0, 4), (170, 5, 1.0, 4), (329, 5, 1.0, 4), (111, 4, 1.0, 4)]
=: [(771, 9, 1.0, 4), (484, 13, 1.0, 3), (381, 1, 1.0, 1), (184, 5, 1.0, 4), (33, 5, 1.0, 3), (1, 2, 1.0, 2), (208, 4, 1.0, 3), (15, 3, 1.0, 3), (175, 3, 1.0, 4), (471, 7, 1.0, 3), (137, 4, 1.0, 4), (94, 4, 1.0, 3), (302, 5, 1.0, 2), (125, 4, 1.0, 3), (370, 8, 1.0, 3), (29, 3, 1.0, 3), (8, 5, 1.0, 2), (40, 4, 1.0, 4), (131, 3, 1.0, 1), (27, 3, 1.0, 1), (203, 6, 1.0, 3), (14, 3, 1.0, 3), (96, 6, 1.0, 4), (264, 4, 1.0, 4), (11, 1, 1.0, 2), (9, 3, 1.0, 2), (239, 7, 1.0, 4), (261, 6, 1.0, 3), (30, 4, 1.0, 3), (198, 6, 1.0, 4), (71, 4, 1.0, 3), (303, 4, 1.0, 2), (330, 4, 1.0, 4), (51, 4, 1.0, 3), (93, 3, 1.0, 3), (257, 9, 1.0, 4), (149, 8, 1.0, 1), (48, 3, 1.0, 3), (121, 7, 1.0, 4), (211, 5, 1.0, 2), (1176, 10, 1.0, 4), (373, 4, 1.0, 3), (115, 3, 1.0, 4), (3, 2, 1.0, 4), (206, 6, 1.0, 3), (101, 7, 1.0, 4), (52, 3, 1.0, 3), (124, 3, 1.0, 3), (217, 4, 1.0, 3), (349, 10, 1.0, 3), (540, 6, 1.0, 4), (10, 2, 1.0, 2), (35, 4, 1.0, 3), (1511, 14, 1.0, 4), (103, 5, 1.0, 4), (181, 7, 1.0, 3), (45, 3, 1.0, 3), (87, 5, 1.0, 4), (2068, 7, 1.0, 4), (122, 6, 1.0, 4), (54, 3, 1.0, 1), (233, 8, 1.0, 4), (168, 7, 1.0, 4), (375, 7, 1.0, 2), (328, 6, 1.0, 3), (888, 6, 1.0, 4), (50, 3, 1.0, 3), (380, 2, 1.0, 1), (550, 4, 1.0, 1), (127, 2, 1.0, 3), (39, 5, 1.0, 4), (145, 5, 1.0, 4), (126, 3, 1.0, 4), (13, 2, 1.0, 2), (316, 6, 1.0, 1), (47, 6, 1.0, 3), (947, 9, 1.0, 4), (1328, 14, 1.0, 3), (649, 9, 1.0, 4), (82, 3, 1.0, 4), (300, 5, 1.0, 4), (38, 6, 1.0, 4), (501, 8, 1.0, 4), (210, 5, 1.0, 2), (169, 6, 1.0, 4), (144, 7, 1.0, 4), (170, 5, 1.0, 4), (329, 5, 1.0, 4), (111, 4, 1.0, 4), (778, 7, 1.0, 4)]
=: [(771, 9, 1.0, 4), (484, 13, 1.0, 3), (381, 1, 1.0, 1), (184, 5, 1.0, 4), (33, 5, 1.0, 3), (1, 2, 1.0, 2), (208, 4, 1.0, 3), (15, 3, 1.0, 3), (175, 3, 1.0, 4), (471, 7, 1.0, 3), (137, 4, 1.0, 4), (94, 4, 1.0, 3), (302, 5, 1.0, 2), (125, 4, 1.0, 3), (370, 8, 1.0, 3), (29, 3, 1.0, 3), (8, 5, 1.0, 2), (40, 4, 1.0, 4), (131, 3, 1.0, 1), (27, 3, 1.0, 1), (203, 6, 1.0, 3), (14, 3, 1.0, 3), (96, 6, 1.0, 4), (264, 4, 1.0, 4), (11, 1, 1.0, 2), (9, 3, 1.0, 2), (239, 7, 1.0, 4), (261, 6, 1.0, 3), (30, 4, 1.0, 3), (198, 6, 1.0, 4), (71, 4, 1.0, 3), (303, 4, 1.0, 2), (330, 4, 1.0, 4), (51, 4, 1.0, 3), (93, 3, 1.0, 3), (257, 9, 1.0, 4), (149, 8, 1.0, 1), (48, 3, 1.0, 3), (121, 7, 1.0, 4), (211, 5, 1.0, 2), (1176, 10, 1.0, 4), (373, 4, 1.0, 3), (115, 3, 1.0, 4), (3, 2, 1.0, 4), (206, 6, 1.0, 3), (101, 7, 1.0, 4), (52, 3, 1.0, 3), (124, 3, 1.0, 3), (217, 4, 1.0, 3), (349, 10, 1.0, 3), (540, 6, 1.0, 4), (10, 2, 1.0, 2), (35, 4, 1.0, 3), (1511, 14, 1.0, 4), (103, 5, 1.0, 4), (181, 7, 1.0, 3), (45, 3, 1.0, 3), (87, 5, 1.0, 4), (2068, 7, 1.0, 4), (122, 6, 1.0, 4), (54, 3, 1.0, 1), (233, 8, 1.0, 4), (168, 7, 1.0, 4), (375, 7, 1.0, 2), (328, 6, 1.0, 3), (888, 6, 1.0, 4), (50, 3, 1.0, 3), (380, 2, 1.0, 1), (550, 4, 1.0, 1), (127, 2, 1.0, 3), (39, 5, 1.0, 4), (145, 5, 1.0, 4), (126, 3, 1.0, 4), (13, 2, 1.0, 2), (316, 6, 1.0, 1), (47, 6, 1.0, 3), (947, 9, 1.0, 4), (1328, 14, 1.0, 3), (649, 9, 1.0, 4), (82, 3, 1.0, 4), (300, 5, 1.0, 4), (38, 6, 1.0, 4), (501, 8, 1.0, 4), (210, 5, 1.0, 2), (169, 6, 1.0, 4), (144, 7, 1.0, 4), (170, 5, 1.0, 4), (329, 5, 1.0, 4), (111, 4, 1.0, 4), (778, 7, 1.0, 4), (0, 3, 1.0, 3)]
using time: 1299.0897951126099>: [(2652, 1, 0.625, 0)]
>: [(1235, 5, 0.90000000000000002, 4)]
>: [(395, 4, 0.92500000000000004, 1)]
>: [(593, 7, 0.97499999999999998, 4)]
>: [(771, 9, 1.0, 4)]
=: [(771, 9, 1.0, 4), (484, 13, 1.0, 3)]
=: [(771, 9, 1.0, 4), (484, 13, 1.0, 3), (381, 1, 1.0, 1)]
=: [(771, 9, 1.0, 4), (484, 13, 1.0, 3), (381, 1, 1.0, 1), (184, 5, 1.0, 4)]
=: [(771, 9, 1.0, 4), (484, 13, 1.0, 3), (381, 1, 1.0, 1), (184, 5, 1.0, 4), (33, 5, 1.0, 3)]
