>: [(7734, 13, 0.9375, 0)]
>: [(3380, 11, 0.94285714285714284, 4)]
>: [(2952, 16, 0.9437500000000002, 1)]
>: [(649, 10, 0.95089285714285732, 3)]
>: [(236, 11, 0.97142857142857153, 1)]
=: [(236, 11, 0.97142857142857153, 1), (118, 9, 0.97142857142857153, 4)]
=: [(236, 11, 0.97142857142857153, 1), (118, 9, 0.97142857142857153, 4), (2256, 12, 0.97142857142857153, 0)]
=: [(236, 11, 0.97142857142857153, 1), (118, 9, 0.97142857142857153, 4), (2256, 12, 0.97142857142857153, 0), (115, 9, 0.97142857142857153, 4)]
=: [(236, 11, 0.97142857142857153, 1), (118, 9, 0.97142857142857153, 4), (2256, 12, 0.97142857142857153, 0), (115, 9, 0.97142857142857153, 4), (2042, 9, 0.97142857142857153, 0)]
=: [(236, 11, 0.97142857142857153, 1), (118, 9, 0.97142857142857153, 4), (2256, 12, 0.97142857142857153, 0), (115, 9, 0.97142857142857153, 4), (2042, 9, 0.97142857142857153, 0), (758, 15, 0.97142857142857153, 4)]
=: [(236, 11, 0.97142857142857153, 1), (118, 9, 0.97142857142857153, 4), (2256, 12, 0.97142857142857153, 0), (115, 9, 0.97142857142857153, 4), (2042, 9, 0.97142857142857153, 0), (758, 15, 0.97142857142857153, 4), (766, 8, 0.97142857142857153, 3)]
=: [(236, 11, 0.97142857142857153, 1), (118, 9, 0.97142857142857153, 4), (2256, 12, 0.97142857142857153, 0), (115, 9, 0.97142857142857153, 4), (2042, 9, 0.97142857142857153, 0), (758, 15, 0.97142857142857153, 4), (766, 8, 0.97142857142857153, 3), (237, 13, 0.97142857142857153, 1)]
=: [(236, 11, 0.97142857142857153, 1), (118, 9, 0.97142857142857153, 4), (2256, 12, 0.97142857142857153, 0), (115, 9, 0.97142857142857153, 4), (2042, 9, 0.97142857142857153, 0), (758, 15, 0.97142857142857153, 4), (766, 8, 0.97142857142857153, 3), (237, 13, 0.97142857142857153, 1), (817, 10, 0.97142857142857153, 0)]
=: [(236, 11, 0.97142857142857153, 1), (118, 9, 0.97142857142857153, 4), (2256, 12, 0.97142857142857153, 0), (115, 9, 0.97142857142857153, 4), (2042, 9, 0.97142857142857153, 0), (758, 15, 0.97142857142857153, 4), (766, 8, 0.97142857142857153, 3), (237, 13, 0.97142857142857153, 1), (817, 10, 0.97142857142857153, 0), (1055, 17, 0.97142857142857153, 4)]
=: [(236, 11, 0.97142857142857153, 1), (118, 9, 0.97142857142857153, 4), (2256, 12, 0.97142857142857153, 0), (115, 9, 0.97142857142857153, 4), (2042, 9, 0.97142857142857153, 0), (758, 15, 0.97142857142857153, 4), (766, 8, 0.97142857142857153, 3), (237, 13, 0.97142857142857153, 1), (817, 10, 0.97142857142857153, 0), (1055, 17, 0.97142857142857153, 4), (1591, 15, 0.97142857142857153, 0)]
=: [(236, 11, 0.97142857142857153, 1), (118, 9, 0.97142857142857153, 4), (2256, 12, 0.97142857142857153, 0), (115, 9, 0.97142857142857153, 4), (2042, 9, 0.97142857142857153, 0), (758, 15, 0.97142857142857153, 4), (766, 8, 0.97142857142857153, 3), (237, 13, 0.97142857142857153, 1), (817, 10, 0.97142857142857153, 0), (1055, 17, 0.97142857142857153, 4), (1591, 15, 0.97142857142857153, 0), (418, 10, 0.97142857142857153, 4)]
=: [(236, 11, 0.97142857142857153, 1), (118, 9, 0.97142857142857153, 4), (2256, 12, 0.97142857142857153, 0), (115, 9, 0.97142857142857153, 4), (2042, 9, 0.97142857142857153, 0), (758, 15, 0.97142857142857153, 4), (766, 8, 0.97142857142857153, 3), (237, 13, 0.97142857142857153, 1), (817, 10, 0.97142857142857153, 0), (1055, 17, 0.97142857142857153, 4), (1591, 15, 0.97142857142857153, 0), (418, 10, 0.97142857142857153, 4), (241, 6, 0.97142857142857153, 4)]
=: [(236, 11, 0.97142857142857153, 1), (118, 9, 0.97142857142857153, 4), (2256, 12, 0.97142857142857153, 0), (115, 9, 0.97142857142857153, 4), (2042, 9, 0.97142857142857153, 0), (758, 15, 0.97142857142857153, 4), (766, 8, 0.97142857142857153, 3), (237, 13, 0.97142857142857153, 1), (817, 10, 0.97142857142857153, 0), (1055, 17, 0.97142857142857153, 4), (1591, 15, 0.97142857142857153, 0), (418, 10, 0.97142857142857153, 4), (241, 6, 0.97142857142857153, 4), (447, 14, 0.97142857142857153, 1)]
=: [(236, 11, 0.97142857142857153, 1), (118, 9, 0.97142857142857153, 4), (2256, 12, 0.97142857142857153, 0), (115, 9, 0.97142857142857153, 4), (2042, 9, 0.97142857142857153, 0), (758, 15, 0.97142857142857153, 4), (766, 8, 0.97142857142857153, 3), (237, 13, 0.97142857142857153, 1), (817, 10, 0.97142857142857153, 0), (1055, 17, 0.97142857142857153, 4), (1591, 15, 0.97142857142857153, 0), (418, 10, 0.97142857142857153, 4), (241, 6, 0.97142857142857153, 4), (447, 14, 0.97142857142857153, 1), (238, 9, 0.97142857142857153, 4)]
=: [(236, 11, 0.97142857142857153, 1), (118, 9, 0.97142857142857153, 4), (2256, 12, 0.97142857142857153, 0), (115, 9, 0.97142857142857153, 4), (2042, 9, 0.97142857142857153, 0), (758, 15, 0.97142857142857153, 4), (766, 8, 0.97142857142857153, 3), (237, 13, 0.97142857142857153, 1), (817, 10, 0.97142857142857153, 0), (1055, 17, 0.97142857142857153, 4), (1591, 15, 0.97142857142857153, 0), (418, 10, 0.97142857142857153, 4), (241, 6, 0.97142857142857153, 4), (447, 14, 0.97142857142857153, 1), (238, 9, 0.97142857142857153, 4), (816, 10, 0.97142857142857153, 0)]
=: [(236, 11, 0.97142857142857153, 1), (118, 9, 0.97142857142857153, 4), (2256, 12, 0.97142857142857153, 0), (115, 9, 0.97142857142857153, 4), (2042, 9, 0.97142857142857153, 0), (758, 15, 0.97142857142857153, 4), (766, 8, 0.97142857142857153, 3), (237, 13, 0.97142857142857153, 1), (817, 10, 0.97142857142857153, 0), (1055, 17, 0.97142857142857153, 4), (1591, 15, 0.97142857142857153, 0), (418, 10, 0.97142857142857153, 4), (241, 6, 0.97142857142857153, 4), (447, 14, 0.97142857142857153, 1), (238, 9, 0.97142857142857153, 4), (816, 10, 0.97142857142857153, 0), (136, 5, 0.97142857142857153, 1)]
=: [(236, 11, 0.97142857142857153, 1), (118, 9, 0.97142857142857153, 4), (2256, 12, 0.97142857142857153, 0), (115, 9, 0.97142857142857153, 4), (2042, 9, 0.97142857142857153, 0), (758, 15, 0.97142857142857153, 4), (766, 8, 0.97142857142857153, 3), (237, 13, 0.97142857142857153, 1), (817, 10, 0.97142857142857153, 0), (1055, 17, 0.97142857142857153, 4), (1591, 15, 0.97142857142857153, 0), (418, 10, 0.97142857142857153, 4), (241, 6, 0.97142857142857153, 4), (447, 14, 0.97142857142857153, 1), (238, 9, 0.97142857142857153, 4), (816, 10, 0.97142857142857153, 0), (136, 5, 0.97142857142857153, 1), (444, 14, 0.97142857142857153, 1)]
>: [(1676, 10, 0.97857142857142865, 1)]
using time: 12879.72505068779