>: [(3867, 10, 0.73363636363636353, 4)]
>: [(1476, 5, 0.77545454545454551, 0)]
>: [(324, 14, 0.85090909090909095, 4)]
>: [(420, 9, 0.89090909090909098, 4)]
>: [(153, 17, 0.89363636363636378, 4)]
>: [(91, 17, 0.92000000000000015, 1)]
>: [(42, 10, 0.93000000000000005, 3)]
=: [(42, 10, 0.93000000000000005, 3), (14, 6, 0.93000000000000005, 3)]
=: [(42, 10, 0.93000000000000005, 3), (14, 6, 0.93000000000000005, 3), (130, 11, 0.93000000000000005, 4)]
=: [(42, 10, 0.93000000000000005, 3), (14, 6, 0.93000000000000005, 3), (130, 11, 0.93000000000000005, 4), (43, 10, 0.93000000000000005, 3)]
>: [(9, 6, 0.94090909090909081, 3)]
>: [(6, 6, 0.95090909090909093, 1)]
using time: 3729.5553278923035