>: [(15469, 1, 0.59000000000000008, 3)]
>: [(19876, 3, 0.64727272727272722, 1)]
>: [(47265, 1, 0.6587878787878787, 3)]
>: [(5904, 4, 0.68343434343434351, 4)]
>: [(4359, 5, 0.69141414141414148, 2)]
>: [(1298, 2, 0.73212121212121217, 1)]
>: [(3856, 13, 0.74010101010101015, 4)]
>: [(4037, 8, 0.76505050505050509, 0)]
>: [(691, 2, 0.78050505050505037, 0)]
>: [(173, 15, 0.79333333333333333, 3)]
>: [(19, 7, 0.80848484848484858, 0)]
>: [(2206, 7, 0.81161616161616157, 0)]
>: [(8708, 1, 0.82060606060606067, 2)]
using time: 14908.506943702698