>: [(3792, 1, 0.75476190476190474, 0)]
=: [(3792, 1, 0.75476190476190474, 0), (5023, 1, 0.75476190476190474, 0)]
>: [(3058, 3, 0.77321428571428563, 3)]
>: [(2188, 4, 0.77976190476190477, 1)]
>: [(1134, 10, 0.83214285714285707, 1)]
>: [(52, 9, 0.97499999999999998, 0)]
=: [(52, 9, 0.97499999999999998, 0), (192, 17, 0.97499999999999998, 1)]
=: [(52, 9, 0.97499999999999998, 0), (192, 17, 0.97499999999999998, 1), (443, 6, 0.97499999999999998, 0)]
=: [(52, 9, 0.97499999999999998, 0), (192, 17, 0.97499999999999998, 1), (443, 6, 0.97499999999999998, 0), (5, 11, 0.97499999999999998, 0)]
=: [(52, 9, 0.97499999999999998, 0), (192, 17, 0.97499999999999998, 1), (443, 6, 0.97499999999999998, 0), (5, 11, 0.97499999999999998, 0), (208, 8, 0.97499999999999998, 0)]
>: [(97, 11, 0.98750000000000004, 0)]
=: [(97, 11, 0.98750000000000004, 0), (106, 9, 0.98750000000000004, 0)]
=: [(97, 11, 0.98750000000000004, 0), (106, 9, 0.98750000000000004, 0), (98, 9, 0.98750000000000004, 1)]
=: [(97, 11, 0.98750000000000004, 0), (106, 9, 0.98750000000000004, 0), (98, 9, 0.98750000000000004, 1), (94, 11, 0.98750000000000004, 1)]
=: [(97, 11, 0.98750000000000004, 0), (106, 9, 0.98750000000000004, 0), (98, 9, 0.98750000000000004, 1), (94, 11, 0.98750000000000004, 1), (100, 10, 0.98750000000000004, 3)]
=: [(97, 11, 0.98750000000000004, 0), (106, 9, 0.98750000000000004, 0), (98, 9, 0.98750000000000004, 1), (94, 11, 0.98750000000000004, 1), (100, 10, 0.98750000000000004, 3), (11, 6, 0.98750000000000004, 1)]
=: [(97, 11, 0.98750000000000004, 0), (106, 9, 0.98750000000000004, 0), (98, 9, 0.98750000000000004, 1), (94, 11, 0.98750000000000004, 1), (100, 10, 0.98750000000000004, 3), (11, 6, 0.98750000000000004, 1), (365, 23, 0.98750000000000004, 4)]
=: [(97, 11, 0.98750000000000004, 0), (106, 9, 0.98750000000000004, 0), (98, 9, 0.98750000000000004, 1), (94, 11, 0.98750000000000004, 1), (100, 10, 0.98750000000000004, 3), (11, 6, 0.98750000000000004, 1), (365, 23, 0.98750000000000004, 4), (128, 11, 0.98750000000000004, 1)]
=: [(97, 11, 0.98750000000000004, 0), (106, 9, 0.98750000000000004, 0), (98, 9, 0.98750000000000004, 1), (94, 11, 0.98750000000000004, 1), (100, 10, 0.98750000000000004, 3), (11, 6, 0.98750000000000004, 1), (365, 23, 0.98750000000000004, 4), (128, 11, 0.98750000000000004, 1), (103, 11, 0.98750000000000004, 0)]
=: [(97, 11, 0.98750000000000004, 0), (106, 9, 0.98750000000000004, 0), (98, 9, 0.98750000000000004, 1), (94, 11, 0.98750000000000004, 1), (100, 10, 0.98750000000000004, 3), (11, 6, 0.98750000000000004, 1), (365, 23, 0.98750000000000004, 4), (128, 11, 0.98750000000000004, 1), (103, 11, 0.98750000000000004, 0), (93, 10, 0.98750000000000004, 1)]
=: [(97, 11, 0.98750000000000004, 0), (106, 9, 0.98750000000000004, 0), (98, 9, 0.98750000000000004, 1), (94, 11, 0.98750000000000004, 1), (100, 10, 0.98750000000000004, 3), (11, 6, 0.98750000000000004, 1), (365, 23, 0.98750000000000004, 4), (128, 11, 0.98750000000000004, 1), (103, 11, 0.98750000000000004, 0), (93, 10, 0.98750000000000004, 1), (105, 11, 0.98750000000000004, 0)]
=: [(97, 11, 0.98750000000000004, 0), (106, 9, 0.98750000000000004, 0), (98, 9, 0.98750000000000004, 1), (94, 11, 0.98750000000000004, 1), (100, 10, 0.98750000000000004, 3), (11, 6, 0.98750000000000004, 1), (365, 23, 0.98750000000000004, 4), (128, 11, 0.98750000000000004, 1), (103, 11, 0.98750000000000004, 0), (93, 10, 0.98750000000000004, 1), (105, 11, 0.98750000000000004, 0), (99, 8, 0.98750000000000004, 3)]
=: [(97, 11, 0.98750000000000004, 0), (106, 9, 0.98750000000000004, 0), (98, 9, 0.98750000000000004, 1), (94, 11, 0.98750000000000004, 1), (100, 10, 0.98750000000000004, 3), (11, 6, 0.98750000000000004, 1), (365, 23, 0.98750000000000004, 4), (128, 11, 0.98750000000000004, 1), (103, 11, 0.98750000000000004, 0), (93, 10, 0.98750000000000004, 1), (105, 11, 0.98750000000000004, 0), (99, 8, 0.98750000000000004, 3), (35, 8, 0.98750000000000004, 0)]
using time: 1835.7851259708405