>: [(550, 11, 0.86666666666666659, 0)]
>: [(482, 19, 0.90000000000000002, 3)]
>: [(384, 11, 0.94999999999999996, 0)]
>: [(116, 14, 0.95833333333333337, 4)]
>: [(104, 12, 0.97499999999999998, 0)]
>: [(37, 9, 1.0, 0)]
=: [(37, 9, 1.0, 0), (40, 6, 1.0, 0)]
=: [(37, 9, 1.0, 0), (40, 6, 1.0, 0), (44, 10, 1.0, 4)]
=: [(37, 9, 1.0, 0), (40, 6, 1.0, 0), (44, 10, 1.0, 4), (16, 5, 1.0, 3)]
=: [(37, 9, 1.0, 0), (40, 6, 1.0, 0), (44, 10, 1.0, 4), (16, 5, 1.0, 3), (54, 15, 1.0, 3)]
=: [(37, 9, 1.0, 0), (40, 6, 1.0, 0), (44, 10, 1.0, 4), (16, 5, 1.0, 3), (54, 15, 1.0, 3), (3, 6, 1.0, 0)]
=: [(37, 9, 1.0, 0), (40, 6, 1.0, 0), (44, 10, 1.0, 4), (16, 5, 1.0, 3), (54, 15, 1.0, 3), (3, 6, 1.0, 0), (41, 7, 1.0, 0)]
=: [(37, 9, 1.0, 0), (40, 6, 1.0, 0), (44, 10, 1.0, 4), (16, 5, 1.0, 3), (54, 15, 1.0, 3), (3, 6, 1.0, 0), (41, 7, 1.0, 0), (35, 11, 1.0, 0)]
=: [(37, 9, 1.0, 0), (40, 6, 1.0, 0), (44, 10, 1.0, 4), (16, 5, 1.0, 3), (54, 15, 1.0, 3), (3, 6, 1.0, 0), (41, 7, 1.0, 0), (35, 11, 1.0, 0), (39, 6, 1.0, 4)]
=: [(37, 9, 1.0, 0), (40, 6, 1.0, 0), (44, 10, 1.0, 4), (16, 5, 1.0, 3), (54, 15, 1.0, 3), (3, 6, 1.0, 0), (41, 7, 1.0, 0), (35, 11, 1.0, 0), (39, 6, 1.0, 4), (208, 16, 1.0, 4)]
=: [(37, 9, 1.0, 0), (40, 6, 1.0, 0), (44, 10, 1.0, 4), (16, 5, 1.0, 3), (54, 15, 1.0, 3), (3, 6, 1.0, 0), (41, 7, 1.0, 0), (35, 11, 1.0, 0), (39, 6, 1.0, 4), (208, 16, 1.0, 4), (2, 7, 1.0, 0)]
=: [(37, 9, 1.0, 0), (40, 6, 1.0, 0), (44, 10, 1.0, 4), (16, 5, 1.0, 3), (54, 15, 1.0, 3), (3, 6, 1.0, 0), (41, 7, 1.0, 0), (35, 11, 1.0, 0), (39, 6, 1.0, 4), (208, 16, 1.0, 4), (2, 7, 1.0, 0), (48, 10, 1.0, 3)]
=: [(37, 9, 1.0, 0), (40, 6, 1.0, 0), (44, 10, 1.0, 4), (16, 5, 1.0, 3), (54, 15, 1.0, 3), (3, 6, 1.0, 0), (41, 7, 1.0, 0), (35, 11, 1.0, 0), (39, 6, 1.0, 4), (208, 16, 1.0, 4), (2, 7, 1.0, 0), (48, 10, 1.0, 3), (460, 26, 1.0, 4)]
=: [(37, 9, 1.0, 0), (40, 6, 1.0, 0), (44, 10, 1.0, 4), (16, 5, 1.0, 3), (54, 15, 1.0, 3), (3, 6, 1.0, 0), (41, 7, 1.0, 0), (35, 11, 1.0, 0), (39, 6, 1.0, 4), (208, 16, 1.0, 4), (2, 7, 1.0, 0), (48, 10, 1.0, 3), (460, 26, 1.0, 4), (0, 9, 1.0, 4)]
using time: 1148.4273867607117