four acc:
0.870046501808
0.000200074609778

0.816328867903
0.000110752743424

0.86250762353
3.01657382547e-05

0.821320410106
6.60700470973e-05

0.795115216113
4.24561792767e-05

ulcer:

0.775194125319
0.00112644211076

0.754366314241
0.000668183443302

0.840557081807
0.000234478005493

0.731917485292
0.000399100738612

0.766910714286


polyp:

0.799832423311
0.000383989074882

0.77880154733
0.000565502499664

0.75607554547
7.01748003435e-05

0.764808010118
0.000312881944926

0.639261618136
9.0373840089e-05


Gastritis_acc: 

0.759319444444
0.00540232462127

0.502820845821
0.00122177049556

0.663875
0.00211486320154

0.559401979965
0.00129615724902

0.601321428572
0.00110023291446


normal_acc:  
1.0
0.0

1.0
0.0

1.0
0.0

1.0
0.0

1.0
0.0


