>: [(4680, 1, 0.75476190476190474, 0)]
>: [(266, 10, 0.97499999999999998, 0)]
>: [(365, 23, 0.98750000000000004, 4)]
=: [(365, 23, 0.98750000000000004, 4), (100, 10, 0.98750000000000004, 3)]
=: [(365, 23, 0.98750000000000004, 4), (100, 10, 0.98750000000000004, 3), (35, 8, 0.98750000000000004, 0)]
=: [(365, 23, 0.98750000000000004, 4), (100, 10, 0.98750000000000004, 3), (35, 8, 0.98750000000000004, 0), (162, 12, 0.98750000000000004, 3)]
=: [(365, 23, 0.98750000000000004, 4), (100, 10, 0.98750000000000004, 3), (35, 8, 0.98750000000000004, 0), (162, 12, 0.98750000000000004, 3), (125, 11, 0.98750000000000004, 3)]
=: [(365, 23, 0.98750000000000004, 4), (100, 10, 0.98750000000000004, 3), (35, 8, 0.98750000000000004, 0), (162, 12, 0.98750000000000004, 3), (125, 11, 0.98750000000000004, 3), (105, 11, 0.98750000000000004, 0)]
=: [(365, 23, 0.98750000000000004, 4), (100, 10, 0.98750000000000004, 3), (35, 8, 0.98750000000000004, 0), (162, 12, 0.98750000000000004, 3), (125, 11, 0.98750000000000004, 3), (105, 11, 0.98750000000000004, 0), (37, 8, 0.98750000000000004, 0)]
=: [(365, 23, 0.98750000000000004, 4), (100, 10, 0.98750000000000004, 3), (35, 8, 0.98750000000000004, 0), (162, 12, 0.98750000000000004, 3), (125, 11, 0.98750000000000004, 3), (105, 11, 0.98750000000000004, 0), (37, 8, 0.98750000000000004, 0), (207, 6, 0.98750000000000004, 3)]
=: [(365, 23, 0.98750000000000004, 4), (100, 10, 0.98750000000000004, 3), (35, 8, 0.98750000000000004, 0), (162, 12, 0.98750000000000004, 3), (125, 11, 0.98750000000000004, 3), (105, 11, 0.98750000000000004, 0), (37, 8, 0.98750000000000004, 0), (207, 6, 0.98750000000000004, 3), (94, 11, 0.98750000000000004, 1)]
=: [(365, 23, 0.98750000000000004, 4), (100, 10, 0.98750000000000004, 3), (35, 8, 0.98750000000000004, 0), (162, 12, 0.98750000000000004, 3), (125, 11, 0.98750000000000004, 3), (105, 11, 0.98750000000000004, 0), (37, 8, 0.98750000000000004, 0), (207, 6, 0.98750000000000004, 3), (94, 11, 0.98750000000000004, 1), (104, 10, 0.98750000000000004, 0)]
=: [(365, 23, 0.98750000000000004, 4), (100, 10, 0.98750000000000004, 3), (35, 8, 0.98750000000000004, 0), (162, 12, 0.98750000000000004, 3), (125, 11, 0.98750000000000004, 3), (105, 11, 0.98750000000000004, 0), (37, 8, 0.98750000000000004, 0), (207, 6, 0.98750000000000004, 3), (94, 11, 0.98750000000000004, 1), (104, 10, 0.98750000000000004, 0), (130, 8, 0.98750000000000004, 1)]
=: [(365, 23, 0.98750000000000004, 4), (100, 10, 0.98750000000000004, 3), (35, 8, 0.98750000000000004, 0), (162, 12, 0.98750000000000004, 3), (125, 11, 0.98750000000000004, 3), (105, 11, 0.98750000000000004, 0), (37, 8, 0.98750000000000004, 0), (207, 6, 0.98750000000000004, 3), (94, 11, 0.98750000000000004, 1), (104, 10, 0.98750000000000004, 0), (130, 8, 0.98750000000000004, 1), (129, 9, 0.98750000000000004, 1)]
=: [(365, 23, 0.98750000000000004, 4), (100, 10, 0.98750000000000004, 3), (35, 8, 0.98750000000000004, 0), (162, 12, 0.98750000000000004, 3), (125, 11, 0.98750000000000004, 3), (105, 11, 0.98750000000000004, 0), (37, 8, 0.98750000000000004, 0), (207, 6, 0.98750000000000004, 3), (94, 11, 0.98750000000000004, 1), (104, 10, 0.98750000000000004, 0), (130, 8, 0.98750000000000004, 1), (129, 9, 0.98750000000000004, 1), (106, 9, 0.98750000000000004, 0)]
=: [(365, 23, 0.98750000000000004, 4), (100, 10, 0.98750000000000004, 3), (35, 8, 0.98750000000000004, 0), (162, 12, 0.98750000000000004, 3), (125, 11, 0.98750000000000004, 3), (105, 11, 0.98750000000000004, 0), (37, 8, 0.98750000000000004, 0), (207, 6, 0.98750000000000004, 3), (94, 11, 0.98750000000000004, 1), (104, 10, 0.98750000000000004, 0), (130, 8, 0.98750000000000004, 1), (129, 9, 0.98750000000000004, 1), (106, 9, 0.98750000000000004, 0), (206, 7, 0.98750000000000004, 3)]
using time: 1855.22762465477