>: [(18723, 10, 0.74404761904761907, 1)]
>: [(1067, 10, 0.96666666666666656, 3)]
>: [(486, 12, 0.99166666666666659, 4)]
>: [(400, 7, 1.0, 0)]
=: [(400, 7, 1.0, 0), (510, 9, 1.0, 3)]
=: [(400, 7, 1.0, 0), (510, 9, 1.0, 3), (741, 13, 1.0, 3)]
=: [(400, 7, 1.0, 0), (510, 9, 1.0, 3), (741, 13, 1.0, 3), (501, 15, 1.0, 0)]
=: [(400, 7, 1.0, 0), (510, 9, 1.0, 3), (741, 13, 1.0, 3), (501, 15, 1.0, 0), (432, 10, 1.0, 3)]
=: [(400, 7, 1.0, 0), (510, 9, 1.0, 3), (741, 13, 1.0, 3), (501, 15, 1.0, 0), (432, 10, 1.0, 3), (68, 3, 1.0, 3)]
=: [(400, 7, 1.0, 0), (510, 9, 1.0, 3), (741, 13, 1.0, 3), (501, 15, 1.0, 0), (432, 10, 1.0, 3), (68, 3, 1.0, 3), (386, 20, 1.0, 0)]
=: [(400, 7, 1.0, 0), (510, 9, 1.0, 3), (741, 13, 1.0, 3), (501, 15, 1.0, 0), (432, 10, 1.0, 3), (68, 3, 1.0, 3), (386, 20, 1.0, 0), (398, 8, 1.0, 0)]
=: [(400, 7, 1.0, 0), (510, 9, 1.0, 3), (741, 13, 1.0, 3), (501, 15, 1.0, 0), (432, 10, 1.0, 3), (68, 3, 1.0, 3), (386, 20, 1.0, 0), (398, 8, 1.0, 0), (393, 11, 1.0, 4)]
=: [(400, 7, 1.0, 0), (510, 9, 1.0, 3), (741, 13, 1.0, 3), (501, 15, 1.0, 0), (432, 10, 1.0, 3), (68, 3, 1.0, 3), (386, 20, 1.0, 0), (398, 8, 1.0, 0), (393, 11, 1.0, 4), (4224, 14, 1.0, 3)]
=: [(400, 7, 1.0, 0), (510, 9, 1.0, 3), (741, 13, 1.0, 3), (501, 15, 1.0, 0), (432, 10, 1.0, 3), (68, 3, 1.0, 3), (386, 20, 1.0, 0), (398, 8, 1.0, 0), (393, 11, 1.0, 4), (4224, 14, 1.0, 3), (810, 4, 1.0, 0)]
=: [(400, 7, 1.0, 0), (510, 9, 1.0, 3), (741, 13, 1.0, 3), (501, 15, 1.0, 0), (432, 10, 1.0, 3), (68, 3, 1.0, 3), (386, 20, 1.0, 0), (398, 8, 1.0, 0), (393, 11, 1.0, 4), (4224, 14, 1.0, 3), (810, 4, 1.0, 0), (360, 8, 1.0, 0)]
=: [(400, 7, 1.0, 0), (510, 9, 1.0, 3), (741, 13, 1.0, 3), (501, 15, 1.0, 0), (432, 10, 1.0, 3), (68, 3, 1.0, 3), (386, 20, 1.0, 0), (398, 8, 1.0, 0), (393, 11, 1.0, 4), (4224, 14, 1.0, 3), (810, 4, 1.0, 0), (360, 8, 1.0, 0), (9, 7, 1.0, 4)]
=: [(400, 7, 1.0, 0), (510, 9, 1.0, 3), (741, 13, 1.0, 3), (501, 15, 1.0, 0), (432, 10, 1.0, 3), (68, 3, 1.0, 3), (386, 20, 1.0, 0), (398, 8, 1.0, 0), (393, 11, 1.0, 4), (4224, 14, 1.0, 3), (810, 4, 1.0, 0), (360, 8, 1.0, 0), (9, 7, 1.0, 4), (740, 14, 1.0, 3)]
=: [(400, 7, 1.0, 0), (510, 9, 1.0, 3), (741, 13, 1.0, 3), (501, 15, 1.0, 0), (432, 10, 1.0, 3), (68, 3, 1.0, 3), (386, 20, 1.0, 0), (398, 8, 1.0, 0), (393, 11, 1.0, 4), (4224, 14, 1.0, 3), (810, 4, 1.0, 0), (360, 8, 1.0, 0), (9, 7, 1.0, 4), (740, 14, 1.0, 3), (396, 9, 1.0, 0)]
=: [(400, 7, 1.0, 0), (510, 9, 1.0, 3), (741, 13, 1.0, 3), (501, 15, 1.0, 0), (432, 10, 1.0, 3), (68, 3, 1.0, 3), (386, 20, 1.0, 0), (398, 8, 1.0, 0), (393, 11, 1.0, 4), (4224, 14, 1.0, 3), (810, 4, 1.0, 0), (360, 8, 1.0, 0), (9, 7, 1.0, 4), (740, 14, 1.0, 3), (396, 9, 1.0, 0), (359, 10, 1.0, 1)]
using time: 12160.583343029022