>: [(18723, 2, 0.64464285714285718, 1)]
>: [(1067, 15, 0.95892857142857157, 1)]
=: [(1067, 15, 0.95892857142857157, 1), (164, 19, 0.95892857142857157, 4)]
>: [(816, 10, 0.97142857142857153, 0)]
=: [(816, 10, 0.97142857142857153, 0), (114, 10, 0.97142857142857153, 4)]
=: [(816, 10, 0.97142857142857153, 0), (114, 10, 0.97142857142857153, 4), (119, 13, 0.97142857142857153, 4)]
=: [(816, 10, 0.97142857142857153, 0), (114, 10, 0.97142857142857153, 4), (119, 13, 0.97142857142857153, 4), (237, 13, 0.97142857142857153, 1)]
=: [(816, 10, 0.97142857142857153, 0), (114, 10, 0.97142857142857153, 4), (119, 13, 0.97142857142857153, 4), (237, 13, 0.97142857142857153, 1), (211, 5, 0.97142857142857153, 3)]
=: [(816, 10, 0.97142857142857153, 0), (114, 10, 0.97142857142857153, 4), (119, 13, 0.97142857142857153, 4), (237, 13, 0.97142857142857153, 1), (211, 5, 0.97142857142857153, 3), (446, 13, 0.97142857142857153, 1)]
=: [(816, 10, 0.97142857142857153, 0), (114, 10, 0.97142857142857153, 4), (119, 13, 0.97142857142857153, 4), (237, 13, 0.97142857142857153, 1), (211, 5, 0.97142857142857153, 3), (446, 13, 0.97142857142857153, 1), (768, 3, 0.97142857142857153, 3)]
=: [(816, 10, 0.97142857142857153, 0), (114, 10, 0.97142857142857153, 4), (119, 13, 0.97142857142857153, 4), (237, 13, 0.97142857142857153, 1), (211, 5, 0.97142857142857153, 3), (446, 13, 0.97142857142857153, 1), (768, 3, 0.97142857142857153, 3), (755, 18, 0.97142857142857153, 4)]
=: [(816, 10, 0.97142857142857153, 0), (114, 10, 0.97142857142857153, 4), (119, 13, 0.97142857142857153, 4), (237, 13, 0.97142857142857153, 1), (211, 5, 0.97142857142857153, 3), (446, 13, 0.97142857142857153, 1), (768, 3, 0.97142857142857153, 3), (755, 18, 0.97142857142857153, 4), (1593, 13, 0.97142857142857153, 0)]
=: [(816, 10, 0.97142857142857153, 0), (114, 10, 0.97142857142857153, 4), (119, 13, 0.97142857142857153, 4), (237, 13, 0.97142857142857153, 1), (211, 5, 0.97142857142857153, 3), (446, 13, 0.97142857142857153, 1), (768, 3, 0.97142857142857153, 3), (755, 18, 0.97142857142857153, 4), (1593, 13, 0.97142857142857153, 0), (118, 9, 0.97142857142857153, 4)]
=: [(816, 10, 0.97142857142857153, 0), (114, 10, 0.97142857142857153, 4), (119, 13, 0.97142857142857153, 4), (237, 13, 0.97142857142857153, 1), (211, 5, 0.97142857142857153, 3), (446, 13, 0.97142857142857153, 1), (768, 3, 0.97142857142857153, 3), (755, 18, 0.97142857142857153, 4), (1593, 13, 0.97142857142857153, 0), (118, 9, 0.97142857142857153, 4), (241, 6, 0.97142857142857153, 4)]
=: [(816, 10, 0.97142857142857153, 0), (114, 10, 0.97142857142857153, 4), (119, 13, 0.97142857142857153, 4), (237, 13, 0.97142857142857153, 1), (211, 5, 0.97142857142857153, 3), (446, 13, 0.97142857142857153, 1), (768, 3, 0.97142857142857153, 3), (755, 18, 0.97142857142857153, 4), (1593, 13, 0.97142857142857153, 0), (118, 9, 0.97142857142857153, 4), (241, 6, 0.97142857142857153, 4), (1592, 12, 0.97142857142857153, 0)]
=: [(816, 10, 0.97142857142857153, 0), (114, 10, 0.97142857142857153, 4), (119, 13, 0.97142857142857153, 4), (237, 13, 0.97142857142857153, 1), (211, 5, 0.97142857142857153, 3), (446, 13, 0.97142857142857153, 1), (768, 3, 0.97142857142857153, 3), (755, 18, 0.97142857142857153, 4), (1593, 13, 0.97142857142857153, 0), (118, 9, 0.97142857142857153, 4), (241, 6, 0.97142857142857153, 4), (1592, 12, 0.97142857142857153, 0), (136, 5, 0.97142857142857153, 1)]
=: [(816, 10, 0.97142857142857153, 0), (114, 10, 0.97142857142857153, 4), (119, 13, 0.97142857142857153, 4), (237, 13, 0.97142857142857153, 1), (211, 5, 0.97142857142857153, 3), (446, 13, 0.97142857142857153, 1), (768, 3, 0.97142857142857153, 3), (755, 18, 0.97142857142857153, 4), (1593, 13, 0.97142857142857153, 0), (118, 9, 0.97142857142857153, 4), (241, 6, 0.97142857142857153, 4), (1592, 12, 0.97142857142857153, 0), (136, 5, 0.97142857142857153, 1), (1055, 17, 0.97142857142857153, 4)]
=: [(816, 10, 0.97142857142857153, 0), (114, 10, 0.97142857142857153, 4), (119, 13, 0.97142857142857153, 4), (237, 13, 0.97142857142857153, 1), (211, 5, 0.97142857142857153, 3), (446, 13, 0.97142857142857153, 1), (768, 3, 0.97142857142857153, 3), (755, 18, 0.97142857142857153, 4), (1593, 13, 0.97142857142857153, 0), (118, 9, 0.97142857142857153, 4), (241, 6, 0.97142857142857153, 4), (1592, 12, 0.97142857142857153, 0), (136, 5, 0.97142857142857153, 1), (1055, 17, 0.97142857142857153, 4), (292, 10, 0.97142857142857153, 0)]
=: [(816, 10, 0.97142857142857153, 0), (114, 10, 0.97142857142857153, 4), (119, 13, 0.97142857142857153, 4), (237, 13, 0.97142857142857153, 1), (211, 5, 0.97142857142857153, 3), (446, 13, 0.97142857142857153, 1), (768, 3, 0.97142857142857153, 3), (755, 18, 0.97142857142857153, 4), (1593, 13, 0.97142857142857153, 0), (118, 9, 0.97142857142857153, 4), (241, 6, 0.97142857142857153, 4), (1592, 12, 0.97142857142857153, 0), (136, 5, 0.97142857142857153, 1), (1055, 17, 0.97142857142857153, 4), (292, 10, 0.97142857142857153, 0), (922, 7, 0.97142857142857153, 0)]
=: [(816, 10, 0.97142857142857153, 0), (114, 10, 0.97142857142857153, 4), (119, 13, 0.97142857142857153, 4), (237, 13, 0.97142857142857153, 1), (211, 5, 0.97142857142857153, 3), (446, 13, 0.97142857142857153, 1), (768, 3, 0.97142857142857153, 3), (755, 18, 0.97142857142857153, 4), (1593, 13, 0.97142857142857153, 0), (118, 9, 0.97142857142857153, 4), (241, 6, 0.97142857142857153, 4), (1592, 12, 0.97142857142857153, 0), (136, 5, 0.97142857142857153, 1), (1055, 17, 0.97142857142857153, 4), (292, 10, 0.97142857142857153, 0), (922, 7, 0.97142857142857153, 0), (2254, 14, 0.97142857142857153, 0)]
=: [(816, 10, 0.97142857142857153, 0), (114, 10, 0.97142857142857153, 4), (119, 13, 0.97142857142857153, 4), (237, 13, 0.97142857142857153, 1), (211, 5, 0.97142857142857153, 3), (446, 13, 0.97142857142857153, 1), (768, 3, 0.97142857142857153, 3), (755, 18, 0.97142857142857153, 4), (1593, 13, 0.97142857142857153, 0), (118, 9, 0.97142857142857153, 4), (241, 6, 0.97142857142857153, 4), (1592, 12, 0.97142857142857153, 0), (136, 5, 0.97142857142857153, 1), (1055, 17, 0.97142857142857153, 4), (292, 10, 0.97142857142857153, 0), (922, 7, 0.97142857142857153, 0), (2254, 14, 0.97142857142857153, 0), (447, 14, 0.97142857142857153, 1)]
=: [(816, 10, 0.97142857142857153, 0), (114, 10, 0.97142857142857153, 4), (119, 13, 0.97142857142857153, 4), (237, 13, 0.97142857142857153, 1), (211, 5, 0.97142857142857153, 3), (446, 13, 0.97142857142857153, 1), (768, 3, 0.97142857142857153, 3), (755, 18, 0.97142857142857153, 4), (1593, 13, 0.97142857142857153, 0), (118, 9, 0.97142857142857153, 4), (241, 6, 0.97142857142857153, 4), (1592, 12, 0.97142857142857153, 0), (136, 5, 0.97142857142857153, 1), (1055, 17, 0.97142857142857153, 4), (292, 10, 0.97142857142857153, 0), (922, 7, 0.97142857142857153, 0), (2254, 14, 0.97142857142857153, 0), (447, 14, 0.97142857142857153, 1), (443, 16, 0.97142857142857153, 1)]
>: [(209, 6, 0.97232142857142867, 4)]
>: [(1676, 10, 0.97857142857142865, 1)]
using time: 12906.527685880661