>: [(2340, 3, 0.62, 1)]
>: [(133, 4, 0.84999999999999998, 3)]
>: [(60, 9, 0.94999999999999996, 4)]
>: [(182, 18, 0.97499999999999998, 3)]
>: [(16, 5, 1.0, 3)]
=: [(16, 5, 1.0, 3), (207, 16, 1.0, 0)]
=: [(16, 5, 1.0, 3), (207, 16, 1.0, 0), (54, 15, 1.0, 3)]
=: [(16, 5, 1.0, 3), (207, 16, 1.0, 0), (54, 15, 1.0, 3), (40, 6, 1.0, 0)]
=: [(16, 5, 1.0, 3), (207, 16, 1.0, 0), (54, 15, 1.0, 3), (40, 6, 1.0, 0), (48, 10, 1.0, 3)]
=: [(16, 5, 1.0, 3), (207, 16, 1.0, 0), (54, 15, 1.0, 3), (40, 6, 1.0, 0), (48, 10, 1.0, 3), (4, 5, 1.0, 0)]
=: [(16, 5, 1.0, 3), (207, 16, 1.0, 0), (54, 15, 1.0, 3), (40, 6, 1.0, 0), (48, 10, 1.0, 3), (4, 5, 1.0, 0), (39, 6, 1.0, 4)]
=: [(16, 5, 1.0, 3), (207, 16, 1.0, 0), (54, 15, 1.0, 3), (40, 6, 1.0, 0), (48, 10, 1.0, 3), (4, 5, 1.0, 0), (39, 6, 1.0, 4), (38, 8, 1.0, 4)]
=: [(16, 5, 1.0, 3), (207, 16, 1.0, 0), (54, 15, 1.0, 3), (40, 6, 1.0, 0), (48, 10, 1.0, 3), (4, 5, 1.0, 0), (39, 6, 1.0, 4), (38, 8, 1.0, 4), (53, 16, 1.0, 3)]
=: [(16, 5, 1.0, 3), (207, 16, 1.0, 0), (54, 15, 1.0, 3), (40, 6, 1.0, 0), (48, 10, 1.0, 3), (4, 5, 1.0, 0), (39, 6, 1.0, 4), (38, 8, 1.0, 4), (53, 16, 1.0, 3), (2, 7, 1.0, 0)]
=: [(16, 5, 1.0, 3), (207, 16, 1.0, 0), (54, 15, 1.0, 3), (40, 6, 1.0, 0), (48, 10, 1.0, 3), (4, 5, 1.0, 0), (39, 6, 1.0, 4), (38, 8, 1.0, 4), (53, 16, 1.0, 3), (2, 7, 1.0, 0), (37, 9, 1.0, 0)]
=: [(16, 5, 1.0, 3), (207, 16, 1.0, 0), (54, 15, 1.0, 3), (40, 6, 1.0, 0), (48, 10, 1.0, 3), (4, 5, 1.0, 0), (39, 6, 1.0, 4), (38, 8, 1.0, 4), (53, 16, 1.0, 3), (2, 7, 1.0, 0), (37, 9, 1.0, 0), (35, 11, 1.0, 0)]
=: [(16, 5, 1.0, 3), (207, 16, 1.0, 0), (54, 15, 1.0, 3), (40, 6, 1.0, 0), (48, 10, 1.0, 3), (4, 5, 1.0, 0), (39, 6, 1.0, 4), (38, 8, 1.0, 4), (53, 16, 1.0, 3), (2, 7, 1.0, 0), (37, 9, 1.0, 0), (35, 11, 1.0, 0), (458, 28, 1.0, 3)]
=: [(16, 5, 1.0, 3), (207, 16, 1.0, 0), (54, 15, 1.0, 3), (40, 6, 1.0, 0), (48, 10, 1.0, 3), (4, 5, 1.0, 0), (39, 6, 1.0, 4), (38, 8, 1.0, 4), (53, 16, 1.0, 3), (2, 7, 1.0, 0), (37, 9, 1.0, 0), (35, 11, 1.0, 0), (458, 28, 1.0, 3), (41, 7, 1.0, 0)]
=: [(16, 5, 1.0, 3), (207, 16, 1.0, 0), (54, 15, 1.0, 3), (40, 6, 1.0, 0), (48, 10, 1.0, 3), (4, 5, 1.0, 0), (39, 6, 1.0, 4), (38, 8, 1.0, 4), (53, 16, 1.0, 3), (2, 7, 1.0, 0), (37, 9, 1.0, 0), (35, 11, 1.0, 0), (458, 28, 1.0, 3), (41, 7, 1.0, 0), (3, 6, 1.0, 0)]
=: [(16, 5, 1.0, 3), (207, 16, 1.0, 0), (54, 15, 1.0, 3), (40, 6, 1.0, 0), (48, 10, 1.0, 3), (4, 5, 1.0, 0), (39, 6, 1.0, 4), (38, 8, 1.0, 4), (53, 16, 1.0, 3), (2, 7, 1.0, 0), (37, 9, 1.0, 0), (35, 11, 1.0, 0), (458, 28, 1.0, 3), (41, 7, 1.0, 0), (3, 6, 1.0, 0), (0, 9, 1.0, 4)]
using time: 1097.6120865345001