>: [(37447, 2, 0.61454545454545462, 1)]
>: [(2135, 3, 0.70303030303030289, 4)]
>: [(972, 2, 0.71989898989898993, 3)]
>: [(2254, 7, 0.73696969696969705, 1)]
>: [(265, 5, 0.75030303030303025, 0)]
>: [(4259, 7, 0.76030303030303026, 3)]
>: [(2314, 9, 0.76737373737373749, 3)]
>: [(2156, 11, 0.7777777777777779, 3)]
>: [(1051, 7, 0.77808080808080815, 2)]
>: [(871, 7, 0.78101010101010093, 1)]
>: [(642, 6, 0.79959595959595975, 4)]
>: [(8708, 1, 0.82060606060606067, 2)]
>: [(551, 6, 0.83666666666666667, 2)]
using time: 14545.461700677872