>: [(3705, 2, 0.77559523809523812, 3)]
>: [(3814, 11, 0.86071428571428577, 1)]
=: [(3814, 11, 0.86071428571428577, 1), (742, 6, 0.86071428571428577, 1)]
>: [(343, 10, 0.94999999999999996, 4)]
=: [(343, 10, 0.94999999999999996, 4), (246, 15, 0.94999999999999996, 4)]
>: [(37, 8, 0.98750000000000004, 0)]
=: [(37, 8, 0.98750000000000004, 0), (364, 24, 0.98750000000000004, 4)]
=: [(37, 8, 0.98750000000000004, 0), (364, 24, 0.98750000000000004, 4), (101, 13, 0.98750000000000004, 1)]
=: [(37, 8, 0.98750000000000004, 0), (364, 24, 0.98750000000000004, 4), (101, 13, 0.98750000000000004, 1), (128, 11, 0.98750000000000004, 1)]
=: [(37, 8, 0.98750000000000004, 0), (364, 24, 0.98750000000000004, 4), (101, 13, 0.98750000000000004, 1), (128, 11, 0.98750000000000004, 1), (11, 6, 0.98750000000000004, 1)]
=: [(37, 8, 0.98750000000000004, 0), (364, 24, 0.98750000000000004, 4), (101, 13, 0.98750000000000004, 1), (128, 11, 0.98750000000000004, 1), (11, 6, 0.98750000000000004, 1), (93, 10, 0.98750000000000004, 1)]
=: [(37, 8, 0.98750000000000004, 0), (364, 24, 0.98750000000000004, 4), (101, 13, 0.98750000000000004, 1), (128, 11, 0.98750000000000004, 1), (11, 6, 0.98750000000000004, 1), (93, 10, 0.98750000000000004, 1), (32, 11, 0.98750000000000004, 0)]
=: [(37, 8, 0.98750000000000004, 0), (364, 24, 0.98750000000000004, 4), (101, 13, 0.98750000000000004, 1), (128, 11, 0.98750000000000004, 1), (11, 6, 0.98750000000000004, 1), (93, 10, 0.98750000000000004, 1), (32, 11, 0.98750000000000004, 0), (125, 11, 0.98750000000000004, 3)]
=: [(37, 8, 0.98750000000000004, 0), (364, 24, 0.98750000000000004, 4), (101, 13, 0.98750000000000004, 1), (128, 11, 0.98750000000000004, 1), (11, 6, 0.98750000000000004, 1), (93, 10, 0.98750000000000004, 1), (32, 11, 0.98750000000000004, 0), (125, 11, 0.98750000000000004, 3), (103, 11, 0.98750000000000004, 0)]
=: [(37, 8, 0.98750000000000004, 0), (364, 24, 0.98750000000000004, 4), (101, 13, 0.98750000000000004, 1), (128, 11, 0.98750000000000004, 1), (11, 6, 0.98750000000000004, 1), (93, 10, 0.98750000000000004, 1), (32, 11, 0.98750000000000004, 0), (125, 11, 0.98750000000000004, 3), (103, 11, 0.98750000000000004, 0), (129, 9, 0.98750000000000004, 1)]
=: [(37, 8, 0.98750000000000004, 0), (364, 24, 0.98750000000000004, 4), (101, 13, 0.98750000000000004, 1), (128, 11, 0.98750000000000004, 1), (11, 6, 0.98750000000000004, 1), (93, 10, 0.98750000000000004, 1), (32, 11, 0.98750000000000004, 0), (125, 11, 0.98750000000000004, 3), (103, 11, 0.98750000000000004, 0), (129, 9, 0.98750000000000004, 1), (100, 10, 0.98750000000000004, 3)]
=: [(37, 8, 0.98750000000000004, 0), (364, 24, 0.98750000000000004, 4), (101, 13, 0.98750000000000004, 1), (128, 11, 0.98750000000000004, 1), (11, 6, 0.98750000000000004, 1), (93, 10, 0.98750000000000004, 1), (32, 11, 0.98750000000000004, 0), (125, 11, 0.98750000000000004, 3), (103, 11, 0.98750000000000004, 0), (129, 9, 0.98750000000000004, 1), (100, 10, 0.98750000000000004, 3), (99, 8, 0.98750000000000004, 3)]
=: [(37, 8, 0.98750000000000004, 0), (364, 24, 0.98750000000000004, 4), (101, 13, 0.98750000000000004, 1), (128, 11, 0.98750000000000004, 1), (11, 6, 0.98750000000000004, 1), (93, 10, 0.98750000000000004, 1), (32, 11, 0.98750000000000004, 0), (125, 11, 0.98750000000000004, 3), (103, 11, 0.98750000000000004, 0), (129, 9, 0.98750000000000004, 1), (100, 10, 0.98750000000000004, 3), (99, 8, 0.98750000000000004, 3), (207, 6, 0.98750000000000004, 3)]
using time: 1899.6385171413422