>: [(14823, 8, 0.80714285714285716, 3)]
>: [(15258, 22, 0.84017857142857155, 3)]
>: [(14805, 29, 0.84732142857142867, 3)]
>: [(6222, 9, 0.90357142857142869, 0)]
=: [(6222, 9, 0.90357142857142869, 0), (6050, 20, 0.90357142857142869, 0)]
>: [(3084, 9, 0.96428571428571441, 0)]
>: [(150, 5, 0.96517857142857155, 0)]
>: [(2266, 12, 0.97142857142857153, 1)]
=: [(2266, 12, 0.97142857142857153, 1), (1329, 10, 0.97142857142857153, 0)]
=: [(2266, 12, 0.97142857142857153, 1), (1329, 10, 0.97142857142857153, 0), (2042, 9, 0.97142857142857153, 0)]
=: [(2266, 12, 0.97142857142857153, 1), (1329, 10, 0.97142857142857153, 0), (2042, 9, 0.97142857142857153, 0), (755, 18, 0.97142857142857153, 4)]
=: [(2266, 12, 0.97142857142857153, 1), (1329, 10, 0.97142857142857153, 0), (2042, 9, 0.97142857142857153, 0), (755, 18, 0.97142857142857153, 4), (114, 10, 0.97142857142857153, 4)]
=: [(2266, 12, 0.97142857142857153, 1), (1329, 10, 0.97142857142857153, 0), (2042, 9, 0.97142857142857153, 0), (755, 18, 0.97142857142857153, 4), (114, 10, 0.97142857142857153, 4), (449, 8, 0.97142857142857153, 1)]
=: [(2266, 12, 0.97142857142857153, 1), (1329, 10, 0.97142857142857153, 0), (2042, 9, 0.97142857142857153, 0), (755, 18, 0.97142857142857153, 4), (114, 10, 0.97142857142857153, 4), (449, 8, 0.97142857142857153, 1), (1055, 17, 0.97142857142857153, 4)]
=: [(2266, 12, 0.97142857142857153, 1), (1329, 10, 0.97142857142857153, 0), (2042, 9, 0.97142857142857153, 0), (755, 18, 0.97142857142857153, 4), (114, 10, 0.97142857142857153, 4), (449, 8, 0.97142857142857153, 1), (1055, 17, 0.97142857142857153, 4), (118, 9, 0.97142857142857153, 4)]
=: [(2266, 12, 0.97142857142857153, 1), (1329, 10, 0.97142857142857153, 0), (2042, 9, 0.97142857142857153, 0), (755, 18, 0.97142857142857153, 4), (114, 10, 0.97142857142857153, 4), (449, 8, 0.97142857142857153, 1), (1055, 17, 0.97142857142857153, 4), (118, 9, 0.97142857142857153, 4), (517, 5, 0.97142857142857153, 0)]
=: [(2266, 12, 0.97142857142857153, 1), (1329, 10, 0.97142857142857153, 0), (2042, 9, 0.97142857142857153, 0), (755, 18, 0.97142857142857153, 4), (114, 10, 0.97142857142857153, 4), (449, 8, 0.97142857142857153, 1), (1055, 17, 0.97142857142857153, 4), (118, 9, 0.97142857142857153, 4), (517, 5, 0.97142857142857153, 0), (1593, 13, 0.97142857142857153, 0)]
=: [(2266, 12, 0.97142857142857153, 1), (1329, 10, 0.97142857142857153, 0), (2042, 9, 0.97142857142857153, 0), (755, 18, 0.97142857142857153, 4), (114, 10, 0.97142857142857153, 4), (449, 8, 0.97142857142857153, 1), (1055, 17, 0.97142857142857153, 4), (118, 9, 0.97142857142857153, 4), (517, 5, 0.97142857142857153, 0), (1593, 13, 0.97142857142857153, 0), (238, 9, 0.97142857142857153, 4)]
=: [(2266, 12, 0.97142857142857153, 1), (1329, 10, 0.97142857142857153, 0), (2042, 9, 0.97142857142857153, 0), (755, 18, 0.97142857142857153, 4), (114, 10, 0.97142857142857153, 4), (449, 8, 0.97142857142857153, 1), (1055, 17, 0.97142857142857153, 4), (118, 9, 0.97142857142857153, 4), (517, 5, 0.97142857142857153, 0), (1593, 13, 0.97142857142857153, 0), (238, 9, 0.97142857142857153, 4), (137, 4, 0.97142857142857153, 1)]
=: [(2266, 12, 0.97142857142857153, 1), (1329, 10, 0.97142857142857153, 0), (2042, 9, 0.97142857142857153, 0), (755, 18, 0.97142857142857153, 4), (114, 10, 0.97142857142857153, 4), (449, 8, 0.97142857142857153, 1), (1055, 17, 0.97142857142857153, 4), (118, 9, 0.97142857142857153, 4), (517, 5, 0.97142857142857153, 0), (1593, 13, 0.97142857142857153, 0), (238, 9, 0.97142857142857153, 4), (137, 4, 0.97142857142857153, 1), (519, 6, 0.97142857142857153, 1)]
=: [(2266, 12, 0.97142857142857153, 1), (1329, 10, 0.97142857142857153, 0), (2042, 9, 0.97142857142857153, 0), (755, 18, 0.97142857142857153, 4), (114, 10, 0.97142857142857153, 4), (449, 8, 0.97142857142857153, 1), (1055, 17, 0.97142857142857153, 4), (118, 9, 0.97142857142857153, 4), (517, 5, 0.97142857142857153, 0), (1593, 13, 0.97142857142857153, 0), (238, 9, 0.97142857142857153, 4), (137, 4, 0.97142857142857153, 1), (519, 6, 0.97142857142857153, 1), (116, 7, 0.97142857142857153, 4)]
=: [(2266, 12, 0.97142857142857153, 1), (1329, 10, 0.97142857142857153, 0), (2042, 9, 0.97142857142857153, 0), (755, 18, 0.97142857142857153, 4), (114, 10, 0.97142857142857153, 4), (449, 8, 0.97142857142857153, 1), (1055, 17, 0.97142857142857153, 4), (118, 9, 0.97142857142857153, 4), (517, 5, 0.97142857142857153, 0), (1593, 13, 0.97142857142857153, 0), (238, 9, 0.97142857142857153, 4), (137, 4, 0.97142857142857153, 1), (519, 6, 0.97142857142857153, 1), (116, 7, 0.97142857142857153, 4), (922, 7, 0.97142857142857153, 0)]
=: [(2266, 12, 0.97142857142857153, 1), (1329, 10, 0.97142857142857153, 0), (2042, 9, 0.97142857142857153, 0), (755, 18, 0.97142857142857153, 4), (114, 10, 0.97142857142857153, 4), (449, 8, 0.97142857142857153, 1), (1055, 17, 0.97142857142857153, 4), (118, 9, 0.97142857142857153, 4), (517, 5, 0.97142857142857153, 0), (1593, 13, 0.97142857142857153, 0), (238, 9, 0.97142857142857153, 4), (137, 4, 0.97142857142857153, 1), (519, 6, 0.97142857142857153, 1), (116, 7, 0.97142857142857153, 4), (922, 7, 0.97142857142857153, 0), (236, 11, 0.97142857142857153, 1)]
=: [(2266, 12, 0.97142857142857153, 1), (1329, 10, 0.97142857142857153, 0), (2042, 9, 0.97142857142857153, 0), (755, 18, 0.97142857142857153, 4), (114, 10, 0.97142857142857153, 4), (449, 8, 0.97142857142857153, 1), (1055, 17, 0.97142857142857153, 4), (118, 9, 0.97142857142857153, 4), (517, 5, 0.97142857142857153, 0), (1593, 13, 0.97142857142857153, 0), (238, 9, 0.97142857142857153, 4), (137, 4, 0.97142857142857153, 1), (519, 6, 0.97142857142857153, 1), (116, 7, 0.97142857142857153, 4), (922, 7, 0.97142857142857153, 0), (236, 11, 0.97142857142857153, 1), (757, 16, 0.97142857142857153, 4)]
=: [(2266, 12, 0.97142857142857153, 1), (1329, 10, 0.97142857142857153, 0), (2042, 9, 0.97142857142857153, 0), (755, 18, 0.97142857142857153, 4), (114, 10, 0.97142857142857153, 4), (449, 8, 0.97142857142857153, 1), (1055, 17, 0.97142857142857153, 4), (118, 9, 0.97142857142857153, 4), (517, 5, 0.97142857142857153, 0), (1593, 13, 0.97142857142857153, 0), (238, 9, 0.97142857142857153, 4), (137, 4, 0.97142857142857153, 1), (519, 6, 0.97142857142857153, 1), (116, 7, 0.97142857142857153, 4), (922, 7, 0.97142857142857153, 0), (236, 11, 0.97142857142857153, 1), (757, 16, 0.97142857142857153, 4), (119, 13, 0.97142857142857153, 4)]
=: [(2266, 12, 0.97142857142857153, 1), (1329, 10, 0.97142857142857153, 0), (2042, 9, 0.97142857142857153, 0), (755, 18, 0.97142857142857153, 4), (114, 10, 0.97142857142857153, 4), (449, 8, 0.97142857142857153, 1), (1055, 17, 0.97142857142857153, 4), (118, 9, 0.97142857142857153, 4), (517, 5, 0.97142857142857153, 0), (1593, 13, 0.97142857142857153, 0), (238, 9, 0.97142857142857153, 4), (137, 4, 0.97142857142857153, 1), (519, 6, 0.97142857142857153, 1), (116, 7, 0.97142857142857153, 4), (922, 7, 0.97142857142857153, 0), (236, 11, 0.97142857142857153, 1), (757, 16, 0.97142857142857153, 4), (119, 13, 0.97142857142857153, 4), (817, 10, 0.97142857142857153, 0)]
=: [(2266, 12, 0.97142857142857153, 1), (1329, 10, 0.97142857142857153, 0), (2042, 9, 0.97142857142857153, 0), (755, 18, 0.97142857142857153, 4), (114, 10, 0.97142857142857153, 4), (449, 8, 0.97142857142857153, 1), (1055, 17, 0.97142857142857153, 4), (118, 9, 0.97142857142857153, 4), (517, 5, 0.97142857142857153, 0), (1593, 13, 0.97142857142857153, 0), (238, 9, 0.97142857142857153, 4), (137, 4, 0.97142857142857153, 1), (519, 6, 0.97142857142857153, 1), (116, 7, 0.97142857142857153, 4), (922, 7, 0.97142857142857153, 0), (236, 11, 0.97142857142857153, 1), (757, 16, 0.97142857142857153, 4), (119, 13, 0.97142857142857153, 4), (817, 10, 0.97142857142857153, 0), (112, 11, 0.97142857142857153, 4)]
=: [(2266, 12, 0.97142857142857153, 1), (1329, 10, 0.97142857142857153, 0), (2042, 9, 0.97142857142857153, 0), (755, 18, 0.97142857142857153, 4), (114, 10, 0.97142857142857153, 4), (449, 8, 0.97142857142857153, 1), (1055, 17, 0.97142857142857153, 4), (118, 9, 0.97142857142857153, 4), (517, 5, 0.97142857142857153, 0), (1593, 13, 0.97142857142857153, 0), (238, 9, 0.97142857142857153, 4), (137, 4, 0.97142857142857153, 1), (519, 6, 0.97142857142857153, 1), (116, 7, 0.97142857142857153, 4), (922, 7, 0.97142857142857153, 0), (236, 11, 0.97142857142857153, 1), (757, 16, 0.97142857142857153, 4), (119, 13, 0.97142857142857153, 4), (817, 10, 0.97142857142857153, 0), (112, 11, 0.97142857142857153, 4), (447, 14, 0.97142857142857153, 1)]
=: [(2266, 12, 0.97142857142857153, 1), (1329, 10, 0.97142857142857153, 0), (2042, 9, 0.97142857142857153, 0), (755, 18, 0.97142857142857153, 4), (114, 10, 0.97142857142857153, 4), (449, 8, 0.97142857142857153, 1), (1055, 17, 0.97142857142857153, 4), (118, 9, 0.97142857142857153, 4), (517, 5, 0.97142857142857153, 0), (1593, 13, 0.97142857142857153, 0), (238, 9, 0.97142857142857153, 4), (137, 4, 0.97142857142857153, 1), (519, 6, 0.97142857142857153, 1), (116, 7, 0.97142857142857153, 4), (922, 7, 0.97142857142857153, 0), (236, 11, 0.97142857142857153, 1), (757, 16, 0.97142857142857153, 4), (119, 13, 0.97142857142857153, 4), (817, 10, 0.97142857142857153, 0), (112, 11, 0.97142857142857153, 4), (447, 14, 0.97142857142857153, 1), (768, 3, 0.97142857142857153, 3)]
=: [(2266, 12, 0.97142857142857153, 1), (1329, 10, 0.97142857142857153, 0), (2042, 9, 0.97142857142857153, 0), (755, 18, 0.97142857142857153, 4), (114, 10, 0.97142857142857153, 4), (449, 8, 0.97142857142857153, 1), (1055, 17, 0.97142857142857153, 4), (118, 9, 0.97142857142857153, 4), (517, 5, 0.97142857142857153, 0), (1593, 13, 0.97142857142857153, 0), (238, 9, 0.97142857142857153, 4), (137, 4, 0.97142857142857153, 1), (519, 6, 0.97142857142857153, 1), (116, 7, 0.97142857142857153, 4), (922, 7, 0.97142857142857153, 0), (236, 11, 0.97142857142857153, 1), (757, 16, 0.97142857142857153, 4), (119, 13, 0.97142857142857153, 4), (817, 10, 0.97142857142857153, 0), (112, 11, 0.97142857142857153, 4), (447, 14, 0.97142857142857153, 1), (768, 3, 0.97142857142857153, 3), (1592, 12, 0.97142857142857153, 0)]
=: [(2266, 12, 0.97142857142857153, 1), (1329, 10, 0.97142857142857153, 0), (2042, 9, 0.97142857142857153, 0), (755, 18, 0.97142857142857153, 4), (114, 10, 0.97142857142857153, 4), (449, 8, 0.97142857142857153, 1), (1055, 17, 0.97142857142857153, 4), (118, 9, 0.97142857142857153, 4), (517, 5, 0.97142857142857153, 0), (1593, 13, 0.97142857142857153, 0), (238, 9, 0.97142857142857153, 4), (137, 4, 0.97142857142857153, 1), (519, 6, 0.97142857142857153, 1), (116, 7, 0.97142857142857153, 4), (922, 7, 0.97142857142857153, 0), (236, 11, 0.97142857142857153, 1), (757, 16, 0.97142857142857153, 4), (119, 13, 0.97142857142857153, 4), (817, 10, 0.97142857142857153, 0), (112, 11, 0.97142857142857153, 4), (447, 14, 0.97142857142857153, 1), (768, 3, 0.97142857142857153, 3), (1592, 12, 0.97142857142857153, 0), (115, 9, 0.97142857142857153, 4)]
=: [(2266, 12, 0.97142857142857153, 1), (1329, 10, 0.97142857142857153, 0), (2042, 9, 0.97142857142857153, 0), (755, 18, 0.97142857142857153, 4), (114, 10, 0.97142857142857153, 4), (449, 8, 0.97142857142857153, 1), (1055, 17, 0.97142857142857153, 4), (118, 9, 0.97142857142857153, 4), (517, 5, 0.97142857142857153, 0), (1593, 13, 0.97142857142857153, 0), (238, 9, 0.97142857142857153, 4), (137, 4, 0.97142857142857153, 1), (519, 6, 0.97142857142857153, 1), (116, 7, 0.97142857142857153, 4), (922, 7, 0.97142857142857153, 0), (236, 11, 0.97142857142857153, 1), (757, 16, 0.97142857142857153, 4), (119, 13, 0.97142857142857153, 4), (817, 10, 0.97142857142857153, 0), (112, 11, 0.97142857142857153, 4), (447, 14, 0.97142857142857153, 1), (768, 3, 0.97142857142857153, 3), (1592, 12, 0.97142857142857153, 0), (115, 9, 0.97142857142857153, 4), (2031, 20, 0.97142857142857153, 0)]
=: [(2266, 12, 0.97142857142857153, 1), (1329, 10, 0.97142857142857153, 0), (2042, 9, 0.97142857142857153, 0), (755, 18, 0.97142857142857153, 4), (114, 10, 0.97142857142857153, 4), (449, 8, 0.97142857142857153, 1), (1055, 17, 0.97142857142857153, 4), (118, 9, 0.97142857142857153, 4), (517, 5, 0.97142857142857153, 0), (1593, 13, 0.97142857142857153, 0), (238, 9, 0.97142857142857153, 4), (137, 4, 0.97142857142857153, 1), (519, 6, 0.97142857142857153, 1), (116, 7, 0.97142857142857153, 4), (922, 7, 0.97142857142857153, 0), (236, 11, 0.97142857142857153, 1), (757, 16, 0.97142857142857153, 4), (119, 13, 0.97142857142857153, 4), (817, 10, 0.97142857142857153, 0), (112, 11, 0.97142857142857153, 4), (447, 14, 0.97142857142857153, 1), (768, 3, 0.97142857142857153, 3), (1592, 12, 0.97142857142857153, 0), (115, 9, 0.97142857142857153, 4), (2031, 20, 0.97142857142857153, 0), (446, 13, 0.97142857142857153, 1)]
=: [(2266, 12, 0.97142857142857153, 1), (1329, 10, 0.97142857142857153, 0), (2042, 9, 0.97142857142857153, 0), (755, 18, 0.97142857142857153, 4), (114, 10, 0.97142857142857153, 4), (449, 8, 0.97142857142857153, 1), (1055, 17, 0.97142857142857153, 4), (118, 9, 0.97142857142857153, 4), (517, 5, 0.97142857142857153, 0), (1593, 13, 0.97142857142857153, 0), (238, 9, 0.97142857142857153, 4), (137, 4, 0.97142857142857153, 1), (519, 6, 0.97142857142857153, 1), (116, 7, 0.97142857142857153, 4), (922, 7, 0.97142857142857153, 0), (236, 11, 0.97142857142857153, 1), (757, 16, 0.97142857142857153, 4), (119, 13, 0.97142857142857153, 4), (817, 10, 0.97142857142857153, 0), (112, 11, 0.97142857142857153, 4), (447, 14, 0.97142857142857153, 1), (768, 3, 0.97142857142857153, 3), (1592, 12, 0.97142857142857153, 0), (115, 9, 0.97142857142857153, 4), (2031, 20, 0.97142857142857153, 0), (446, 13, 0.97142857142857153, 1), (756, 17, 0.97142857142857153, 4)]
=: [(2266, 12, 0.97142857142857153, 1), (1329, 10, 0.97142857142857153, 0), (2042, 9, 0.97142857142857153, 0), (755, 18, 0.97142857142857153, 4), (114, 10, 0.97142857142857153, 4), (449, 8, 0.97142857142857153, 1), (1055, 17, 0.97142857142857153, 4), (118, 9, 0.97142857142857153, 4), (517, 5, 0.97142857142857153, 0), (1593, 13, 0.97142857142857153, 0), (238, 9, 0.97142857142857153, 4), (137, 4, 0.97142857142857153, 1), (519, 6, 0.97142857142857153, 1), (116, 7, 0.97142857142857153, 4), (922, 7, 0.97142857142857153, 0), (236, 11, 0.97142857142857153, 1), (757, 16, 0.97142857142857153, 4), (119, 13, 0.97142857142857153, 4), (817, 10, 0.97142857142857153, 0), (112, 11, 0.97142857142857153, 4), (447, 14, 0.97142857142857153, 1), (768, 3, 0.97142857142857153, 3), (1592, 12, 0.97142857142857153, 0), (115, 9, 0.97142857142857153, 4), (2031, 20, 0.97142857142857153, 0), (446, 13, 0.97142857142857153, 1), (756, 17, 0.97142857142857153, 4), (1591, 15, 0.97142857142857153, 0)]
=: [(2266, 12, 0.97142857142857153, 1), (1329, 10, 0.97142857142857153, 0), (2042, 9, 0.97142857142857153, 0), (755, 18, 0.97142857142857153, 4), (114, 10, 0.97142857142857153, 4), (449, 8, 0.97142857142857153, 1), (1055, 17, 0.97142857142857153, 4), (118, 9, 0.97142857142857153, 4), (517, 5, 0.97142857142857153, 0), (1593, 13, 0.97142857142857153, 0), (238, 9, 0.97142857142857153, 4), (137, 4, 0.97142857142857153, 1), (519, 6, 0.97142857142857153, 1), (116, 7, 0.97142857142857153, 4), (922, 7, 0.97142857142857153, 0), (236, 11, 0.97142857142857153, 1), (757, 16, 0.97142857142857153, 4), (119, 13, 0.97142857142857153, 4), (817, 10, 0.97142857142857153, 0), (112, 11, 0.97142857142857153, 4), (447, 14, 0.97142857142857153, 1), (768, 3, 0.97142857142857153, 3), (1592, 12, 0.97142857142857153, 0), (115, 9, 0.97142857142857153, 4), (2031, 20, 0.97142857142857153, 0), (446, 13, 0.97142857142857153, 1), (756, 17, 0.97142857142857153, 4), (1591, 15, 0.97142857142857153, 0), (136, 5, 0.97142857142857153, 1)]
=: [(2266, 12, 0.97142857142857153, 1), (1329, 10, 0.97142857142857153, 0), (2042, 9, 0.97142857142857153, 0), (755, 18, 0.97142857142857153, 4), (114, 10, 0.97142857142857153, 4), (449, 8, 0.97142857142857153, 1), (1055, 17, 0.97142857142857153, 4), (118, 9, 0.97142857142857153, 4), (517, 5, 0.97142857142857153, 0), (1593, 13, 0.97142857142857153, 0), (238, 9, 0.97142857142857153, 4), (137, 4, 0.97142857142857153, 1), (519, 6, 0.97142857142857153, 1), (116, 7, 0.97142857142857153, 4), (922, 7, 0.97142857142857153, 0), (236, 11, 0.97142857142857153, 1), (757, 16, 0.97142857142857153, 4), (119, 13, 0.97142857142857153, 4), (817, 10, 0.97142857142857153, 0), (112, 11, 0.97142857142857153, 4), (447, 14, 0.97142857142857153, 1), (768, 3, 0.97142857142857153, 3), (1592, 12, 0.97142857142857153, 0), (115, 9, 0.97142857142857153, 4), (2031, 20, 0.97142857142857153, 0), (446, 13, 0.97142857142857153, 1), (756, 17, 0.97142857142857153, 4), (1591, 15, 0.97142857142857153, 0), (136, 5, 0.97142857142857153, 1), (211, 5, 0.97142857142857153, 3)]
=: [(2266, 12, 0.97142857142857153, 1), (1329, 10, 0.97142857142857153, 0), (2042, 9, 0.97142857142857153, 0), (755, 18, 0.97142857142857153, 4), (114, 10, 0.97142857142857153, 4), (449, 8, 0.97142857142857153, 1), (1055, 17, 0.97142857142857153, 4), (118, 9, 0.97142857142857153, 4), (517, 5, 0.97142857142857153, 0), (1593, 13, 0.97142857142857153, 0), (238, 9, 0.97142857142857153, 4), (137, 4, 0.97142857142857153, 1), (519, 6, 0.97142857142857153, 1), (116, 7, 0.97142857142857153, 4), (922, 7, 0.97142857142857153, 0), (236, 11, 0.97142857142857153, 1), (757, 16, 0.97142857142857153, 4), (119, 13, 0.97142857142857153, 4), (817, 10, 0.97142857142857153, 0), (112, 11, 0.97142857142857153, 4), (447, 14, 0.97142857142857153, 1), (768, 3, 0.97142857142857153, 3), (1592, 12, 0.97142857142857153, 0), (115, 9, 0.97142857142857153, 4), (2031, 20, 0.97142857142857153, 0), (446, 13, 0.97142857142857153, 1), (756, 17, 0.97142857142857153, 4), (1591, 15, 0.97142857142857153, 0), (136, 5, 0.97142857142857153, 1), (211, 5, 0.97142857142857153, 3), (520, 5, 0.97142857142857153, 1)]
using time: 13071.92904663086