>: [(14823, 3, 0.69047619047619047, 2)]
>: [(15258, 13, 0.71333333333333337, 1)]
>: [(6050, 8, 0.72190476190476183, 2)]
>: [(20639, 8, 0.72857142857142854, 1)]
>: [(6100, 8, 0.7857142857142857, 1)]
>: [(3084, 9, 0.80761904761904757, 0)]
>: [(2971, 13, 0.84761904761904783, 1)]
>: [(491, 12, 0.92619047619047623, 4)]
>: [(17, 7, 0.97142857142857153, 0)]
=: [(17, 7, 0.97142857142857153, 0), (310, 11, 0.97142857142857153, 3)]
=: [(17, 7, 0.97142857142857153, 0), (310, 11, 0.97142857142857153, 3), (126, 9, 0.97142857142857153, 3)]
=: [(17, 7, 0.97142857142857153, 0), (310, 11, 0.97142857142857153, 3), (126, 9, 0.97142857142857153, 3), (18, 6, 0.97142857142857153, 1)]
>: [(87, 8, 0.98571428571428577, 3)]
>: [(1, 8, 1.0, 4)]
using time: 7381.646285533905