>: [(5921, 3, 0.7589285714285714, 3)]
>: [(5621, 2, 0.76904761904761898, 1)]
>: [(6444, 1, 0.794047619047619, 1)]
>: [(1238, 4, 0.86071428571428577, 2)]
>: [(831, 6, 0.88333333333333341, 4)]
>: [(221, 6, 0.88392857142857151, 3)]
>: [(1636, 18, 0.91249999999999998, 1)]
>: [(667, 14, 0.94999999999999996, 1)]
>: [(106, 9, 0.98750000000000004, 0)]
=: [(106, 9, 0.98750000000000004, 0), (103, 11, 0.98750000000000004, 0)]
=: [(106, 9, 0.98750000000000004, 0), (103, 11, 0.98750000000000004, 0), (99, 8, 0.98750000000000004, 3)]
=: [(106, 9, 0.98750000000000004, 0), (103, 11, 0.98750000000000004, 0), (99, 8, 0.98750000000000004, 3), (206, 7, 0.98750000000000004, 3)]
=: [(106, 9, 0.98750000000000004, 0), (103, 11, 0.98750000000000004, 0), (99, 8, 0.98750000000000004, 3), (206, 7, 0.98750000000000004, 3), (130, 8, 0.98750000000000004, 1)]
=: [(106, 9, 0.98750000000000004, 0), (103, 11, 0.98750000000000004, 0), (99, 8, 0.98750000000000004, 3), (206, 7, 0.98750000000000004, 3), (130, 8, 0.98750000000000004, 1), (364, 24, 0.98750000000000004, 4)]
=: [(106, 9, 0.98750000000000004, 0), (103, 11, 0.98750000000000004, 0), (99, 8, 0.98750000000000004, 3), (206, 7, 0.98750000000000004, 3), (130, 8, 0.98750000000000004, 1), (364, 24, 0.98750000000000004, 4), (37, 8, 0.98750000000000004, 0)]
=: [(106, 9, 0.98750000000000004, 0), (103, 11, 0.98750000000000004, 0), (99, 8, 0.98750000000000004, 3), (206, 7, 0.98750000000000004, 3), (130, 8, 0.98750000000000004, 1), (364, 24, 0.98750000000000004, 4), (37, 8, 0.98750000000000004, 0), (102, 8, 0.98750000000000004, 0)]
=: [(106, 9, 0.98750000000000004, 0), (103, 11, 0.98750000000000004, 0), (99, 8, 0.98750000000000004, 3), (206, 7, 0.98750000000000004, 3), (130, 8, 0.98750000000000004, 1), (364, 24, 0.98750000000000004, 4), (37, 8, 0.98750000000000004, 0), (102, 8, 0.98750000000000004, 0), (128, 11, 0.98750000000000004, 1)]
=: [(106, 9, 0.98750000000000004, 0), (103, 11, 0.98750000000000004, 0), (99, 8, 0.98750000000000004, 3), (206, 7, 0.98750000000000004, 3), (130, 8, 0.98750000000000004, 1), (364, 24, 0.98750000000000004, 4), (37, 8, 0.98750000000000004, 0), (102, 8, 0.98750000000000004, 0), (128, 11, 0.98750000000000004, 1), (100, 10, 0.98750000000000004, 3)]
=: [(106, 9, 0.98750000000000004, 0), (103, 11, 0.98750000000000004, 0), (99, 8, 0.98750000000000004, 3), (206, 7, 0.98750000000000004, 3), (130, 8, 0.98750000000000004, 1), (364, 24, 0.98750000000000004, 4), (37, 8, 0.98750000000000004, 0), (102, 8, 0.98750000000000004, 0), (128, 11, 0.98750000000000004, 1), (100, 10, 0.98750000000000004, 3), (32, 11, 0.98750000000000004, 0)]
=: [(106, 9, 0.98750000000000004, 0), (103, 11, 0.98750000000000004, 0), (99, 8, 0.98750000000000004, 3), (206, 7, 0.98750000000000004, 3), (130, 8, 0.98750000000000004, 1), (364, 24, 0.98750000000000004, 4), (37, 8, 0.98750000000000004, 0), (102, 8, 0.98750000000000004, 0), (128, 11, 0.98750000000000004, 1), (100, 10, 0.98750000000000004, 3), (32, 11, 0.98750000000000004, 0), (94, 11, 0.98750000000000004, 1)]
=: [(106, 9, 0.98750000000000004, 0), (103, 11, 0.98750000000000004, 0), (99, 8, 0.98750000000000004, 3), (206, 7, 0.98750000000000004, 3), (130, 8, 0.98750000000000004, 1), (364, 24, 0.98750000000000004, 4), (37, 8, 0.98750000000000004, 0), (102, 8, 0.98750000000000004, 0), (128, 11, 0.98750000000000004, 1), (100, 10, 0.98750000000000004, 3), (32, 11, 0.98750000000000004, 0), (94, 11, 0.98750000000000004, 1), (35, 8, 0.98750000000000004, 0)]
=: [(106, 9, 0.98750000000000004, 0), (103, 11, 0.98750000000000004, 0), (99, 8, 0.98750000000000004, 3), (206, 7, 0.98750000000000004, 3), (130, 8, 0.98750000000000004, 1), (364, 24, 0.98750000000000004, 4), (37, 8, 0.98750000000000004, 0), (102, 8, 0.98750000000000004, 0), (128, 11, 0.98750000000000004, 1), (100, 10, 0.98750000000000004, 3), (32, 11, 0.98750000000000004, 0), (94, 11, 0.98750000000000004, 1), (35, 8, 0.98750000000000004, 0), (93, 10, 0.98750000000000004, 1)]
using time: 1826.5569808483124