>: [(11842, 1, 0.79276960784313721, 0)]
=: [(11842, 1, 0.79276960784313721, 0), (11243, 1, 0.79276960784313721, 0)]
=: [(11842, 1, 0.79276960784313721, 0), (11243, 1, 0.79276960784313721, 0), (12558, 1, 0.79276960784313721, 0)]
>: [(2477, 4, 0.79832516339869275, 4)]
>: [(1663, 4, 0.79865196078431366, 4)]
>: [(2775, 8, 0.80526960784313728, 4)]
>: [(442, 4, 0.81151960784313726, 3)]
>: [(575, 10, 0.86879084967320264, 1)]
>: [(109, 18, 0.88615196078431369, 1)]
>: [(1, 18, 0.88684640522875813, 4)]
>: [(66, 17, 0.89166666666666661, 4)]
using time: 3020.5526447296143