>: [(5305, 1, 0.81591173054587696, 3)]
>: [(791, 4, 0.81610530391018188, 1)]
>: [(6499, 4, 0.83217189314750284, 1)]
=: [(6499, 4, 0.83217189314750284, 1), (763, 4, 0.83217189314750284, 1)]
=: [(6499, 4, 0.83217189314750284, 1), (763, 4, 0.83217189314750284, 1), (5627, 4, 0.83217189314750284, 1)]
=: [(6499, 4, 0.83217189314750284, 1), (763, 4, 0.83217189314750284, 1), (5627, 4, 0.83217189314750284, 1), (11420, 3, 0.83217189314750284, 1)]
>: [(5691, 2, 0.8482384823848238, 1)]
>: [(434, 4, 0.8555942702284165, 1)]
>: [(6480, 1, 0.85578784359272164, 1)]
>: [(14, 3, 0.85636856368563674, 3)]
using time: 1758.1281459331512