>: [(10611, 2, 0.63203463203463206, 1)]
>: [(4943, 8, 0.79942279942279937, 1)]
>: [(1582, 10, 0.86219336219336229, 1)]
>: [(1936, 7, 0.89177489177489166, 4)]
>: [(1526, 6, 0.89249639249639257, 3)]
=: [(1526, 6, 0.89249639249639257, 3), (3192, 13, 0.89249639249639257, 0)]
>: [(1284, 10, 0.9076479076479077, 0)]
>: [(2129, 8, 0.95238095238095244, 0)]
>: [(7, 5, 0.95310245310245312, 3)]
=: [(7, 5, 0.95310245310245312, 3), (128, 5, 0.95310245310245312, 3)]
=: [(7, 5, 0.95310245310245312, 3), (128, 5, 0.95310245310245312, 3), (35, 4, 0.95310245310245312, 0)]
>: [(5, 3, 0.98412698412698418, 0)]
>: [(3, 3, 0.98484848484848486, 1)]
>: [(2, 6, 1.0, 3)]
using time: 5415.754563093185