>: [(10611, 7, 0.79841269841269857, 4)]
>: [(4943, 15, 0.87103174603174605, 1)]
>: [(1582, 5, 0.88769841269841265, 0)]
>: [(2373, 10, 0.94444444444444453, 4)]
>: [(1228, 16, 1.0, 1)]
=: [(1228, 16, 1.0, 1), (739, 15, 1.0, 4)]
=: [(1228, 16, 1.0, 1), (739, 15, 1.0, 4), (395, 9, 1.0, 4)]
=: [(1228, 16, 1.0, 1), (739, 15, 1.0, 4), (395, 9, 1.0, 4), (502, 12, 1.0, 0)]
=: [(1228, 16, 1.0, 1), (739, 15, 1.0, 4), (395, 9, 1.0, 4), (502, 12, 1.0, 0), (1227, 17, 1.0, 1)]
=: [(1228, 16, 1.0, 1), (739, 15, 1.0, 4), (395, 9, 1.0, 4), (502, 12, 1.0, 0), (1227, 17, 1.0, 1), (505, 11, 1.0, 0)]
=: [(1228, 16, 1.0, 1), (739, 15, 1.0, 4), (395, 9, 1.0, 4), (502, 12, 1.0, 0), (1227, 17, 1.0, 1), (505, 11, 1.0, 0), (503, 13, 1.0, 0)]
=: [(1228, 16, 1.0, 1), (739, 15, 1.0, 4), (395, 9, 1.0, 4), (502, 12, 1.0, 0), (1227, 17, 1.0, 1), (505, 11, 1.0, 0), (503, 13, 1.0, 0), (426, 10, 1.0, 4)]
=: [(1228, 16, 1.0, 1), (739, 15, 1.0, 4), (395, 9, 1.0, 4), (502, 12, 1.0, 0), (1227, 17, 1.0, 1), (505, 11, 1.0, 0), (503, 13, 1.0, 0), (426, 10, 1.0, 4), (393, 12, 1.0, 4)]
=: [(1228, 16, 1.0, 1), (739, 15, 1.0, 4), (395, 9, 1.0, 4), (502, 12, 1.0, 0), (1227, 17, 1.0, 1), (505, 11, 1.0, 0), (503, 13, 1.0, 0), (426, 10, 1.0, 4), (393, 12, 1.0, 4), (740, 14, 1.0, 3)]
=: [(1228, 16, 1.0, 1), (739, 15, 1.0, 4), (395, 9, 1.0, 4), (502, 12, 1.0, 0), (1227, 17, 1.0, 1), (505, 11, 1.0, 0), (503, 13, 1.0, 0), (426, 10, 1.0, 4), (393, 12, 1.0, 4), (740, 14, 1.0, 3), (397, 9, 1.0, 0)]
=: [(1228, 16, 1.0, 1), (739, 15, 1.0, 4), (395, 9, 1.0, 4), (502, 12, 1.0, 0), (1227, 17, 1.0, 1), (505, 11, 1.0, 0), (503, 13, 1.0, 0), (426, 10, 1.0, 4), (393, 12, 1.0, 4), (740, 14, 1.0, 3), (397, 9, 1.0, 0), (762, 12, 1.0, 0)]
=: [(1228, 16, 1.0, 1), (739, 15, 1.0, 4), (395, 9, 1.0, 4), (502, 12, 1.0, 0), (1227, 17, 1.0, 1), (505, 11, 1.0, 0), (503, 13, 1.0, 0), (426, 10, 1.0, 4), (393, 12, 1.0, 4), (740, 14, 1.0, 3), (397, 9, 1.0, 0), (762, 12, 1.0, 0), (1233, 11, 1.0, 0)]
=: [(1228, 16, 1.0, 1), (739, 15, 1.0, 4), (395, 9, 1.0, 4), (502, 12, 1.0, 0), (1227, 17, 1.0, 1), (505, 11, 1.0, 0), (503, 13, 1.0, 0), (426, 10, 1.0, 4), (393, 12, 1.0, 4), (740, 14, 1.0, 3), (397, 9, 1.0, 0), (762, 12, 1.0, 0), (1233, 11, 1.0, 0), (424, 12, 1.0, 4)]
=: [(1228, 16, 1.0, 1), (739, 15, 1.0, 4), (395, 9, 1.0, 4), (502, 12, 1.0, 0), (1227, 17, 1.0, 1), (505, 11, 1.0, 0), (503, 13, 1.0, 0), (426, 10, 1.0, 4), (393, 12, 1.0, 4), (740, 14, 1.0, 3), (397, 9, 1.0, 0), (762, 12, 1.0, 0), (1233, 11, 1.0, 0), (424, 12, 1.0, 4), (396, 10, 1.0, 0)]
using time: 7729.532928943634