>: [(1326, 2, 0.74971014492753618, 3)]
>: [(617, 12, 0.91601449275362323, 4)]
>: [(197, 14, 0.9716183574879228, 3)]
>: [(286, 27, 0.97222222222222221, 0)]
>: [(242, 20, 0.98550724637681153, 3)]
>: [(190, 10, 0.98611111111111116, 0)]
=: [(190, 10, 0.98611111111111116, 0), (16, 5, 0.98611111111111116, 4)]
=: [(190, 10, 0.98611111111111116, 0), (16, 5, 0.98611111111111116, 4), (0, 3, 0.98611111111111116, 0)]
=: [(190, 10, 0.98611111111111116, 0), (16, 5, 0.98611111111111116, 4), (0, 3, 0.98611111111111116, 0), (68, 4, 0.98611111111111116, 0)]
=: [(190, 10, 0.98611111111111116, 0), (16, 5, 0.98611111111111116, 4), (0, 3, 0.98611111111111116, 0), (68, 4, 0.98611111111111116, 0), (14, 7, 0.98611111111111116, 4)]
>: [(4, 6, 1.0, 0)]
=: [(4, 6, 1.0, 0), (5, 10, 1.0, 3)]
using time: 687.6943140029907