>: [(1326, 2, 0.67162698412698407, 2)]
>: [(617, 1, 0.75178571428571439, 1)]
>: [(197, 8, 0.90952380952380951, 4)]
>: [(237, 13, 0.91111111111111109, 3)]
>: [(286, 14, 0.93174603174603166, 4)]
>: [(242, 13, 0.95694444444444449, 3)]
>: [(190, 11, 0.97916666666666663, 3)]
=: [(190, 11, 0.97916666666666663, 3), (16, 4, 0.97916666666666663, 4)]
=: [(190, 11, 0.97916666666666663, 3), (16, 4, 0.97916666666666663, 4), (215, 11, 0.97916666666666663, 3)]
>: [(7, 11, 1.0, 0)]
=: [(7, 11, 1.0, 0), (47, 10, 1.0, 3)]
=: [(7, 11, 1.0, 0), (47, 10, 1.0, 3), (4, 5, 1.0, 0)]
=: [(7, 11, 1.0, 0), (47, 10, 1.0, 3), (4, 5, 1.0, 0), (48, 9, 1.0, 3)]
=: [(7, 11, 1.0, 0), (47, 10, 1.0, 3), (4, 5, 1.0, 0), (48, 9, 1.0, 3), (5, 4, 1.0, 0)]
=: [(7, 11, 1.0, 0), (47, 10, 1.0, 3), (4, 5, 1.0, 0), (48, 9, 1.0, 3), (5, 4, 1.0, 0), (46, 12, 1.0, 4)]
=: [(7, 11, 1.0, 0), (47, 10, 1.0, 3), (4, 5, 1.0, 0), (48, 9, 1.0, 3), (5, 4, 1.0, 0), (46, 12, 1.0, 4), (43, 11, 1.0, 0)]
using time: 860.2523019313812