>: [(5305, 1, 0.79189352692075021, 0)]
=: [(5305, 1, 0.79189352692075021, 0), (2471, 1, 0.79189352692075021, 0)]
=: [(5305, 1, 0.79189352692075021, 0), (2471, 1, 0.79189352692075021, 0), (6468, 1, 0.79189352692075021, 0)]
=: [(5305, 1, 0.79189352692075021, 0), (2471, 1, 0.79189352692075021, 0), (6468, 1, 0.79189352692075021, 0), (10664, 1, 0.79189352692075021, 0)]
=: [(5305, 1, 0.79189352692075021, 0), (2471, 1, 0.79189352692075021, 0), (6468, 1, 0.79189352692075021, 0), (10664, 1, 0.79189352692075021, 0), (791, 1, 0.79189352692075021, 0)]
=: [(5305, 1, 0.79189352692075021, 0), (2471, 1, 0.79189352692075021, 0), (6468, 1, 0.79189352692075021, 0), (10664, 1, 0.79189352692075021, 0), (791, 1, 0.79189352692075021, 0), (1186, 1, 0.79189352692075021, 0)]
>: [(8779, 4, 0.79199435370034277, 3)]
=: [(8779, 4, 0.79199435370034277, 3), (9548, 2, 0.79199435370034277, 3)]
>: [(950, 4, 0.80348860657390597, 0)]
>: [(614, 3, 0.83807219197418836, 1)]
>: [(1199, 6, 0.84371849163137724, 4)]
>: [(67, 9, 0.86116152450090733, 4)]
>: [(350, 16, 0.87870538415003019, 3)]
>: [(164, 13, 0.88445251058681185, 4)]
>: [(348, 21, 0.89614841701956038, 3)]
using time: 1972.5169579982758