>: [(5305, 2, 0.58885493591375937, 4)]
>: [(2471, 9, 0.65779645191409897, 3)]
>: [(6468, 4, 0.65811051693404632, 3)]
>: [(791, 1, 0.67717511246923012, 0)]
>: [(1186, 7, 0.85259315847551143, 0)]
>: [(994, 10, 0.85373058314234784, 4)]
>: [(197, 7, 0.88342245989304813, 1)]
>: [(3, 7, 0.93163568457686097, 3)]
>: [(189, 8, 0.93193277310924361, 3)]
>: [(192, 6, 0.9414565826330531, 0)]
=: [(192, 6, 0.9414565826330531, 0), (186, 12, 0.9414565826330531, 3)]
>: [(6, 3, 0.95126050420168073, 1)]
using time: 2733.590056180954