>: [(21222, 5, 0.70634920634920639, 1)]
>: [(9886, 9, 0.75396825396825395, 3)]
=: [(9886, 9, 0.75396825396825395, 3), (6168, 2, 0.75396825396825395, 4)]
>: [(2457, 10, 0.82936507936507942, 4)]
>: [(4578, 9, 0.84920634920634919, 1)]
>: [(3249, 5, 0.87698412698412698, 2)]
>: [(790, 14, 0.88095238095238093, 1)]
>: [(268, 12, 0.9007936507936507, 4)]
>: [(15, 10, 0.95238095238095244, 3)]
>: [(26, 10, 0.97619047619047628, 3)]
=: [(26, 10, 0.97619047619047628, 3), (23, 17, 0.97619047619047628, 3)]
=: [(26, 10, 0.97619047619047628, 3), (23, 17, 0.97619047619047628, 3), (476, 12, 0.97619047619047628, 4)]
>: [(0, 9, 1.0, 3)]
using time: 9688.191464185715