>: [(21222, 1, 0.59477124183006536, 0)]
>: [(9886, 5, 0.68300653594771232, 1)]
>: [(25875, 3, 0.69281045751633974, 2)]
>: [(3164, 6, 0.72311348781937002, 0)]
>: [(3801, 7, 0.75193107546048721, 1)]
>: [(2569, 8, 0.76173499702911462, 3)]
>: [(4259, 12, 0.77272727272727282, 3)]
>: [(15, 3, 0.78193701723113485, 4)]
>: [(756, 9, 0.78282828282828287, 4)]
=: [(756, 9, 0.78282828282828287, 4), (11, 5, 0.78282828282828287, 3)]
>: [(685, 9, 0.79174093879976226, 0)]
>: [(2498, 12, 0.7920380273321449, 4)]
>: [(171, 16, 0.81194295900178259, 3)]
>: [(7, 7, 0.81224004753416512, 3)]
>: [(0, 4, 0.81313131313131315, 2)]
>: [(1, 4, 0.84194890077243023, 4)]
using time: 11037.507745027542