>: [(9401, 1, 0.79276960784313721, 0)]
=: [(9401, 1, 0.79276960784313721, 0), (1320, 1, 0.79276960784313721, 0)]
=: [(9401, 1, 0.79276960784313721, 0), (1320, 1, 0.79276960784313721, 0), (7946, 1, 0.79276960784313721, 0)]
=: [(9401, 1, 0.79276960784313721, 0), (1320, 1, 0.79276960784313721, 0), (7946, 1, 0.79276960784313721, 0), (12488, 1, 0.79276960784313721, 0)]
=: [(9401, 1, 0.79276960784313721, 0), (1320, 1, 0.79276960784313721, 0), (7946, 1, 0.79276960784313721, 0), (12488, 1, 0.79276960784313721, 0), (4286, 1, 0.79276960784313721, 4)]
>: [(603, 1, 0.80943627450980382, 3)]
>: [(7, 3, 0.83790849673202616, 4)]
>: [(1543, 14, 0.84934640522875815, 4)]
>: [(523, 14, 0.85592320261437904, 4)]
>: [(200, 7, 0.85629084967320268, 4)]
>: [(527, 24, 0.88508986928104572, 0)]
>: [(177, 13, 0.88545751633986924, 0)]
>: [(529, 20, 0.88578431372549016, 0)]
>: [(179, 13, 0.89031862745098034, 0)]
>: [(63, 21, 0.89064542483660125, 4)]
>: [(66, 17, 0.89166666666666661, 4)]
using time: 3148.505999803543