>: [(7797, 10, 0.83809523809523812, 4)]
>: [(4273, 10, 0.88690476190476186, 0)]
>: [(2147, 19, 0.94404761904761914, 4)]
>: [(431, 9, 0.99166666666666659, 0)]
=: [(431, 9, 0.99166666666666659, 0), (496, 17, 0.99166666666666659, 4)]
>: [(657, 5, 0.99285714285714288, 3)]
=: [(657, 5, 0.99285714285714288, 3), (619, 13, 0.99285714285714288, 0)]
>: [(734, 19, 1.0, 4)]
=: [(734, 19, 1.0, 4), (432, 10, 1.0, 3)]
=: [(734, 19, 1.0, 4), (432, 10, 1.0, 3), (394, 10, 1.0, 4)]
=: [(734, 19, 1.0, 4), (432, 10, 1.0, 3), (394, 10, 1.0, 4), (9, 7, 1.0, 4)]
=: [(734, 19, 1.0, 4), (432, 10, 1.0, 3), (394, 10, 1.0, 4), (9, 7, 1.0, 4), (68, 3, 1.0, 3)]
=: [(734, 19, 1.0, 4), (432, 10, 1.0, 3), (394, 10, 1.0, 4), (9, 7, 1.0, 4), (68, 3, 1.0, 3), (359, 10, 1.0, 1)]
=: [(734, 19, 1.0, 4), (432, 10, 1.0, 3), (394, 10, 1.0, 4), (9, 7, 1.0, 4), (68, 3, 1.0, 3), (359, 10, 1.0, 1), (4218, 18, 1.0, 3)]
=: [(734, 19, 1.0, 4), (432, 10, 1.0, 3), (394, 10, 1.0, 4), (9, 7, 1.0, 4), (68, 3, 1.0, 3), (359, 10, 1.0, 1), (4218, 18, 1.0, 3), (396, 9, 1.0, 0)]
=: [(734, 19, 1.0, 4), (432, 10, 1.0, 3), (394, 10, 1.0, 4), (9, 7, 1.0, 4), (68, 3, 1.0, 3), (359, 10, 1.0, 1), (4218, 18, 1.0, 3), (396, 9, 1.0, 0), (425, 11, 1.0, 1)]
=: [(734, 19, 1.0, 4), (432, 10, 1.0, 3), (394, 10, 1.0, 4), (9, 7, 1.0, 4), (68, 3, 1.0, 3), (359, 10, 1.0, 1), (4218, 18, 1.0, 3), (396, 9, 1.0, 0), (425, 11, 1.0, 1), (492, 20, 1.0, 3)]
=: [(734, 19, 1.0, 4), (432, 10, 1.0, 3), (394, 10, 1.0, 4), (9, 7, 1.0, 4), (68, 3, 1.0, 3), (359, 10, 1.0, 1), (4218, 18, 1.0, 3), (396, 9, 1.0, 0), (425, 11, 1.0, 1), (492, 20, 1.0, 3), (810, 4, 1.0, 0)]
=: [(734, 19, 1.0, 4), (432, 10, 1.0, 3), (394, 10, 1.0, 4), (9, 7, 1.0, 4), (68, 3, 1.0, 3), (359, 10, 1.0, 1), (4218, 18, 1.0, 3), (396, 9, 1.0, 0), (425, 11, 1.0, 1), (492, 20, 1.0, 3), (810, 4, 1.0, 0), (4224, 14, 1.0, 3)]
=: [(734, 19, 1.0, 4), (432, 10, 1.0, 3), (394, 10, 1.0, 4), (9, 7, 1.0, 4), (68, 3, 1.0, 3), (359, 10, 1.0, 1), (4218, 18, 1.0, 3), (396, 9, 1.0, 0), (425, 11, 1.0, 1), (492, 20, 1.0, 3), (810, 4, 1.0, 0), (4224, 14, 1.0, 3), (17, 3, 1.0, 4)]
=: [(734, 19, 1.0, 4), (432, 10, 1.0, 3), (394, 10, 1.0, 4), (9, 7, 1.0, 4), (68, 3, 1.0, 3), (359, 10, 1.0, 1), (4218, 18, 1.0, 3), (396, 9, 1.0, 0), (425, 11, 1.0, 1), (492, 20, 1.0, 3), (810, 4, 1.0, 0), (4224, 14, 1.0, 3), (17, 3, 1.0, 4), (395, 9, 1.0, 4)]
=: [(734, 19, 1.0, 4), (432, 10, 1.0, 3), (394, 10, 1.0, 4), (9, 7, 1.0, 4), (68, 3, 1.0, 3), (359, 10, 1.0, 1), (4218, 18, 1.0, 3), (396, 9, 1.0, 0), (425, 11, 1.0, 1), (492, 20, 1.0, 3), (810, 4, 1.0, 0), (4224, 14, 1.0, 3), (17, 3, 1.0, 4), (395, 9, 1.0, 4), (653, 10, 1.0, 3)]
=: [(734, 19, 1.0, 4), (432, 10, 1.0, 3), (394, 10, 1.0, 4), (9, 7, 1.0, 4), (68, 3, 1.0, 3), (359, 10, 1.0, 1), (4218, 18, 1.0, 3), (396, 9, 1.0, 0), (425, 11, 1.0, 1), (492, 20, 1.0, 3), (810, 4, 1.0, 0), (4224, 14, 1.0, 3), (17, 3, 1.0, 4), (395, 9, 1.0, 4), (653, 10, 1.0, 3), (506, 10, 1.0, 0)]
=: [(734, 19, 1.0, 4), (432, 10, 1.0, 3), (394, 10, 1.0, 4), (9, 7, 1.0, 4), (68, 3, 1.0, 3), (359, 10, 1.0, 1), (4218, 18, 1.0, 3), (396, 9, 1.0, 0), (425, 11, 1.0, 1), (492, 20, 1.0, 3), (810, 4, 1.0, 0), (4224, 14, 1.0, 3), (17, 3, 1.0, 4), (395, 9, 1.0, 4), (653, 10, 1.0, 3), (506, 10, 1.0, 0), (392, 12, 1.0, 4)]
=: [(734, 19, 1.0, 4), (432, 10, 1.0, 3), (394, 10, 1.0, 4), (9, 7, 1.0, 4), (68, 3, 1.0, 3), (359, 10, 1.0, 1), (4218, 18, 1.0, 3), (396, 9, 1.0, 0), (425, 11, 1.0, 1), (492, 20, 1.0, 3), (810, 4, 1.0, 0), (4224, 14, 1.0, 3), (17, 3, 1.0, 4), (395, 9, 1.0, 4), (653, 10, 1.0, 3), (506, 10, 1.0, 0), (392, 12, 1.0, 4), (386, 20, 1.0, 0)]
using time: 11287.746022224426