>: [(7797, 12, 0.87678571428571428, 4)]
>: [(4273, 14, 0.94464285714285734, 0)]
>: [(2147, 8, 0.95089285714285732, 0)]
>: [(431, 7, 0.95892857142857157, 3)]
>: [(237, 13, 0.97142857142857153, 1)]
=: [(237, 13, 0.97142857142857153, 1), (114, 10, 0.97142857142857153, 4)]
=: [(237, 13, 0.97142857142857153, 1), (114, 10, 0.97142857142857153, 4), (757, 16, 0.97142857142857153, 4)]
=: [(237, 13, 0.97142857142857153, 1), (114, 10, 0.97142857142857153, 4), (757, 16, 0.97142857142857153, 4), (119, 13, 0.97142857142857153, 4)]
=: [(237, 13, 0.97142857142857153, 1), (114, 10, 0.97142857142857153, 4), (757, 16, 0.97142857142857153, 4), (119, 13, 0.97142857142857153, 4), (1329, 10, 0.97142857142857153, 0)]
=: [(237, 13, 0.97142857142857153, 1), (114, 10, 0.97142857142857153, 4), (757, 16, 0.97142857142857153, 4), (119, 13, 0.97142857142857153, 4), (1329, 10, 0.97142857142857153, 0), (1592, 12, 0.97142857142857153, 0)]
=: [(237, 13, 0.97142857142857153, 1), (114, 10, 0.97142857142857153, 4), (757, 16, 0.97142857142857153, 4), (119, 13, 0.97142857142857153, 4), (1329, 10, 0.97142857142857153, 0), (1592, 12, 0.97142857142857153, 0), (768, 3, 0.97142857142857153, 3)]
=: [(237, 13, 0.97142857142857153, 1), (114, 10, 0.97142857142857153, 4), (757, 16, 0.97142857142857153, 4), (119, 13, 0.97142857142857153, 4), (1329, 10, 0.97142857142857153, 0), (1592, 12, 0.97142857142857153, 0), (768, 3, 0.97142857142857153, 3), (1055, 17, 0.97142857142857153, 4)]
=: [(237, 13, 0.97142857142857153, 1), (114, 10, 0.97142857142857153, 4), (757, 16, 0.97142857142857153, 4), (119, 13, 0.97142857142857153, 4), (1329, 10, 0.97142857142857153, 0), (1592, 12, 0.97142857142857153, 0), (768, 3, 0.97142857142857153, 3), (1055, 17, 0.97142857142857153, 4), (239, 8, 0.97142857142857153, 4)]
=: [(237, 13, 0.97142857142857153, 1), (114, 10, 0.97142857142857153, 4), (757, 16, 0.97142857142857153, 4), (119, 13, 0.97142857142857153, 4), (1329, 10, 0.97142857142857153, 0), (1592, 12, 0.97142857142857153, 0), (768, 3, 0.97142857142857153, 3), (1055, 17, 0.97142857142857153, 4), (239, 8, 0.97142857142857153, 4), (115, 9, 0.97142857142857153, 4)]
=: [(237, 13, 0.97142857142857153, 1), (114, 10, 0.97142857142857153, 4), (757, 16, 0.97142857142857153, 4), (119, 13, 0.97142857142857153, 4), (1329, 10, 0.97142857142857153, 0), (1592, 12, 0.97142857142857153, 0), (768, 3, 0.97142857142857153, 3), (1055, 17, 0.97142857142857153, 4), (239, 8, 0.97142857142857153, 4), (115, 9, 0.97142857142857153, 4), (444, 14, 0.97142857142857153, 1)]
=: [(237, 13, 0.97142857142857153, 1), (114, 10, 0.97142857142857153, 4), (757, 16, 0.97142857142857153, 4), (119, 13, 0.97142857142857153, 4), (1329, 10, 0.97142857142857153, 0), (1592, 12, 0.97142857142857153, 0), (768, 3, 0.97142857142857153, 3), (1055, 17, 0.97142857142857153, 4), (239, 8, 0.97142857142857153, 4), (115, 9, 0.97142857142857153, 4), (444, 14, 0.97142857142857153, 1), (756, 17, 0.97142857142857153, 4)]
=: [(237, 13, 0.97142857142857153, 1), (114, 10, 0.97142857142857153, 4), (757, 16, 0.97142857142857153, 4), (119, 13, 0.97142857142857153, 4), (1329, 10, 0.97142857142857153, 0), (1592, 12, 0.97142857142857153, 0), (768, 3, 0.97142857142857153, 3), (1055, 17, 0.97142857142857153, 4), (239, 8, 0.97142857142857153, 4), (115, 9, 0.97142857142857153, 4), (444, 14, 0.97142857142857153, 1), (756, 17, 0.97142857142857153, 4), (446, 13, 0.97142857142857153, 1)]
=: [(237, 13, 0.97142857142857153, 1), (114, 10, 0.97142857142857153, 4), (757, 16, 0.97142857142857153, 4), (119, 13, 0.97142857142857153, 4), (1329, 10, 0.97142857142857153, 0), (1592, 12, 0.97142857142857153, 0), (768, 3, 0.97142857142857153, 3), (1055, 17, 0.97142857142857153, 4), (239, 8, 0.97142857142857153, 4), (115, 9, 0.97142857142857153, 4), (444, 14, 0.97142857142857153, 1), (756, 17, 0.97142857142857153, 4), (446, 13, 0.97142857142857153, 1), (241, 6, 0.97142857142857153, 4)]
=: [(237, 13, 0.97142857142857153, 1), (114, 10, 0.97142857142857153, 4), (757, 16, 0.97142857142857153, 4), (119, 13, 0.97142857142857153, 4), (1329, 10, 0.97142857142857153, 0), (1592, 12, 0.97142857142857153, 0), (768, 3, 0.97142857142857153, 3), (1055, 17, 0.97142857142857153, 4), (239, 8, 0.97142857142857153, 4), (115, 9, 0.97142857142857153, 4), (444, 14, 0.97142857142857153, 1), (756, 17, 0.97142857142857153, 4), (446, 13, 0.97142857142857153, 1), (241, 6, 0.97142857142857153, 4), (1591, 15, 0.97142857142857153, 0)]
=: [(237, 13, 0.97142857142857153, 1), (114, 10, 0.97142857142857153, 4), (757, 16, 0.97142857142857153, 4), (119, 13, 0.97142857142857153, 4), (1329, 10, 0.97142857142857153, 0), (1592, 12, 0.97142857142857153, 0), (768, 3, 0.97142857142857153, 3), (1055, 17, 0.97142857142857153, 4), (239, 8, 0.97142857142857153, 4), (115, 9, 0.97142857142857153, 4), (444, 14, 0.97142857142857153, 1), (756, 17, 0.97142857142857153, 4), (446, 13, 0.97142857142857153, 1), (241, 6, 0.97142857142857153, 4), (1591, 15, 0.97142857142857153, 0), (2266, 12, 0.97142857142857153, 1)]
=: [(237, 13, 0.97142857142857153, 1), (114, 10, 0.97142857142857153, 4), (757, 16, 0.97142857142857153, 4), (119, 13, 0.97142857142857153, 4), (1329, 10, 0.97142857142857153, 0), (1592, 12, 0.97142857142857153, 0), (768, 3, 0.97142857142857153, 3), (1055, 17, 0.97142857142857153, 4), (239, 8, 0.97142857142857153, 4), (115, 9, 0.97142857142857153, 4), (444, 14, 0.97142857142857153, 1), (756, 17, 0.97142857142857153, 4), (446, 13, 0.97142857142857153, 1), (241, 6, 0.97142857142857153, 4), (1591, 15, 0.97142857142857153, 0), (2266, 12, 0.97142857142857153, 1), (240, 7, 0.97142857142857153, 4)]
=: [(237, 13, 0.97142857142857153, 1), (114, 10, 0.97142857142857153, 4), (757, 16, 0.97142857142857153, 4), (119, 13, 0.97142857142857153, 4), (1329, 10, 0.97142857142857153, 0), (1592, 12, 0.97142857142857153, 0), (768, 3, 0.97142857142857153, 3), (1055, 17, 0.97142857142857153, 4), (239, 8, 0.97142857142857153, 4), (115, 9, 0.97142857142857153, 4), (444, 14, 0.97142857142857153, 1), (756, 17, 0.97142857142857153, 4), (446, 13, 0.97142857142857153, 1), (241, 6, 0.97142857142857153, 4), (1591, 15, 0.97142857142857153, 0), (2266, 12, 0.97142857142857153, 1), (240, 7, 0.97142857142857153, 4), (211, 5, 0.97142857142857153, 3)]
=: [(237, 13, 0.97142857142857153, 1), (114, 10, 0.97142857142857153, 4), (757, 16, 0.97142857142857153, 4), (119, 13, 0.97142857142857153, 4), (1329, 10, 0.97142857142857153, 0), (1592, 12, 0.97142857142857153, 0), (768, 3, 0.97142857142857153, 3), (1055, 17, 0.97142857142857153, 4), (239, 8, 0.97142857142857153, 4), (115, 9, 0.97142857142857153, 4), (444, 14, 0.97142857142857153, 1), (756, 17, 0.97142857142857153, 4), (446, 13, 0.97142857142857153, 1), (241, 6, 0.97142857142857153, 4), (1591, 15, 0.97142857142857153, 0), (2266, 12, 0.97142857142857153, 1), (240, 7, 0.97142857142857153, 4), (211, 5, 0.97142857142857153, 3), (1054, 15, 0.97142857142857153, 4)]
=: [(237, 13, 0.97142857142857153, 1), (114, 10, 0.97142857142857153, 4), (757, 16, 0.97142857142857153, 4), (119, 13, 0.97142857142857153, 4), (1329, 10, 0.97142857142857153, 0), (1592, 12, 0.97142857142857153, 0), (768, 3, 0.97142857142857153, 3), (1055, 17, 0.97142857142857153, 4), (239, 8, 0.97142857142857153, 4), (115, 9, 0.97142857142857153, 4), (444, 14, 0.97142857142857153, 1), (756, 17, 0.97142857142857153, 4), (446, 13, 0.97142857142857153, 1), (241, 6, 0.97142857142857153, 4), (1591, 15, 0.97142857142857153, 0), (2266, 12, 0.97142857142857153, 1), (240, 7, 0.97142857142857153, 4), (211, 5, 0.97142857142857153, 3), (1054, 15, 0.97142857142857153, 4), (238, 9, 0.97142857142857153, 4)]
=: [(237, 13, 0.97142857142857153, 1), (114, 10, 0.97142857142857153, 4), (757, 16, 0.97142857142857153, 4), (119, 13, 0.97142857142857153, 4), (1329, 10, 0.97142857142857153, 0), (1592, 12, 0.97142857142857153, 0), (768, 3, 0.97142857142857153, 3), (1055, 17, 0.97142857142857153, 4), (239, 8, 0.97142857142857153, 4), (115, 9, 0.97142857142857153, 4), (444, 14, 0.97142857142857153, 1), (756, 17, 0.97142857142857153, 4), (446, 13, 0.97142857142857153, 1), (241, 6, 0.97142857142857153, 4), (1591, 15, 0.97142857142857153, 0), (2266, 12, 0.97142857142857153, 1), (240, 7, 0.97142857142857153, 4), (211, 5, 0.97142857142857153, 3), (1054, 15, 0.97142857142857153, 4), (238, 9, 0.97142857142857153, 4), (443, 16, 0.97142857142857153, 1)]
=: [(237, 13, 0.97142857142857153, 1), (114, 10, 0.97142857142857153, 4), (757, 16, 0.97142857142857153, 4), (119, 13, 0.97142857142857153, 4), (1329, 10, 0.97142857142857153, 0), (1592, 12, 0.97142857142857153, 0), (768, 3, 0.97142857142857153, 3), (1055, 17, 0.97142857142857153, 4), (239, 8, 0.97142857142857153, 4), (115, 9, 0.97142857142857153, 4), (444, 14, 0.97142857142857153, 1), (756, 17, 0.97142857142857153, 4), (446, 13, 0.97142857142857153, 1), (241, 6, 0.97142857142857153, 4), (1591, 15, 0.97142857142857153, 0), (2266, 12, 0.97142857142857153, 1), (240, 7, 0.97142857142857153, 4), (211, 5, 0.97142857142857153, 3), (1054, 15, 0.97142857142857153, 4), (238, 9, 0.97142857142857153, 4), (443, 16, 0.97142857142857153, 1), (2255, 13, 0.97142857142857153, 0)]
=: [(237, 13, 0.97142857142857153, 1), (114, 10, 0.97142857142857153, 4), (757, 16, 0.97142857142857153, 4), (119, 13, 0.97142857142857153, 4), (1329, 10, 0.97142857142857153, 0), (1592, 12, 0.97142857142857153, 0), (768, 3, 0.97142857142857153, 3), (1055, 17, 0.97142857142857153, 4), (239, 8, 0.97142857142857153, 4), (115, 9, 0.97142857142857153, 4), (444, 14, 0.97142857142857153, 1), (756, 17, 0.97142857142857153, 4), (446, 13, 0.97142857142857153, 1), (241, 6, 0.97142857142857153, 4), (1591, 15, 0.97142857142857153, 0), (2266, 12, 0.97142857142857153, 1), (240, 7, 0.97142857142857153, 4), (211, 5, 0.97142857142857153, 3), (1054, 15, 0.97142857142857153, 4), (238, 9, 0.97142857142857153, 4), (443, 16, 0.97142857142857153, 1), (2255, 13, 0.97142857142857153, 0), (758, 15, 0.97142857142857153, 4)]
=: [(237, 13, 0.97142857142857153, 1), (114, 10, 0.97142857142857153, 4), (757, 16, 0.97142857142857153, 4), (119, 13, 0.97142857142857153, 4), (1329, 10, 0.97142857142857153, 0), (1592, 12, 0.97142857142857153, 0), (768, 3, 0.97142857142857153, 3), (1055, 17, 0.97142857142857153, 4), (239, 8, 0.97142857142857153, 4), (115, 9, 0.97142857142857153, 4), (444, 14, 0.97142857142857153, 1), (756, 17, 0.97142857142857153, 4), (446, 13, 0.97142857142857153, 1), (241, 6, 0.97142857142857153, 4), (1591, 15, 0.97142857142857153, 0), (2266, 12, 0.97142857142857153, 1), (240, 7, 0.97142857142857153, 4), (211, 5, 0.97142857142857153, 3), (1054, 15, 0.97142857142857153, 4), (238, 9, 0.97142857142857153, 4), (443, 16, 0.97142857142857153, 1), (2255, 13, 0.97142857142857153, 0), (758, 15, 0.97142857142857153, 4), (118, 9, 0.97142857142857153, 4)]
=: [(237, 13, 0.97142857142857153, 1), (114, 10, 0.97142857142857153, 4), (757, 16, 0.97142857142857153, 4), (119, 13, 0.97142857142857153, 4), (1329, 10, 0.97142857142857153, 0), (1592, 12, 0.97142857142857153, 0), (768, 3, 0.97142857142857153, 3), (1055, 17, 0.97142857142857153, 4), (239, 8, 0.97142857142857153, 4), (115, 9, 0.97142857142857153, 4), (444, 14, 0.97142857142857153, 1), (756, 17, 0.97142857142857153, 4), (446, 13, 0.97142857142857153, 1), (241, 6, 0.97142857142857153, 4), (1591, 15, 0.97142857142857153, 0), (2266, 12, 0.97142857142857153, 1), (240, 7, 0.97142857142857153, 4), (211, 5, 0.97142857142857153, 3), (1054, 15, 0.97142857142857153, 4), (238, 9, 0.97142857142857153, 4), (443, 16, 0.97142857142857153, 1), (2255, 13, 0.97142857142857153, 0), (758, 15, 0.97142857142857153, 4), (118, 9, 0.97142857142857153, 4), (817, 10, 0.97142857142857153, 0)]
=: [(237, 13, 0.97142857142857153, 1), (114, 10, 0.97142857142857153, 4), (757, 16, 0.97142857142857153, 4), (119, 13, 0.97142857142857153, 4), (1329, 10, 0.97142857142857153, 0), (1592, 12, 0.97142857142857153, 0), (768, 3, 0.97142857142857153, 3), (1055, 17, 0.97142857142857153, 4), (239, 8, 0.97142857142857153, 4), (115, 9, 0.97142857142857153, 4), (444, 14, 0.97142857142857153, 1), (756, 17, 0.97142857142857153, 4), (446, 13, 0.97142857142857153, 1), (241, 6, 0.97142857142857153, 4), (1591, 15, 0.97142857142857153, 0), (2266, 12, 0.97142857142857153, 1), (240, 7, 0.97142857142857153, 4), (211, 5, 0.97142857142857153, 3), (1054, 15, 0.97142857142857153, 4), (238, 9, 0.97142857142857153, 4), (443, 16, 0.97142857142857153, 1), (2255, 13, 0.97142857142857153, 0), (758, 15, 0.97142857142857153, 4), (118, 9, 0.97142857142857153, 4), (817, 10, 0.97142857142857153, 0), (1593, 13, 0.97142857142857153, 0)]
=: [(237, 13, 0.97142857142857153, 1), (114, 10, 0.97142857142857153, 4), (757, 16, 0.97142857142857153, 4), (119, 13, 0.97142857142857153, 4), (1329, 10, 0.97142857142857153, 0), (1592, 12, 0.97142857142857153, 0), (768, 3, 0.97142857142857153, 3), (1055, 17, 0.97142857142857153, 4), (239, 8, 0.97142857142857153, 4), (115, 9, 0.97142857142857153, 4), (444, 14, 0.97142857142857153, 1), (756, 17, 0.97142857142857153, 4), (446, 13, 0.97142857142857153, 1), (241, 6, 0.97142857142857153, 4), (1591, 15, 0.97142857142857153, 0), (2266, 12, 0.97142857142857153, 1), (240, 7, 0.97142857142857153, 4), (211, 5, 0.97142857142857153, 3), (1054, 15, 0.97142857142857153, 4), (238, 9, 0.97142857142857153, 4), (443, 16, 0.97142857142857153, 1), (2255, 13, 0.97142857142857153, 0), (758, 15, 0.97142857142857153, 4), (118, 9, 0.97142857142857153, 4), (817, 10, 0.97142857142857153, 0), (1593, 13, 0.97142857142857153, 0), (135, 6, 0.97142857142857153, 1)]
=: [(237, 13, 0.97142857142857153, 1), (114, 10, 0.97142857142857153, 4), (757, 16, 0.97142857142857153, 4), (119, 13, 0.97142857142857153, 4), (1329, 10, 0.97142857142857153, 0), (1592, 12, 0.97142857142857153, 0), (768, 3, 0.97142857142857153, 3), (1055, 17, 0.97142857142857153, 4), (239, 8, 0.97142857142857153, 4), (115, 9, 0.97142857142857153, 4), (444, 14, 0.97142857142857153, 1), (756, 17, 0.97142857142857153, 4), (446, 13, 0.97142857142857153, 1), (241, 6, 0.97142857142857153, 4), (1591, 15, 0.97142857142857153, 0), (2266, 12, 0.97142857142857153, 1), (240, 7, 0.97142857142857153, 4), (211, 5, 0.97142857142857153, 3), (1054, 15, 0.97142857142857153, 4), (238, 9, 0.97142857142857153, 4), (443, 16, 0.97142857142857153, 1), (2255, 13, 0.97142857142857153, 0), (758, 15, 0.97142857142857153, 4), (118, 9, 0.97142857142857153, 4), (817, 10, 0.97142857142857153, 0), (1593, 13, 0.97142857142857153, 0), (135, 6, 0.97142857142857153, 1), (755, 18, 0.97142857142857153, 4)]
=: [(237, 13, 0.97142857142857153, 1), (114, 10, 0.97142857142857153, 4), (757, 16, 0.97142857142857153, 4), (119, 13, 0.97142857142857153, 4), (1329, 10, 0.97142857142857153, 0), (1592, 12, 0.97142857142857153, 0), (768, 3, 0.97142857142857153, 3), (1055, 17, 0.97142857142857153, 4), (239, 8, 0.97142857142857153, 4), (115, 9, 0.97142857142857153, 4), (444, 14, 0.97142857142857153, 1), (756, 17, 0.97142857142857153, 4), (446, 13, 0.97142857142857153, 1), (241, 6, 0.97142857142857153, 4), (1591, 15, 0.97142857142857153, 0), (2266, 12, 0.97142857142857153, 1), (240, 7, 0.97142857142857153, 4), (211, 5, 0.97142857142857153, 3), (1054, 15, 0.97142857142857153, 4), (238, 9, 0.97142857142857153, 4), (443, 16, 0.97142857142857153, 1), (2255, 13, 0.97142857142857153, 0), (758, 15, 0.97142857142857153, 4), (118, 9, 0.97142857142857153, 4), (817, 10, 0.97142857142857153, 0), (1593, 13, 0.97142857142857153, 0), (135, 6, 0.97142857142857153, 1), (755, 18, 0.97142857142857153, 4), (2031, 20, 0.97142857142857153, 0)]
using time: 12303.189583301544