>: [(974, 12, 0.875, 2)]
>: [(268, 10, 0.89666666666666672, 3)]
>: [(53, 16, 1.0, 3)]
=: [(53, 16, 1.0, 3), (46, 6, 1.0, 0)]
=: [(53, 16, 1.0, 3), (46, 6, 1.0, 0), (208, 16, 1.0, 4)]
=: [(53, 16, 1.0, 3), (46, 6, 1.0, 0), (208, 16, 1.0, 4), (7, 12, 1.0, 0)]
=: [(53, 16, 1.0, 3), (46, 6, 1.0, 0), (208, 16, 1.0, 4), (7, 12, 1.0, 0), (460, 26, 1.0, 4)]
=: [(53, 16, 1.0, 3), (46, 6, 1.0, 0), (208, 16, 1.0, 4), (7, 12, 1.0, 0), (460, 26, 1.0, 4), (207, 16, 1.0, 0)]
=: [(53, 16, 1.0, 3), (46, 6, 1.0, 0), (208, 16, 1.0, 4), (7, 12, 1.0, 0), (460, 26, 1.0, 4), (207, 16, 1.0, 0), (209, 14, 1.0, 3)]
=: [(53, 16, 1.0, 3), (46, 6, 1.0, 0), (208, 16, 1.0, 4), (7, 12, 1.0, 0), (460, 26, 1.0, 4), (207, 16, 1.0, 0), (209, 14, 1.0, 3), (47, 5, 1.0, 0)]
=: [(53, 16, 1.0, 3), (46, 6, 1.0, 0), (208, 16, 1.0, 4), (7, 12, 1.0, 0), (460, 26, 1.0, 4), (207, 16, 1.0, 0), (209, 14, 1.0, 3), (47, 5, 1.0, 0), (41, 7, 1.0, 0)]
=: [(53, 16, 1.0, 3), (46, 6, 1.0, 0), (208, 16, 1.0, 4), (7, 12, 1.0, 0), (460, 26, 1.0, 4), (207, 16, 1.0, 0), (209, 14, 1.0, 3), (47, 5, 1.0, 0), (41, 7, 1.0, 0), (54, 15, 1.0, 3)]
=: [(53, 16, 1.0, 3), (46, 6, 1.0, 0), (208, 16, 1.0, 4), (7, 12, 1.0, 0), (460, 26, 1.0, 4), (207, 16, 1.0, 0), (209, 14, 1.0, 3), (47, 5, 1.0, 0), (41, 7, 1.0, 0), (54, 15, 1.0, 3), (48, 10, 1.0, 3)]
=: [(53, 16, 1.0, 3), (46, 6, 1.0, 0), (208, 16, 1.0, 4), (7, 12, 1.0, 0), (460, 26, 1.0, 4), (207, 16, 1.0, 0), (209, 14, 1.0, 3), (47, 5, 1.0, 0), (41, 7, 1.0, 0), (54, 15, 1.0, 3), (48, 10, 1.0, 3), (0, 9, 1.0, 4)]
=: [(53, 16, 1.0, 3), (46, 6, 1.0, 0), (208, 16, 1.0, 4), (7, 12, 1.0, 0), (460, 26, 1.0, 4), (207, 16, 1.0, 0), (209, 14, 1.0, 3), (47, 5, 1.0, 0), (41, 7, 1.0, 0), (54, 15, 1.0, 3), (48, 10, 1.0, 3), (0, 9, 1.0, 4), (38, 8, 1.0, 4)]
=: [(53, 16, 1.0, 3), (46, 6, 1.0, 0), (208, 16, 1.0, 4), (7, 12, 1.0, 0), (460, 26, 1.0, 4), (207, 16, 1.0, 0), (209, 14, 1.0, 3), (47, 5, 1.0, 0), (41, 7, 1.0, 0), (54, 15, 1.0, 3), (48, 10, 1.0, 3), (0, 9, 1.0, 4), (38, 8, 1.0, 4), (44, 10, 1.0, 4)]
=: [(53, 16, 1.0, 3), (46, 6, 1.0, 0), (208, 16, 1.0, 4), (7, 12, 1.0, 0), (460, 26, 1.0, 4), (207, 16, 1.0, 0), (209, 14, 1.0, 3), (47, 5, 1.0, 0), (41, 7, 1.0, 0), (54, 15, 1.0, 3), (48, 10, 1.0, 3), (0, 9, 1.0, 4), (38, 8, 1.0, 4), (44, 10, 1.0, 4), (4, 5, 1.0, 0)]
=: [(53, 16, 1.0, 3), (46, 6, 1.0, 0), (208, 16, 1.0, 4), (7, 12, 1.0, 0), (460, 26, 1.0, 4), (207, 16, 1.0, 0), (209, 14, 1.0, 3), (47, 5, 1.0, 0), (41, 7, 1.0, 0), (54, 15, 1.0, 3), (48, 10, 1.0, 3), (0, 9, 1.0, 4), (38, 8, 1.0, 4), (44, 10, 1.0, 4), (4, 5, 1.0, 0), (0, 9, 1.0, 4)]
using time: 1080.5530138015747