>: [(3898, 1, 0.60818181818181816, 2)]
>: [(9709, 4, 0.65636363636363637, 1)]
>: [(2136, 2, 0.71363636363636362, 2)]
>: [(215, 7, 0.83454545454545459, 0)]
>: [(508, 10, 0.84272727272727277, 0)]
>: [(1596, 9, 0.84454545454545449, 4)]
>: [(118, 16, 0.89000000000000001, 0)]
>: [(514, 14, 0.89181818181818184, 4)]
>: [(187, 11, 0.94000000000000006, 0)]
=: [(187, 11, 0.94000000000000006, 0), (190, 7, 0.94000000000000006, 0)]
=: [(187, 11, 0.94000000000000006, 0), (190, 7, 0.94000000000000006, 0), (189, 10, 0.94000000000000006, 4)]
>: [(8, 7, 0.94090909090909081, 3)]
=: [(8, 7, 0.94090909090909081, 3), (9, 6, 0.94090909090909081, 3)]
>: [(6, 6, 0.95090909090909093, 1)]
using time: 3633.6792991161346