>: [(2201, 1, 0.80797522260936905, 0)]
=: [(2201, 1, 0.80797522260936905, 0), (9325, 1, 0.80797522260936905, 0)]
=: [(2201, 1, 0.80797522260936905, 0), (9325, 1, 0.80797522260936905, 0), (12513, 1, 0.80797522260936905, 0)]
=: [(2201, 1, 0.80797522260936905, 0), (9325, 1, 0.80797522260936905, 0), (12513, 1, 0.80797522260936905, 0), (1033, 1, 0.80797522260936905, 0)]
=: [(2201, 1, 0.80797522260936905, 0), (9325, 1, 0.80797522260936905, 0), (12513, 1, 0.80797522260936905, 0), (1033, 1, 0.80797522260936905, 0), (4179, 1, 0.80797522260936905, 0)]
=: [(2201, 1, 0.80797522260936905, 0), (9325, 1, 0.80797522260936905, 0), (12513, 1, 0.80797522260936905, 0), (1033, 1, 0.80797522260936905, 0), (4179, 1, 0.80797522260936905, 0), (1931, 1, 0.80797522260936905, 0)]
=: [(2201, 1, 0.80797522260936905, 0), (9325, 1, 0.80797522260936905, 0), (12513, 1, 0.80797522260936905, 0), (1033, 1, 0.80797522260936905, 0), (4179, 1, 0.80797522260936905, 0), (1931, 1, 0.80797522260936905, 0), (8117, 1, 0.80797522260936905, 0)]
=: [(2201, 1, 0.80797522260936905, 0), (9325, 1, 0.80797522260936905, 0), (12513, 1, 0.80797522260936905, 0), (1033, 1, 0.80797522260936905, 0), (4179, 1, 0.80797522260936905, 0), (1931, 1, 0.80797522260936905, 0), (8117, 1, 0.80797522260936905, 0), (12467, 1, 0.80797522260936905, 0)]
=: [(2201, 1, 0.80797522260936905, 0), (9325, 1, 0.80797522260936905, 0), (12513, 1, 0.80797522260936905, 0), (1033, 1, 0.80797522260936905, 0), (4179, 1, 0.80797522260936905, 0), (1931, 1, 0.80797522260936905, 0), (8117, 1, 0.80797522260936905, 0), (12467, 1, 0.80797522260936905, 0), (7364, 1, 0.80797522260936905, 0)]
=: [(2201, 1, 0.80797522260936905, 0), (9325, 1, 0.80797522260936905, 0), (12513, 1, 0.80797522260936905, 0), (1033, 1, 0.80797522260936905, 0), (4179, 1, 0.80797522260936905, 0), (1931, 1, 0.80797522260936905, 0), (8117, 1, 0.80797522260936905, 0), (12467, 1, 0.80797522260936905, 0), (7364, 1, 0.80797522260936905, 0), (7737, 1, 0.80797522260936905, 0)]
=: [(2201, 1, 0.80797522260936905, 0), (9325, 1, 0.80797522260936905, 0), (12513, 1, 0.80797522260936905, 0), (1033, 1, 0.80797522260936905, 0), (4179, 1, 0.80797522260936905, 0), (1931, 1, 0.80797522260936905, 0), (8117, 1, 0.80797522260936905, 0), (12467, 1, 0.80797522260936905, 0), (7364, 1, 0.80797522260936905, 0), (7737, 1, 0.80797522260936905, 0), (10675, 1, 0.80797522260936905, 0)]
=: [(2201, 1, 0.80797522260936905, 0), (9325, 1, 0.80797522260936905, 0), (12513, 1, 0.80797522260936905, 0), (1033, 1, 0.80797522260936905, 0), (4179, 1, 0.80797522260936905, 0), (1931, 1, 0.80797522260936905, 0), (8117, 1, 0.80797522260936905, 0), (12467, 1, 0.80797522260936905, 0), (7364, 1, 0.80797522260936905, 0), (7737, 1, 0.80797522260936905, 0), (10675, 1, 0.80797522260936905, 0), (6219, 1, 0.80797522260936905, 0)]
>: [(3439, 2, 0.82384823848238486, 3)]
>: [(3632, 1, 0.83217189314750284, 1)]
