>: [(1853, 19, 0.97619047619047605, 4)]
>: [(275, 9, 0.98333333333333317, 3)]
>: [(1339, 18, 0.98452380952380947, 4)]
=: [(1339, 18, 0.98452380952380947, 4), (174, 10, 0.98452380952380947, 4)]
=: [(1339, 18, 0.98452380952380947, 4), (174, 10, 0.98452380952380947, 4), (791, 20, 0.98452380952380947, 0)]
=: [(1339, 18, 0.98452380952380947, 4), (174, 10, 0.98452380952380947, 4), (791, 20, 0.98452380952380947, 0), (808, 6, 0.98452380952380947, 0)]
>: [(1231, 12, 0.99166666666666659, 0)]
=: [(1231, 12, 0.99166666666666659, 0), (59, 6, 0.99166666666666659, 4)]
>: [(4218, 18, 1.0, 3)]
=: [(4218, 18, 1.0, 3), (392, 12, 1.0, 4)]
=: [(4218, 18, 1.0, 3), (392, 12, 1.0, 4), (360, 8, 1.0, 0)]
=: [(4218, 18, 1.0, 3), (392, 12, 1.0, 4), (360, 8, 1.0, 0), (394, 10, 1.0, 4)]
=: [(4218, 18, 1.0, 3), (392, 12, 1.0, 4), (360, 8, 1.0, 0), (394, 10, 1.0, 4), (734, 19, 1.0, 4)]
=: [(4218, 18, 1.0, 3), (392, 12, 1.0, 4), (360, 8, 1.0, 0), (394, 10, 1.0, 4), (734, 19, 1.0, 4), (400, 7, 1.0, 0)]
=: [(4218, 18, 1.0, 3), (392, 12, 1.0, 4), (360, 8, 1.0, 0), (394, 10, 1.0, 4), (734, 19, 1.0, 4), (400, 7, 1.0, 0), (423, 17, 1.0, 0)]
=: [(4218, 18, 1.0, 3), (392, 12, 1.0, 4), (360, 8, 1.0, 0), (394, 10, 1.0, 4), (734, 19, 1.0, 4), (400, 7, 1.0, 0), (423, 17, 1.0, 0), (17, 3, 1.0, 4)]
=: [(4218, 18, 1.0, 3), (392, 12, 1.0, 4), (360, 8, 1.0, 0), (394, 10, 1.0, 4), (734, 19, 1.0, 4), (400, 7, 1.0, 0), (423, 17, 1.0, 0), (17, 3, 1.0, 4), (502, 14, 1.0, 0)]
=: [(4218, 18, 1.0, 3), (392, 12, 1.0, 4), (360, 8, 1.0, 0), (394, 10, 1.0, 4), (734, 19, 1.0, 4), (400, 7, 1.0, 0), (423, 17, 1.0, 0), (17, 3, 1.0, 4), (502, 14, 1.0, 0), (387, 19, 1.0, 0)]
=: [(4218, 18, 1.0, 3), (392, 12, 1.0, 4), (360, 8, 1.0, 0), (394, 10, 1.0, 4), (734, 19, 1.0, 4), (400, 7, 1.0, 0), (423, 17, 1.0, 0), (17, 3, 1.0, 4), (502, 14, 1.0, 0), (387, 19, 1.0, 0), (68, 3, 1.0, 3)]
=: [(4218, 18, 1.0, 3), (392, 12, 1.0, 4), (360, 8, 1.0, 0), (394, 10, 1.0, 4), (734, 19, 1.0, 4), (400, 7, 1.0, 0), (423, 17, 1.0, 0), (17, 3, 1.0, 4), (502, 14, 1.0, 0), (387, 19, 1.0, 0), (68, 3, 1.0, 3), (359, 10, 1.0, 1)]
=: [(4218, 18, 1.0, 3), (392, 12, 1.0, 4), (360, 8, 1.0, 0), (394, 10, 1.0, 4), (734, 19, 1.0, 4), (400, 7, 1.0, 0), (423, 17, 1.0, 0), (17, 3, 1.0, 4), (502, 14, 1.0, 0), (387, 19, 1.0, 0), (68, 3, 1.0, 3), (359, 10, 1.0, 1), (738, 16, 1.0, 4)]
=: [(4218, 18, 1.0, 3), (392, 12, 1.0, 4), (360, 8, 1.0, 0), (394, 10, 1.0, 4), (734, 19, 1.0, 4), (400, 7, 1.0, 0), (423, 17, 1.0, 0), (17, 3, 1.0, 4), (502, 14, 1.0, 0), (387, 19, 1.0, 0), (68, 3, 1.0, 3), (359, 10, 1.0, 1), (738, 16, 1.0, 4), (739, 15, 1.0, 4)]
=: [(4218, 18, 1.0, 3), (392, 12, 1.0, 4), (360, 8, 1.0, 0), (394, 10, 1.0, 4), (734, 19, 1.0, 4), (400, 7, 1.0, 0), (423, 17, 1.0, 0), (17, 3, 1.0, 4), (502, 14, 1.0, 0), (387, 19, 1.0, 0), (68, 3, 1.0, 3), (359, 10, 1.0, 1), (738, 16, 1.0, 4), (739, 15, 1.0, 4), (9, 7, 1.0, 4)]
=: [(4218, 18, 1.0, 3), (392, 12, 1.0, 4), (360, 8, 1.0, 0), (394, 10, 1.0, 4), (734, 19, 1.0, 4), (400, 7, 1.0, 0), (423, 17, 1.0, 0), (17, 3, 1.0, 4), (502, 14, 1.0, 0), (387, 19, 1.0, 0), (68, 3, 1.0, 3), (359, 10, 1.0, 1), (738, 16, 1.0, 4), (739, 15, 1.0, 4), (9, 7, 1.0, 4), (505, 11, 1.0, 0)]
=: [(4218, 18, 1.0, 3), (392, 12, 1.0, 4), (360, 8, 1.0, 0), (394, 10, 1.0, 4), (734, 19, 1.0, 4), (400, 7, 1.0, 0), (423, 17, 1.0, 0), (17, 3, 1.0, 4), (502, 14, 1.0, 0), (387, 19, 1.0, 0), (68, 3, 1.0, 3), (359, 10, 1.0, 1), (738, 16, 1.0, 4), (739, 15, 1.0, 4), (9, 7, 1.0, 4), (505, 11, 1.0, 0), (510, 9, 1.0, 3)]
=: [(4218, 18, 1.0, 3), (392, 12, 1.0, 4), (360, 8, 1.0, 0), (394, 10, 1.0, 4), (734, 19, 1.0, 4), (400, 7, 1.0, 0), (423, 17, 1.0, 0), (17, 3, 1.0, 4), (502, 14, 1.0, 0), (387, 19, 1.0, 0), (68, 3, 1.0, 3), (359, 10, 1.0, 1), (738, 16, 1.0, 4), (739, 15, 1.0, 4), (9, 7, 1.0, 4), (505, 11, 1.0, 0), (510, 9, 1.0, 3), (742, 12, 1.0, 4)]
=: [(4218, 18, 1.0, 3), (392, 12, 1.0, 4), (360, 8, 1.0, 0), (394, 10, 1.0, 4), (734, 19, 1.0, 4), (400, 7, 1.0, 0), (423, 17, 1.0, 0), (17, 3, 1.0, 4), (502, 14, 1.0, 0), (387, 19, 1.0, 0), (68, 3, 1.0, 3), (359, 10, 1.0, 1), (738, 16, 1.0, 4), (739, 15, 1.0, 4), (9, 7, 1.0, 4), (505, 11, 1.0, 0), (510, 9, 1.0, 3), (742, 12, 1.0, 4), (810, 4, 1.0, 0)]
using time: 12092.595036029816