>: [(2961, 1, 0.75476190476190474, 0)]
>: [(3843, 4, 0.81071428571428572, 2)]
>: [(2334, 11, 0.84999999999999998, 3)]
>: [(1856, 8, 0.88333333333333341, 1)]
>: [(47, 13, 0.97499999999999998, 0)]
=: [(47, 13, 0.97499999999999998, 0), (360, 11, 0.97499999999999998, 1)]
=: [(47, 13, 0.97499999999999998, 0), (360, 11, 0.97499999999999998, 1), (114, 18, 0.97499999999999998, 0)]
=: [(47, 13, 0.97499999999999998, 0), (360, 11, 0.97499999999999998, 1), (114, 18, 0.97499999999999998, 0), (91, 9, 0.97499999999999998, 1)]
=: [(47, 13, 0.97499999999999998, 0), (360, 11, 0.97499999999999998, 1), (114, 18, 0.97499999999999998, 0), (91, 9, 0.97499999999999998, 1), (1, 11, 0.97499999999999998, 0)]
=: [(47, 13, 0.97499999999999998, 0), (360, 11, 0.97499999999999998, 1), (114, 18, 0.97499999999999998, 0), (91, 9, 0.97499999999999998, 1), (1, 11, 0.97499999999999998, 0), (33, 5, 0.97499999999999998, 0)]
=: [(47, 13, 0.97499999999999998, 0), (360, 11, 0.97499999999999998, 1), (114, 18, 0.97499999999999998, 0), (91, 9, 0.97499999999999998, 1), (1, 11, 0.97499999999999998, 0), (33, 5, 0.97499999999999998, 0), (89, 11, 0.97499999999999998, 0)]
=: [(47, 13, 0.97499999999999998, 0), (360, 11, 0.97499999999999998, 1), (114, 18, 0.97499999999999998, 0), (91, 9, 0.97499999999999998, 1), (1, 11, 0.97499999999999998, 0), (33, 5, 0.97499999999999998, 0), (89, 11, 0.97499999999999998, 0), (201, 10, 0.97499999999999998, 0)]
=: [(47, 13, 0.97499999999999998, 0), (360, 11, 0.97499999999999998, 1), (114, 18, 0.97499999999999998, 0), (91, 9, 0.97499999999999998, 1), (1, 11, 0.97499999999999998, 0), (33, 5, 0.97499999999999998, 0), (89, 11, 0.97499999999999998, 0), (201, 10, 0.97499999999999998, 0), (126, 12, 0.97499999999999998, 0)]
>: [(125, 11, 0.98750000000000004, 3)]
=: [(125, 11, 0.98750000000000004, 3), (100, 10, 0.98750000000000004, 3)]
=: [(125, 11, 0.98750000000000004, 3), (100, 10, 0.98750000000000004, 3), (98, 9, 0.98750000000000004, 1)]
=: [(125, 11, 0.98750000000000004, 3), (100, 10, 0.98750000000000004, 3), (98, 9, 0.98750000000000004, 1), (95, 10, 0.98750000000000004, 1)]
=: [(125, 11, 0.98750000000000004, 3), (100, 10, 0.98750000000000004, 3), (98, 9, 0.98750000000000004, 1), (95, 10, 0.98750000000000004, 1), (35, 8, 0.98750000000000004, 0)]
=: [(125, 11, 0.98750000000000004, 3), (100, 10, 0.98750000000000004, 3), (98, 9, 0.98750000000000004, 1), (95, 10, 0.98750000000000004, 1), (35, 8, 0.98750000000000004, 0), (365, 23, 0.98750000000000004, 4)]
=: [(125, 11, 0.98750000000000004, 3), (100, 10, 0.98750000000000004, 3), (98, 9, 0.98750000000000004, 1), (95, 10, 0.98750000000000004, 1), (35, 8, 0.98750000000000004, 0), (365, 23, 0.98750000000000004, 4), (93, 10, 0.98750000000000004, 1)]
=: [(125, 11, 0.98750000000000004, 3), (100, 10, 0.98750000000000004, 3), (98, 9, 0.98750000000000004, 1), (95, 10, 0.98750000000000004, 1), (35, 8, 0.98750000000000004, 0), (365, 23, 0.98750000000000004, 4), (93, 10, 0.98750000000000004, 1), (32, 11, 0.98750000000000004, 0)]
=: [(125, 11, 0.98750000000000004, 3), (100, 10, 0.98750000000000004, 3), (98, 9, 0.98750000000000004, 1), (95, 10, 0.98750000000000004, 1), (35, 8, 0.98750000000000004, 0), (365, 23, 0.98750000000000004, 4), (93, 10, 0.98750000000000004, 1), (32, 11, 0.98750000000000004, 0), (206, 7, 0.98750000000000004, 3)]
=: [(125, 11, 0.98750000000000004, 3), (100, 10, 0.98750000000000004, 3), (98, 9, 0.98750000000000004, 1), (95, 10, 0.98750000000000004, 1), (35, 8, 0.98750000000000004, 0), (365, 23, 0.98750000000000004, 4), (93, 10, 0.98750000000000004, 1), (32, 11, 0.98750000000000004, 0), (206, 7, 0.98750000000000004, 3), (37, 8, 0.98750000000000004, 0)]
using time: 1831.626672744751