>: [(7775, 1, 0.80934065934065935, 0)]
=: [(7775, 1, 0.80934065934065935, 0), (4407, 1, 0.80934065934065935, 0)]
=: [(7775, 1, 0.80934065934065935, 0), (4407, 1, 0.80934065934065935, 0), (10772, 1, 0.80934065934065935, 0)]
=: [(7775, 1, 0.80934065934065935, 0), (4407, 1, 0.80934065934065935, 0), (10772, 1, 0.80934065934065935, 0), (8669, 1, 0.80934065934065935, 0)]
=: [(7775, 1, 0.80934065934065935, 0), (4407, 1, 0.80934065934065935, 0), (10772, 1, 0.80934065934065935, 0), (8669, 1, 0.80934065934065935, 0), (10918, 1, 0.80934065934065935, 0)]
>: [(5730, 4, 0.81053113553113554, 3)]
>: [(177, 3, 0.81639194139194127, 1)]
>: [(27, 9, 0.84267399267399268, 1)]
>: [(753, 3, 0.85384615384615381, 1)]
>: [(682, 1, 0.85567765567765564, 1)]
>: [(54, 17, 0.85631868131868139, 1)]
>: [(434, 4, 0.86346153846153828, 1)]
>: [(1158, 14, 0.88250915750915748, 1)]
using time: 2464.960008621216