>: [(3887, 6, 0.79642857142857149, 3)]
=: [(3887, 6, 0.79642857142857149, 3), (1168, 3, 0.79642857142857149, 3)]
>: [(88, 5, 0.93571428571428572, 0)]
=: [(88, 5, 0.93571428571428572, 0), (13, 3, 0.93571428571428572, 1)]
=: [(88, 5, 0.93571428571428572, 0), (13, 3, 0.93571428571428572, 1), (481, 10, 0.93571428571428572, 4)]
>: [(152, 14, 0.94999999999999996, 0)]
>: [(420, 18, 0.96250000000000002, 0)]
=: [(420, 18, 0.96250000000000002, 0), (267, 7, 0.96250000000000002, 0)]
=: [(420, 18, 0.96250000000000002, 0), (267, 7, 0.96250000000000002, 0), (54, 4, 0.96250000000000002, 0)]
>: [(327, 11, 0.97499999999999998, 1)]
=: [(327, 11, 0.97499999999999998, 1), (266, 10, 0.97499999999999998, 0)]
=: [(327, 11, 0.97499999999999998, 1), (266, 10, 0.97499999999999998, 0), (201, 10, 0.97499999999999998, 0)]
>: [(106, 9, 0.98750000000000004, 0)]
=: [(106, 9, 0.98750000000000004, 0), (102, 8, 0.98750000000000004, 0)]
=: [(106, 9, 0.98750000000000004, 0), (102, 8, 0.98750000000000004, 0), (32, 11, 0.98750000000000004, 0)]
=: [(106, 9, 0.98750000000000004, 0), (102, 8, 0.98750000000000004, 0), (32, 11, 0.98750000000000004, 0), (105, 11, 0.98750000000000004, 0)]
=: [(106, 9, 0.98750000000000004, 0), (102, 8, 0.98750000000000004, 0), (32, 11, 0.98750000000000004, 0), (105, 11, 0.98750000000000004, 0), (35, 8, 0.98750000000000004, 0)]
=: [(106, 9, 0.98750000000000004, 0), (102, 8, 0.98750000000000004, 0), (32, 11, 0.98750000000000004, 0), (105, 11, 0.98750000000000004, 0), (35, 8, 0.98750000000000004, 0), (162, 12, 0.98750000000000004, 3)]
=: [(106, 9, 0.98750000000000004, 0), (102, 8, 0.98750000000000004, 0), (32, 11, 0.98750000000000004, 0), (105, 11, 0.98750000000000004, 0), (35, 8, 0.98750000000000004, 0), (162, 12, 0.98750000000000004, 3), (98, 9, 0.98750000000000004, 1)]
=: [(106, 9, 0.98750000000000004, 0), (102, 8, 0.98750000000000004, 0), (32, 11, 0.98750000000000004, 0), (105, 11, 0.98750000000000004, 0), (35, 8, 0.98750000000000004, 0), (162, 12, 0.98750000000000004, 3), (98, 9, 0.98750000000000004, 1), (95, 10, 0.98750000000000004, 1)]
=: [(106, 9, 0.98750000000000004, 0), (102, 8, 0.98750000000000004, 0), (32, 11, 0.98750000000000004, 0), (105, 11, 0.98750000000000004, 0), (35, 8, 0.98750000000000004, 0), (162, 12, 0.98750000000000004, 3), (98, 9, 0.98750000000000004, 1), (95, 10, 0.98750000000000004, 1), (206, 7, 0.98750000000000004, 3)]
=: [(106, 9, 0.98750000000000004, 0), (102, 8, 0.98750000000000004, 0), (32, 11, 0.98750000000000004, 0), (105, 11, 0.98750000000000004, 0), (35, 8, 0.98750000000000004, 0), (162, 12, 0.98750000000000004, 3), (98, 9, 0.98750000000000004, 1), (95, 10, 0.98750000000000004, 1), (206, 7, 0.98750000000000004, 3), (129, 9, 0.98750000000000004, 1)]
=: [(106, 9, 0.98750000000000004, 0), (102, 8, 0.98750000000000004, 0), (32, 11, 0.98750000000000004, 0), (105, 11, 0.98750000000000004, 0), (35, 8, 0.98750000000000004, 0), (162, 12, 0.98750000000000004, 3), (98, 9, 0.98750000000000004, 1), (95, 10, 0.98750000000000004, 1), (206, 7, 0.98750000000000004, 3), (129, 9, 0.98750000000000004, 1), (130, 8, 0.98750000000000004, 1)]
=: [(106, 9, 0.98750000000000004, 0), (102, 8, 0.98750000000000004, 0), (32, 11, 0.98750000000000004, 0), (105, 11, 0.98750000000000004, 0), (35, 8, 0.98750000000000004, 0), (162, 12, 0.98750000000000004, 3), (98, 9, 0.98750000000000004, 1), (95, 10, 0.98750000000000004, 1), (206, 7, 0.98750000000000004, 3), (129, 9, 0.98750000000000004, 1), (130, 8, 0.98750000000000004, 1), (364, 24, 0.98750000000000004, 4)]
=: [(106, 9, 0.98750000000000004, 0), (102, 8, 0.98750000000000004, 0), (32, 11, 0.98750000000000004, 0), (105, 11, 0.98750000000000004, 0), (35, 8, 0.98750000000000004, 0), (162, 12, 0.98750000000000004, 3), (98, 9, 0.98750000000000004, 1), (95, 10, 0.98750000000000004, 1), (206, 7, 0.98750000000000004, 3), (129, 9, 0.98750000000000004, 1), (130, 8, 0.98750000000000004, 1), (364, 24, 0.98750000000000004, 4), (100, 10, 0.98750000000000004, 3)]
=: [(106, 9, 0.98750000000000004, 0), (102, 8, 0.98750000000000004, 0), (32, 11, 0.98750000000000004, 0), (105, 11, 0.98750000000000004, 0), (35, 8, 0.98750000000000004, 0), (162, 12, 0.98750000000000004, 3), (98, 9, 0.98750000000000004, 1), (95, 10, 0.98750000000000004, 1), (206, 7, 0.98750000000000004, 3), (129, 9, 0.98750000000000004, 1), (130, 8, 0.98750000000000004, 1), (364, 24, 0.98750000000000004, 4), (100, 10, 0.98750000000000004, 3), (104, 10, 0.98750000000000004, 0)]
=: [(106, 9, 0.98750000000000004, 0), (102, 8, 0.98750000000000004, 0), (32, 11, 0.98750000000000004, 0), (105, 11, 0.98750000000000004, 0), (35, 8, 0.98750000000000004, 0), (162, 12, 0.98750000000000004, 3), (98, 9, 0.98750000000000004, 1), (95, 10, 0.98750000000000004, 1), (206, 7, 0.98750000000000004, 3), (129, 9, 0.98750000000000004, 1), (130, 8, 0.98750000000000004, 1), (364, 24, 0.98750000000000004, 4), (100, 10, 0.98750000000000004, 3), (104, 10, 0.98750000000000004, 0), (37, 8, 0.98750000000000004, 0)]
=: [(106, 9, 0.98750000000000004, 0), (102, 8, 0.98750000000000004, 0), (32, 11, 0.98750000000000004, 0), (105, 11, 0.98750000000000004, 0), (35, 8, 0.98750000000000004, 0), (162, 12, 0.98750000000000004, 3), (98, 9, 0.98750000000000004, 1), (95, 10, 0.98750000000000004, 1), (206, 7, 0.98750000000000004, 3), (129, 9, 0.98750000000000004, 1), (130, 8, 0.98750000000000004, 1), (364, 24, 0.98750000000000004, 4), (100, 10, 0.98750000000000004, 3), (104, 10, 0.98750000000000004, 0), (37, 8, 0.98750000000000004, 0), (94, 11, 0.98750000000000004, 1)]
using time: 1833.352385520935