>: [(15550, 8, 0.73214285714285721, 1)]
>: [(8814, 24, 0.88303571428571437, 4)]
>: [(4672, 11, 0.9303571428571431, 4)]
>: [(355, 10, 0.95178571428571446, 3)]
=: [(355, 10, 0.95178571428571446, 3), (54, 4, 0.95178571428571446, 3)]
>: [(2444, 11, 0.96428571428571441, 0)]
>: [(922, 7, 0.97142857142857153, 0)]
=: [(922, 7, 0.97142857142857153, 0), (238, 9, 0.97142857142857153, 4)]
=: [(922, 7, 0.97142857142857153, 0), (238, 9, 0.97142857142857153, 4), (2031, 20, 0.97142857142857153, 0)]
=: [(922, 7, 0.97142857142857153, 0), (238, 9, 0.97142857142857153, 4), (2031, 20, 0.97142857142857153, 0), (240, 7, 0.97142857142857153, 4)]
=: [(922, 7, 0.97142857142857153, 0), (238, 9, 0.97142857142857153, 4), (2031, 20, 0.97142857142857153, 0), (240, 7, 0.97142857142857153, 4), (1592, 12, 0.97142857142857153, 0)]
=: [(922, 7, 0.97142857142857153, 0), (238, 9, 0.97142857142857153, 4), (2031, 20, 0.97142857142857153, 0), (240, 7, 0.97142857142857153, 4), (1592, 12, 0.97142857142857153, 0), (241, 6, 0.97142857142857153, 4)]
=: [(922, 7, 0.97142857142857153, 0), (238, 9, 0.97142857142857153, 4), (2031, 20, 0.97142857142857153, 0), (240, 7, 0.97142857142857153, 4), (1592, 12, 0.97142857142857153, 0), (241, 6, 0.97142857142857153, 4), (2255, 13, 0.97142857142857153, 0)]
=: [(922, 7, 0.97142857142857153, 0), (238, 9, 0.97142857142857153, 4), (2031, 20, 0.97142857142857153, 0), (240, 7, 0.97142857142857153, 4), (1592, 12, 0.97142857142857153, 0), (241, 6, 0.97142857142857153, 4), (2255, 13, 0.97142857142857153, 0), (755, 18, 0.97142857142857153, 4)]
=: [(922, 7, 0.97142857142857153, 0), (238, 9, 0.97142857142857153, 4), (2031, 20, 0.97142857142857153, 0), (240, 7, 0.97142857142857153, 4), (1592, 12, 0.97142857142857153, 0), (241, 6, 0.97142857142857153, 4), (2255, 13, 0.97142857142857153, 0), (755, 18, 0.97142857142857153, 4), (520, 5, 0.97142857142857153, 1)]
=: [(922, 7, 0.97142857142857153, 0), (238, 9, 0.97142857142857153, 4), (2031, 20, 0.97142857142857153, 0), (240, 7, 0.97142857142857153, 4), (1592, 12, 0.97142857142857153, 0), (241, 6, 0.97142857142857153, 4), (2255, 13, 0.97142857142857153, 0), (755, 18, 0.97142857142857153, 4), (520, 5, 0.97142857142857153, 1), (418, 10, 0.97142857142857153, 4)]
=: [(922, 7, 0.97142857142857153, 0), (238, 9, 0.97142857142857153, 4), (2031, 20, 0.97142857142857153, 0), (240, 7, 0.97142857142857153, 4), (1592, 12, 0.97142857142857153, 0), (241, 6, 0.97142857142857153, 4), (2255, 13, 0.97142857142857153, 0), (755, 18, 0.97142857142857153, 4), (520, 5, 0.97142857142857153, 1), (418, 10, 0.97142857142857153, 4), (446, 13, 0.97142857142857153, 1)]
=: [(922, 7, 0.97142857142857153, 0), (238, 9, 0.97142857142857153, 4), (2031, 20, 0.97142857142857153, 0), (240, 7, 0.97142857142857153, 4), (1592, 12, 0.97142857142857153, 0), (241, 6, 0.97142857142857153, 4), (2255, 13, 0.97142857142857153, 0), (755, 18, 0.97142857142857153, 4), (520, 5, 0.97142857142857153, 1), (418, 10, 0.97142857142857153, 4), (446, 13, 0.97142857142857153, 1), (2266, 12, 0.97142857142857153, 1)]
=: [(922, 7, 0.97142857142857153, 0), (238, 9, 0.97142857142857153, 4), (2031, 20, 0.97142857142857153, 0), (240, 7, 0.97142857142857153, 4), (1592, 12, 0.97142857142857153, 0), (241, 6, 0.97142857142857153, 4), (2255, 13, 0.97142857142857153, 0), (755, 18, 0.97142857142857153, 4), (520, 5, 0.97142857142857153, 1), (418, 10, 0.97142857142857153, 4), (446, 13, 0.97142857142857153, 1), (2266, 12, 0.97142857142857153, 1), (236, 11, 0.97142857142857153, 1)]
>: [(209, 6, 0.97232142857142867, 4)]
>: [(1676, 10, 0.97857142857142865, 1)]
using time: 12702.594174146652