>: [(15550, 19, 0.77500000000000002, 1)]
>: [(8814, 4, 0.81309523809523809, 4)]
>: [(4672, 14, 0.90357142857142847, 4)]
>: [(355, 7, 0.98333333333333317, 0)]
=: [(355, 7, 0.98333333333333317, 0), (54, 3, 0.98333333333333317, 1)]
>: [(922, 8, 0.98452380952380947, 0)]
=: [(922, 8, 0.98452380952380947, 0), (253, 11, 0.98452380952380947, 4)]
>: [(203, 8, 0.99166666666666659, 3)]
=: [(203, 8, 0.99166666666666659, 3), (3708, 34, 0.99166666666666659, 0)]
=: [(203, 8, 0.99166666666666659, 3), (3708, 34, 0.99166666666666659, 0), (315, 15, 0.99166666666666659, 3)]
=: [(203, 8, 0.99166666666666659, 3), (3708, 34, 0.99166666666666659, 0), (315, 15, 0.99166666666666659, 3), (78, 10, 0.99166666666666659, 0)]
>: [(423, 17, 1.0, 0)]
=: [(423, 17, 1.0, 0), (386, 20, 1.0, 0)]
=: [(423, 17, 1.0, 0), (386, 20, 1.0, 0), (393, 11, 1.0, 4)]
=: [(423, 17, 1.0, 0), (386, 20, 1.0, 0), (393, 11, 1.0, 4), (810, 4, 1.0, 0)]
=: [(423, 17, 1.0, 0), (386, 20, 1.0, 0), (393, 11, 1.0, 4), (810, 4, 1.0, 0), (734, 19, 1.0, 4)]
=: [(423, 17, 1.0, 0), (386, 20, 1.0, 0), (393, 11, 1.0, 4), (810, 4, 1.0, 0), (734, 19, 1.0, 4), (392, 12, 1.0, 4)]
=: [(423, 17, 1.0, 0), (386, 20, 1.0, 0), (393, 11, 1.0, 4), (810, 4, 1.0, 0), (734, 19, 1.0, 4), (392, 12, 1.0, 4), (68, 3, 1.0, 3)]
=: [(423, 17, 1.0, 0), (386, 20, 1.0, 0), (393, 11, 1.0, 4), (810, 4, 1.0, 0), (734, 19, 1.0, 4), (392, 12, 1.0, 4), (68, 3, 1.0, 3), (505, 11, 1.0, 0)]
=: [(423, 17, 1.0, 0), (386, 20, 1.0, 0), (393, 11, 1.0, 4), (810, 4, 1.0, 0), (734, 19, 1.0, 4), (392, 12, 1.0, 4), (68, 3, 1.0, 3), (505, 11, 1.0, 0), (741, 13, 1.0, 3)]
=: [(423, 17, 1.0, 0), (386, 20, 1.0, 0), (393, 11, 1.0, 4), (810, 4, 1.0, 0), (734, 19, 1.0, 4), (392, 12, 1.0, 4), (68, 3, 1.0, 3), (505, 11, 1.0, 0), (741, 13, 1.0, 3), (653, 10, 1.0, 3)]
=: [(423, 17, 1.0, 0), (386, 20, 1.0, 0), (393, 11, 1.0, 4), (810, 4, 1.0, 0), (734, 19, 1.0, 4), (392, 12, 1.0, 4), (68, 3, 1.0, 3), (505, 11, 1.0, 0), (741, 13, 1.0, 3), (653, 10, 1.0, 3), (398, 8, 1.0, 0)]
=: [(423, 17, 1.0, 0), (386, 20, 1.0, 0), (393, 11, 1.0, 4), (810, 4, 1.0, 0), (734, 19, 1.0, 4), (392, 12, 1.0, 4), (68, 3, 1.0, 3), (505, 11, 1.0, 0), (741, 13, 1.0, 3), (653, 10, 1.0, 3), (398, 8, 1.0, 0), (1230, 14, 1.0, 0)]
=: [(423, 17, 1.0, 0), (386, 20, 1.0, 0), (393, 11, 1.0, 4), (810, 4, 1.0, 0), (734, 19, 1.0, 4), (392, 12, 1.0, 4), (68, 3, 1.0, 3), (505, 11, 1.0, 0), (741, 13, 1.0, 3), (653, 10, 1.0, 3), (398, 8, 1.0, 0), (1230, 14, 1.0, 0), (425, 11, 1.0, 1)]
=: [(423, 17, 1.0, 0), (386, 20, 1.0, 0), (393, 11, 1.0, 4), (810, 4, 1.0, 0), (734, 19, 1.0, 4), (392, 12, 1.0, 4), (68, 3, 1.0, 3), (505, 11, 1.0, 0), (741, 13, 1.0, 3), (653, 10, 1.0, 3), (398, 8, 1.0, 0), (1230, 14, 1.0, 0), (425, 11, 1.0, 1), (360, 8, 1.0, 0)]
=: [(423, 17, 1.0, 0), (386, 20, 1.0, 0), (393, 11, 1.0, 4), (810, 4, 1.0, 0), (734, 19, 1.0, 4), (392, 12, 1.0, 4), (68, 3, 1.0, 3), (505, 11, 1.0, 0), (741, 13, 1.0, 3), (653, 10, 1.0, 3), (398, 8, 1.0, 0), (1230, 14, 1.0, 0), (425, 11, 1.0, 1), (360, 8, 1.0, 0), (510, 9, 1.0, 3)]
=: [(423, 17, 1.0, 0), (386, 20, 1.0, 0), (393, 11, 1.0, 4), (810, 4, 1.0, 0), (734, 19, 1.0, 4), (392, 12, 1.0, 4), (68, 3, 1.0, 3), (505, 11, 1.0, 0), (741, 13, 1.0, 3), (653, 10, 1.0, 3), (398, 8, 1.0, 0), (1230, 14, 1.0, 0), (425, 11, 1.0, 1), (360, 8, 1.0, 0), (510, 9, 1.0, 3), (739, 15, 1.0, 4)]
=: [(423, 17, 1.0, 0), (386, 20, 1.0, 0), (393, 11, 1.0, 4), (810, 4, 1.0, 0), (734, 19, 1.0, 4), (392, 12, 1.0, 4), (68, 3, 1.0, 3), (505, 11, 1.0, 0), (741, 13, 1.0, 3), (653, 10, 1.0, 3), (398, 8, 1.0, 0), (1230, 14, 1.0, 0), (425, 11, 1.0, 1), (360, 8, 1.0, 0), (510, 9, 1.0, 3), (739, 15, 1.0, 4), (396, 9, 1.0, 0)]
=: [(423, 17, 1.0, 0), (386, 20, 1.0, 0), (393, 11, 1.0, 4), (810, 4, 1.0, 0), (734, 19, 1.0, 4), (392, 12, 1.0, 4), (68, 3, 1.0, 3), (505, 11, 1.0, 0), (741, 13, 1.0, 3), (653, 10, 1.0, 3), (398, 8, 1.0, 0), (1230, 14, 1.0, 0), (425, 11, 1.0, 1), (360, 8, 1.0, 0), (510, 9, 1.0, 3), (739, 15, 1.0, 4), (396, 9, 1.0, 0), (397, 9, 1.0, 0)]
=: [(423, 17, 1.0, 0), (386, 20, 1.0, 0), (393, 11, 1.0, 4), (810, 4, 1.0, 0), (734, 19, 1.0, 4), (392, 12, 1.0, 4), (68, 3, 1.0, 3), (505, 11, 1.0, 0), (741, 13, 1.0, 3), (653, 10, 1.0, 3), (398, 8, 1.0, 0), (1230, 14, 1.0, 0), (425, 11, 1.0, 1), (360, 8, 1.0, 0), (510, 9, 1.0, 3), (739, 15, 1.0, 4), (396, 9, 1.0, 0), (397, 9, 1.0, 0), (502, 14, 1.0, 0)]
using time: 11728.137080907822