>: [(5305, 1, 0.76043956043956051, 1)]
>: [(2471, 9, 0.86785714285714266, 4)]
>: [(791, 9, 0.95961538461538454, 1)]
>: [(614, 13, 0.9780219780219781, 1)]
>: [(1408, 21, 0.99285714285714288, 0)]
>: [(763, 23, 1.0, 0)]
=: [(763, 23, 1.0, 0), (67, 8, 1.0, 3)]
=: [(763, 23, 1.0, 0), (67, 8, 1.0, 3), (884, 27, 1.0, 4)]
=: [(763, 23, 1.0, 0), (67, 8, 1.0, 3), (884, 27, 1.0, 4), (3, 2, 1.0, 4)]
=: [(763, 23, 1.0, 0), (67, 8, 1.0, 3), (884, 27, 1.0, 4), (3, 2, 1.0, 4), (31, 7, 1.0, 3)]
=: [(763, 23, 1.0, 0), (67, 8, 1.0, 3), (884, 27, 1.0, 4), (3, 2, 1.0, 4), (31, 7, 1.0, 3), (458, 16, 1.0, 3)]
=: [(763, 23, 1.0, 0), (67, 8, 1.0, 3), (884, 27, 1.0, 4), (3, 2, 1.0, 4), (31, 7, 1.0, 3), (458, 16, 1.0, 3), (306, 16, 1.0, 0)]
=: [(763, 23, 1.0, 0), (67, 8, 1.0, 3), (884, 27, 1.0, 4), (3, 2, 1.0, 4), (31, 7, 1.0, 3), (458, 16, 1.0, 3), (306, 16, 1.0, 0), (64, 9, 1.0, 0)]
=: [(763, 23, 1.0, 0), (67, 8, 1.0, 3), (884, 27, 1.0, 4), (3, 2, 1.0, 4), (31, 7, 1.0, 3), (458, 16, 1.0, 3), (306, 16, 1.0, 0), (64, 9, 1.0, 0), (275, 8, 1.0, 3)]
=: [(763, 23, 1.0, 0), (67, 8, 1.0, 3), (884, 27, 1.0, 4), (3, 2, 1.0, 4), (31, 7, 1.0, 3), (458, 16, 1.0, 3), (306, 16, 1.0, 0), (64, 9, 1.0, 0), (275, 8, 1.0, 3), (189, 9, 1.0, 1)]
=: [(763, 23, 1.0, 0), (67, 8, 1.0, 3), (884, 27, 1.0, 4), (3, 2, 1.0, 4), (31, 7, 1.0, 3), (458, 16, 1.0, 3), (306, 16, 1.0, 0), (64, 9, 1.0, 0), (275, 8, 1.0, 3), (189, 9, 1.0, 1), (251, 16, 1.0, 0)]
=: [(763, 23, 1.0, 0), (67, 8, 1.0, 3), (884, 27, 1.0, 4), (3, 2, 1.0, 4), (31, 7, 1.0, 3), (458, 16, 1.0, 3), (306, 16, 1.0, 0), (64, 9, 1.0, 0), (275, 8, 1.0, 3), (189, 9, 1.0, 1), (251, 16, 1.0, 0), (891, 23, 1.0, 0)]
=: [(763, 23, 1.0, 0), (67, 8, 1.0, 3), (884, 27, 1.0, 4), (3, 2, 1.0, 4), (31, 7, 1.0, 3), (458, 16, 1.0, 3), (306, 16, 1.0, 0), (64, 9, 1.0, 0), (275, 8, 1.0, 3), (189, 9, 1.0, 1), (251, 16, 1.0, 0), (891, 23, 1.0, 0), (741, 18, 1.0, 4)]
=: [(763, 23, 1.0, 0), (67, 8, 1.0, 3), (884, 27, 1.0, 4), (3, 2, 1.0, 4), (31, 7, 1.0, 3), (458, 16, 1.0, 3), (306, 16, 1.0, 0), (64, 9, 1.0, 0), (275, 8, 1.0, 3), (189, 9, 1.0, 1), (251, 16, 1.0, 0), (891, 23, 1.0, 0), (741, 18, 1.0, 4), (59, 9, 1.0, 3)]
=: [(763, 23, 1.0, 0), (67, 8, 1.0, 3), (884, 27, 1.0, 4), (3, 2, 1.0, 4), (31, 7, 1.0, 3), (458, 16, 1.0, 3), (306, 16, 1.0, 0), (64, 9, 1.0, 0), (275, 8, 1.0, 3), (189, 9, 1.0, 1), (251, 16, 1.0, 0), (891, 23, 1.0, 0), (741, 18, 1.0, 4), (59, 9, 1.0, 3), (17, 3, 1.0, 0)]
=: [(763, 23, 1.0, 0), (67, 8, 1.0, 3), (884, 27, 1.0, 4), (3, 2, 1.0, 4), (31, 7, 1.0, 3), (458, 16, 1.0, 3), (306, 16, 1.0, 0), (64, 9, 1.0, 0), (275, 8, 1.0, 3), (189, 9, 1.0, 1), (251, 16, 1.0, 0), (891, 23, 1.0, 0), (741, 18, 1.0, 4), (59, 9, 1.0, 3), (17, 3, 1.0, 0), (263, 10, 1.0, 1)]
=: [(763, 23, 1.0, 0), (67, 8, 1.0, 3), (884, 27, 1.0, 4), (3, 2, 1.0, 4), (31, 7, 1.0, 3), (458, 16, 1.0, 3), (306, 16, 1.0, 0), (64, 9, 1.0, 0), (275, 8, 1.0, 3), (189, 9, 1.0, 1), (251, 16, 1.0, 0), (891, 23, 1.0, 0), (741, 18, 1.0, 4), (59, 9, 1.0, 3), (17, 3, 1.0, 0), (263, 10, 1.0, 1), (510, 16, 1.0, 0)]
=: [(763, 23, 1.0, 0), (67, 8, 1.0, 3), (884, 27, 1.0, 4), (3, 2, 1.0, 4), (31, 7, 1.0, 3), (458, 16, 1.0, 3), (306, 16, 1.0, 0), (64, 9, 1.0, 0), (275, 8, 1.0, 3), (189, 9, 1.0, 1), (251, 16, 1.0, 0), (891, 23, 1.0, 0), (741, 18, 1.0, 4), (59, 9, 1.0, 3), (17, 3, 1.0, 0), (263, 10, 1.0, 1), (510, 16, 1.0, 0), (308, 11, 1.0, 0)]
=: [(763, 23, 1.0, 0), (67, 8, 1.0, 3), (884, 27, 1.0, 4), (3, 2, 1.0, 4), (31, 7, 1.0, 3), (458, 16, 1.0, 3), (306, 16, 1.0, 0), (64, 9, 1.0, 0), (275, 8, 1.0, 3), (189, 9, 1.0, 1), (251, 16, 1.0, 0), (891, 23, 1.0, 0), (741, 18, 1.0, 4), (59, 9, 1.0, 3), (17, 3, 1.0, 0), (263, 10, 1.0, 1), (510, 16, 1.0, 0), (308, 11, 1.0, 0), (54, 4, 1.0, 4)]
=: [(763, 23, 1.0, 0), (67, 8, 1.0, 3), (884, 27, 1.0, 4), (3, 2, 1.0, 4), (31, 7, 1.0, 3), (458, 16, 1.0, 3), (306, 16, 1.0, 0), (64, 9, 1.0, 0), (275, 8, 1.0, 3), (189, 9, 1.0, 1), (251, 16, 1.0, 0), (891, 23, 1.0, 0), (741, 18, 1.0, 4), (59, 9, 1.0, 3), (17, 3, 1.0, 0), (263, 10, 1.0, 1), (510, 16, 1.0, 0), (308, 11, 1.0, 0), (54, 4, 1.0, 4), (765, 20, 1.0, 0)]
=: [(763, 23, 1.0, 0), (67, 8, 1.0, 3), (884, 27, 1.0, 4), (3, 2, 1.0, 4), (31, 7, 1.0, 3), (458, 16, 1.0, 3), (306, 16, 1.0, 0), (64, 9, 1.0, 0), (275, 8, 1.0, 3), (189, 9, 1.0, 1), (251, 16, 1.0, 0), (891, 23, 1.0, 0), (741, 18, 1.0, 4), (59, 9, 1.0, 3), (17, 3, 1.0, 0), (263, 10, 1.0, 1), (510, 16, 1.0, 0), (308, 11, 1.0, 0), (54, 4, 1.0, 4), (765, 20, 1.0, 0), (406, 14, 1.0, 4)]
=: [(763, 23, 1.0, 0), (67, 8, 1.0, 3), (884, 27, 1.0, 4), (3, 2, 1.0, 4), (31, 7, 1.0, 3), (458, 16, 1.0, 3), (306, 16, 1.0, 0), (64, 9, 1.0, 0), (275, 8, 1.0, 3), (189, 9, 1.0, 1), (251, 16, 1.0, 0), (891, 23, 1.0, 0), (741, 18, 1.0, 4), (59, 9, 1.0, 3), (17, 3, 1.0, 0), (263, 10, 1.0, 1), (510, 16, 1.0, 0), (308, 11, 1.0, 0), (54, 4, 1.0, 4), (765, 20, 1.0, 0), (406, 14, 1.0, 4), (58, 6, 1.0, 3)]
=: [(763, 23, 1.0, 0), (67, 8, 1.0, 3), (884, 27, 1.0, 4), (3, 2, 1.0, 4), (31, 7, 1.0, 3), (458, 16, 1.0, 3), (306, 16, 1.0, 0), (64, 9, 1.0, 0), (275, 8, 1.0, 3), (189, 9, 1.0, 1), (251, 16, 1.0, 0), (891, 23, 1.0, 0), (741, 18, 1.0, 4), (59, 9, 1.0, 3), (17, 3, 1.0, 0), (263, 10, 1.0, 1), (510, 16, 1.0, 0), (308, 11, 1.0, 0), (54, 4, 1.0, 4), (765, 20, 1.0, 0), (406, 14, 1.0, 4), (58, 6, 1.0, 3), (28, 5, 1.0, 0)]
=: [(763, 23, 1.0, 0), (67, 8, 1.0, 3), (884, 27, 1.0, 4), (3, 2, 1.0, 4), (31, 7, 1.0, 3), (458, 16, 1.0, 3), (306, 16, 1.0, 0), (64, 9, 1.0, 0), (275, 8, 1.0, 3), (189, 9, 1.0, 1), (251, 16, 1.0, 0), (891, 23, 1.0, 0), (741, 18, 1.0, 4), (59, 9, 1.0, 3), (17, 3, 1.0, 0), (263, 10, 1.0, 1), (510, 16, 1.0, 0), (308, 11, 1.0, 0), (54, 4, 1.0, 4), (765, 20, 1.0, 0), (406, 14, 1.0, 4), (58, 6, 1.0, 3), (28, 5, 1.0, 0), (192, 7, 1.0, 0)]
=: [(763, 23, 1.0, 0), (67, 8, 1.0, 3), (884, 27, 1.0, 4), (3, 2, 1.0, 4), (31, 7, 1.0, 3), (458, 16, 1.0, 3), (306, 16, 1.0, 0), (64, 9, 1.0, 0), (275, 8, 1.0, 3), (189, 9, 1.0, 1), (251, 16, 1.0, 0), (891, 23, 1.0, 0), (741, 18, 1.0, 4), (59, 9, 1.0, 3), (17, 3, 1.0, 0), (263, 10, 1.0, 1), (510, 16, 1.0, 0), (308, 11, 1.0, 0), (54, 4, 1.0, 4), (765, 20, 1.0, 0), (406, 14, 1.0, 4), (58, 6, 1.0, 3), (28, 5, 1.0, 0), (192, 7, 1.0, 0), (790, 25, 1.0, 0)]
=: [(763, 23, 1.0, 0), (67, 8, 1.0, 3), (884, 27, 1.0, 4), (3, 2, 1.0, 4), (31, 7, 1.0, 3), (458, 16, 1.0, 3), (306, 16, 1.0, 0), (64, 9, 1.0, 0), (275, 8, 1.0, 3), (189, 9, 1.0, 1), (251, 16, 1.0, 0), (891, 23, 1.0, 0), (741, 18, 1.0, 4), (59, 9, 1.0, 3), (17, 3, 1.0, 0), (263, 10, 1.0, 1), (510, 16, 1.0, 0), (308, 11, 1.0, 0), (54, 4, 1.0, 4), (765, 20, 1.0, 0), (406, 14, 1.0, 4), (58, 6, 1.0, 3), (28, 5, 1.0, 0), (192, 7, 1.0, 0), (790, 25, 1.0, 0), (528, 17, 1.0, 0)]
=: [(763, 23, 1.0, 0), (67, 8, 1.0, 3), (884, 27, 1.0, 4), (3, 2, 1.0, 4), (31, 7, 1.0, 3), (458, 16, 1.0, 3), (306, 16, 1.0, 0), (64, 9, 1.0, 0), (275, 8, 1.0, 3), (189, 9, 1.0, 1), (251, 16, 1.0, 0), (891, 23, 1.0, 0), (741, 18, 1.0, 4), (59, 9, 1.0, 3), (17, 3, 1.0, 0), (263, 10, 1.0, 1), (510, 16, 1.0, 0), (308, 11, 1.0, 0), (54, 4, 1.0, 4), (765, 20, 1.0, 0), (406, 14, 1.0, 4), (58, 6, 1.0, 3), (28, 5, 1.0, 0), (192, 7, 1.0, 0), (790, 25, 1.0, 0), (528, 17, 1.0, 0), (2, 2, 1.0, 0)]
=: [(763, 23, 1.0, 0), (67, 8, 1.0, 3), (884, 27, 1.0, 4), (3, 2, 1.0, 4), (31, 7, 1.0, 3), (458, 16, 1.0, 3), (306, 16, 1.0, 0), (64, 9, 1.0, 0), (275, 8, 1.0, 3), (189, 9, 1.0, 1), (251, 16, 1.0, 0), (891, 23, 1.0, 0), (741, 18, 1.0, 4), (59, 9, 1.0, 3), (17, 3, 1.0, 0), (263, 10, 1.0, 1), (510, 16, 1.0, 0), (308, 11, 1.0, 0), (54, 4, 1.0, 4), (765, 20, 1.0, 0), (406, 14, 1.0, 4), (58, 6, 1.0, 3), (28, 5, 1.0, 0), (192, 7, 1.0, 0), (790, 25, 1.0, 0), (528, 17, 1.0, 0), (2, 2, 1.0, 0), (22, 3, 1.0, 1)]
=: [(763, 23, 1.0, 0), (67, 8, 1.0, 3), (884, 27, 1.0, 4), (3, 2, 1.0, 4), (31, 7, 1.0, 3), (458, 16, 1.0, 3), (306, 16, 1.0, 0), (64, 9, 1.0, 0), (275, 8, 1.0, 3), (189, 9, 1.0, 1), (251, 16, 1.0, 0), (891, 23, 1.0, 0), (741, 18, 1.0, 4), (59, 9, 1.0, 3), (17, 3, 1.0, 0), (263, 10, 1.0, 1), (510, 16, 1.0, 0), (308, 11, 1.0, 0), (54, 4, 1.0, 4), (765, 20, 1.0, 0), (406, 14, 1.0, 4), (58, 6, 1.0, 3), (28, 5, 1.0, 0), (192, 7, 1.0, 0), (790, 25, 1.0, 0), (528, 17, 1.0, 0), (2, 2, 1.0, 0), (22, 3, 1.0, 1), (18, 2, 1.0, 0)]
=: [(763, 23, 1.0, 0), (67, 8, 1.0, 3), (884, 27, 1.0, 4), (3, 2, 1.0, 4), (31, 7, 1.0, 3), (458, 16, 1.0, 3), (306, 16, 1.0, 0), (64, 9, 1.0, 0), (275, 8, 1.0, 3), (189, 9, 1.0, 1), (251, 16, 1.0, 0), (891, 23, 1.0, 0), (741, 18, 1.0, 4), (59, 9, 1.0, 3), (17, 3, 1.0, 0), (263, 10, 1.0, 1), (510, 16, 1.0, 0), (308, 11, 1.0, 0), (54, 4, 1.0, 4), (765, 20, 1.0, 0), (406, 14, 1.0, 4), (58, 6, 1.0, 3), (28, 5, 1.0, 0), (192, 7, 1.0, 0), (790, 25, 1.0, 0), (528, 17, 1.0, 0), (2, 2, 1.0, 0), (22, 3, 1.0, 1), (18, 2, 1.0, 0), (171, 6, 1.0, 0)]
=: [(763, 23, 1.0, 0), (67, 8, 1.0, 3), (884, 27, 1.0, 4), (3, 2, 1.0, 4), (31, 7, 1.0, 3), (458, 16, 1.0, 3), (306, 16, 1.0, 0), (64, 9, 1.0, 0), (275, 8, 1.0, 3), (189, 9, 1.0, 1), (251, 16, 1.0, 0), (891, 23, 1.0, 0), (741, 18, 1.0, 4), (59, 9, 1.0, 3), (17, 3, 1.0, 0), (263, 10, 1.0, 1), (510, 16, 1.0, 0), (308, 11, 1.0, 0), (54, 4, 1.0, 4), (765, 20, 1.0, 0), (406, 14, 1.0, 4), (58, 6, 1.0, 3), (28, 5, 1.0, 0), (192, 7, 1.0, 0), (790, 25, 1.0, 0), (528, 17, 1.0, 0), (2, 2, 1.0, 0), (22, 3, 1.0, 1), (18, 2, 1.0, 0), (171, 6, 1.0, 0), (356, 16, 1.0, 3)]
=: [(763, 23, 1.0, 0), (67, 8, 1.0, 3), (884, 27, 1.0, 4), (3, 2, 1.0, 4), (31, 7, 1.0, 3), (458, 16, 1.0, 3), (306, 16, 1.0, 0), (64, 9, 1.0, 0), (275, 8, 1.0, 3), (189, 9, 1.0, 1), (251, 16, 1.0, 0), (891, 23, 1.0, 0), (741, 18, 1.0, 4), (59, 9, 1.0, 3), (17, 3, 1.0, 0), (263, 10, 1.0, 1), (510, 16, 1.0, 0), (308, 11, 1.0, 0), (54, 4, 1.0, 4), (765, 20, 1.0, 0), (406, 14, 1.0, 4), (58, 6, 1.0, 3), (28, 5, 1.0, 0), (192, 7, 1.0, 0), (790, 25, 1.0, 0), (528, 17, 1.0, 0), (2, 2, 1.0, 0), (22, 3, 1.0, 1), (18, 2, 1.0, 0), (171, 6, 1.0, 0), (356, 16, 1.0, 3), (110, 5, 1.0, 0)]
=: [(763, 23, 1.0, 0), (67, 8, 1.0, 3), (884, 27, 1.0, 4), (3, 2, 1.0, 4), (31, 7, 1.0, 3), (458, 16, 1.0, 3), (306, 16, 1.0, 0), (64, 9, 1.0, 0), (275, 8, 1.0, 3), (189, 9, 1.0, 1), (251, 16, 1.0, 0), (891, 23, 1.0, 0), (741, 18, 1.0, 4), (59, 9, 1.0, 3), (17, 3, 1.0, 0), (263, 10, 1.0, 1), (510, 16, 1.0, 0), (308, 11, 1.0, 0), (54, 4, 1.0, 4), (765, 20, 1.0, 0), (406, 14, 1.0, 4), (58, 6, 1.0, 3), (28, 5, 1.0, 0), (192, 7, 1.0, 0), (790, 25, 1.0, 0), (528, 17, 1.0, 0), (2, 2, 1.0, 0), (22, 3, 1.0, 1), (18, 2, 1.0, 0), (171, 6, 1.0, 0), (356, 16, 1.0, 3), (110, 5, 1.0, 0), (890, 24, 1.0, 0)]
=: [(763, 23, 1.0, 0), (67, 8, 1.0, 3), (884, 27, 1.0, 4), (3, 2, 1.0, 4), (31, 7, 1.0, 3), (458, 16, 1.0, 3), (306, 16, 1.0, 0), (64, 9, 1.0, 0), (275, 8, 1.0, 3), (189, 9, 1.0, 1), (251, 16, 1.0, 0), (891, 23, 1.0, 0), (741, 18, 1.0, 4), (59, 9, 1.0, 3), (17, 3, 1.0, 0), (263, 10, 1.0, 1), (510, 16, 1.0, 0), (308, 11, 1.0, 0), (54, 4, 1.0, 4), (765, 20, 1.0, 0), (406, 14, 1.0, 4), (58, 6, 1.0, 3), (28, 5, 1.0, 0), (192, 7, 1.0, 0), (790, 25, 1.0, 0), (528, 17, 1.0, 0), (2, 2, 1.0, 0), (22, 3, 1.0, 1), (18, 2, 1.0, 0), (171, 6, 1.0, 0), (356, 16, 1.0, 3), (110, 5, 1.0, 0), (890, 24, 1.0, 0), (849, 21, 1.0, 0)]
=: [(763, 23, 1.0, 0), (67, 8, 1.0, 3), (884, 27, 1.0, 4), (3, 2, 1.0, 4), (31, 7, 1.0, 3), (458, 16, 1.0, 3), (306, 16, 1.0, 0), (64, 9, 1.0, 0), (275, 8, 1.0, 3), (189, 9, 1.0, 1), (251, 16, 1.0, 0), (891, 23, 1.0, 0), (741, 18, 1.0, 4), (59, 9, 1.0, 3), (17, 3, 1.0, 0), (263, 10, 1.0, 1), (510, 16, 1.0, 0), (308, 11, 1.0, 0), (54, 4, 1.0, 4), (765, 20, 1.0, 0), (406, 14, 1.0, 4), (58, 6, 1.0, 3), (28, 5, 1.0, 0), (192, 7, 1.0, 0), (790, 25, 1.0, 0), (528, 17, 1.0, 0), (2, 2, 1.0, 0), (22, 3, 1.0, 1), (18, 2, 1.0, 0), (171, 6, 1.0, 0), (356, 16, 1.0, 3), (110, 5, 1.0, 0), (890, 24, 1.0, 0), (849, 21, 1.0, 0), (47, 5, 1.0, 3)]
=: [(763, 23, 1.0, 0), (67, 8, 1.0, 3), (884, 27, 1.0, 4), (3, 2, 1.0, 4), (31, 7, 1.0, 3), (458, 16, 1.0, 3), (306, 16, 1.0, 0), (64, 9, 1.0, 0), (275, 8, 1.0, 3), (189, 9, 1.0, 1), (251, 16, 1.0, 0), (891, 23, 1.0, 0), (741, 18, 1.0, 4), (59, 9, 1.0, 3), (17, 3, 1.0, 0), (263, 10, 1.0, 1), (510, 16, 1.0, 0), (308, 11, 1.0, 0), (54, 4, 1.0, 4), (765, 20, 1.0, 0), (406, 14, 1.0, 4), (58, 6, 1.0, 3), (28, 5, 1.0, 0), (192, 7, 1.0, 0), (790, 25, 1.0, 0), (528, 17, 1.0, 0), (2, 2, 1.0, 0), (22, 3, 1.0, 1), (18, 2, 1.0, 0), (171, 6, 1.0, 0), (356, 16, 1.0, 3), (110, 5, 1.0, 0), (890, 24, 1.0, 0), (849, 21, 1.0, 0), (47, 5, 1.0, 3), (61, 8, 1.0, 3)]
=: [(763, 23, 1.0, 0), (67, 8, 1.0, 3), (884, 27, 1.0, 4), (3, 2, 1.0, 4), (31, 7, 1.0, 3), (458, 16, 1.0, 3), (306, 16, 1.0, 0), (64, 9, 1.0, 0), (275, 8, 1.0, 3), (189, 9, 1.0, 1), (251, 16, 1.0, 0), (891, 23, 1.0, 0), (741, 18, 1.0, 4), (59, 9, 1.0, 3), (17, 3, 1.0, 0), (263, 10, 1.0, 1), (510, 16, 1.0, 0), (308, 11, 1.0, 0), (54, 4, 1.0, 4), (765, 20, 1.0, 0), (406, 14, 1.0, 4), (58, 6, 1.0, 3), (28, 5, 1.0, 0), (192, 7, 1.0, 0), (790, 25, 1.0, 0), (528, 17, 1.0, 0), (2, 2, 1.0, 0), (22, 3, 1.0, 1), (18, 2, 1.0, 0), (171, 6, 1.0, 0), (356, 16, 1.0, 3), (110, 5, 1.0, 0), (890, 24, 1.0, 0), (849, 21, 1.0, 0), (47, 5, 1.0, 3), (61, 8, 1.0, 3), (142, 10, 1.0, 4)]
=: [(763, 23, 1.0, 0), (67, 8, 1.0, 3), (884, 27, 1.0, 4), (3, 2, 1.0, 4), (31, 7, 1.0, 3), (458, 16, 1.0, 3), (306, 16, 1.0, 0), (64, 9, 1.0, 0), (275, 8, 1.0, 3), (189, 9, 1.0, 1), (251, 16, 1.0, 0), (891, 23, 1.0, 0), (741, 18, 1.0, 4), (59, 9, 1.0, 3), (17, 3, 1.0, 0), (263, 10, 1.0, 1), (510, 16, 1.0, 0), (308, 11, 1.0, 0), (54, 4, 1.0, 4), (765, 20, 1.0, 0), (406, 14, 1.0, 4), (58, 6, 1.0, 3), (28, 5, 1.0, 0), (192, 7, 1.0, 0), (790, 25, 1.0, 0), (528, 17, 1.0, 0), (2, 2, 1.0, 0), (22, 3, 1.0, 1), (18, 2, 1.0, 0), (171, 6, 1.0, 0), (356, 16, 1.0, 3), (110, 5, 1.0, 0), (890, 24, 1.0, 0), (849, 21, 1.0, 0), (47, 5, 1.0, 3), (61, 8, 1.0, 3), (142, 10, 1.0, 4), (73, 10, 1.0, 1)]
=: [(763, 23, 1.0, 0), (67, 8, 1.0, 3), (884, 27, 1.0, 4), (3, 2, 1.0, 4), (31, 7, 1.0, 3), (458, 16, 1.0, 3), (306, 16, 1.0, 0), (64, 9, 1.0, 0), (275, 8, 1.0, 3), (189, 9, 1.0, 1), (251, 16, 1.0, 0), (891, 23, 1.0, 0), (741, 18, 1.0, 4), (59, 9, 1.0, 3), (17, 3, 1.0, 0), (263, 10, 1.0, 1), (510, 16, 1.0, 0), (308, 11, 1.0, 0), (54, 4, 1.0, 4), (765, 20, 1.0, 0), (406, 14, 1.0, 4), (58, 6, 1.0, 3), (28, 5, 1.0, 0), (192, 7, 1.0, 0), (790, 25, 1.0, 0), (528, 17, 1.0, 0), (2, 2, 1.0, 0), (22, 3, 1.0, 1), (18, 2, 1.0, 0), (171, 6, 1.0, 0), (356, 16, 1.0, 3), (110, 5, 1.0, 0), (890, 24, 1.0, 0), (849, 21, 1.0, 0), (47, 5, 1.0, 3), (61, 8, 1.0, 3), (142, 10, 1.0, 4), (73, 10, 1.0, 1), (103, 9, 1.0, 0)]
=: [(763, 23, 1.0, 0), (67, 8, 1.0, 3), (884, 27, 1.0, 4), (3, 2, 1.0, 4), (31, 7, 1.0, 3), (458, 16, 1.0, 3), (306, 16, 1.0, 0), (64, 9, 1.0, 0), (275, 8, 1.0, 3), (189, 9, 1.0, 1), (251, 16, 1.0, 0), (891, 23, 1.0, 0), (741, 18, 1.0, 4), (59, 9, 1.0, 3), (17, 3, 1.0, 0), (263, 10, 1.0, 1), (510, 16, 1.0, 0), (308, 11, 1.0, 0), (54, 4, 1.0, 4), (765, 20, 1.0, 0), (406, 14, 1.0, 4), (58, 6, 1.0, 3), (28, 5, 1.0, 0), (192, 7, 1.0, 0), (790, 25, 1.0, 0), (528, 17, 1.0, 0), (2, 2, 1.0, 0), (22, 3, 1.0, 1), (18, 2, 1.0, 0), (171, 6, 1.0, 0), (356, 16, 1.0, 3), (110, 5, 1.0, 0), (890, 24, 1.0, 0), (849, 21, 1.0, 0), (47, 5, 1.0, 3), (61, 8, 1.0, 3), (142, 10, 1.0, 4), (73, 10, 1.0, 1), (103, 9, 1.0, 0), (186, 12, 1.0, 1)]
=: [(763, 23, 1.0, 0), (67, 8, 1.0, 3), (884, 27, 1.0, 4), (3, 2, 1.0, 4), (31, 7, 1.0, 3), (458, 16, 1.0, 3), (306, 16, 1.0, 0), (64, 9, 1.0, 0), (275, 8, 1.0, 3), (189, 9, 1.0, 1), (251, 16, 1.0, 0), (891, 23, 1.0, 0), (741, 18, 1.0, 4), (59, 9, 1.0, 3), (17, 3, 1.0, 0), (263, 10, 1.0, 1), (510, 16, 1.0, 0), (308, 11, 1.0, 0), (54, 4, 1.0, 4), (765, 20, 1.0, 0), (406, 14, 1.0, 4), (58, 6, 1.0, 3), (28, 5, 1.0, 0), (192, 7, 1.0, 0), (790, 25, 1.0, 0), (528, 17, 1.0, 0), (2, 2, 1.0, 0), (22, 3, 1.0, 1), (18, 2, 1.0, 0), (171, 6, 1.0, 0), (356, 16, 1.0, 3), (110, 5, 1.0, 0), (890, 24, 1.0, 0), (849, 21, 1.0, 0), (47, 5, 1.0, 3), (61, 8, 1.0, 3), (142, 10, 1.0, 4), (73, 10, 1.0, 1), (103, 9, 1.0, 0), (186, 12, 1.0, 1), (96, 5, 1.0, 0)]
=: [(763, 23, 1.0, 0), (67, 8, 1.0, 3), (884, 27, 1.0, 4), (3, 2, 1.0, 4), (31, 7, 1.0, 3), (458, 16, 1.0, 3), (306, 16, 1.0, 0), (64, 9, 1.0, 0), (275, 8, 1.0, 3), (189, 9, 1.0, 1), (251, 16, 1.0, 0), (891, 23, 1.0, 0), (741, 18, 1.0, 4), (59, 9, 1.0, 3), (17, 3, 1.0, 0), (263, 10, 1.0, 1), (510, 16, 1.0, 0), (308, 11, 1.0, 0), (54, 4, 1.0, 4), (765, 20, 1.0, 0), (406, 14, 1.0, 4), (58, 6, 1.0, 3), (28, 5, 1.0, 0), (192, 7, 1.0, 0), (790, 25, 1.0, 0), (528, 17, 1.0, 0), (2, 2, 1.0, 0), (22, 3, 1.0, 1), (18, 2, 1.0, 0), (171, 6, 1.0, 0), (356, 16, 1.0, 3), (110, 5, 1.0, 0), (890, 24, 1.0, 0), (849, 21, 1.0, 0), (47, 5, 1.0, 3), (61, 8, 1.0, 3), (142, 10, 1.0, 4), (73, 10, 1.0, 1), (103, 9, 1.0, 0), (186, 12, 1.0, 1), (96, 5, 1.0, 0), (243, 9, 1.0, 0)]
=: [(763, 23, 1.0, 0), (67, 8, 1.0, 3), (884, 27, 1.0, 4), (3, 2, 1.0, 4), (31, 7, 1.0, 3), (458, 16, 1.0, 3), (306, 16, 1.0, 0), (64, 9, 1.0, 0), (275, 8, 1.0, 3), (189, 9, 1.0, 1), (251, 16, 1.0, 0), (891, 23, 1.0, 0), (741, 18, 1.0, 4), (59, 9, 1.0, 3), (17, 3, 1.0, 0), (263, 10, 1.0, 1), (510, 16, 1.0, 0), (308, 11, 1.0, 0), (54, 4, 1.0, 4), (765, 20, 1.0, 0), (406, 14, 1.0, 4), (58, 6, 1.0, 3), (28, 5, 1.0, 0), (192, 7, 1.0, 0), (790, 25, 1.0, 0), (528, 17, 1.0, 0), (2, 2, 1.0, 0), (22, 3, 1.0, 1), (18, 2, 1.0, 0), (171, 6, 1.0, 0), (356, 16, 1.0, 3), (110, 5, 1.0, 0), (890, 24, 1.0, 0), (849, 21, 1.0, 0), (47, 5, 1.0, 3), (61, 8, 1.0, 3), (142, 10, 1.0, 4), (73, 10, 1.0, 1), (103, 9, 1.0, 0), (186, 12, 1.0, 1), (96, 5, 1.0, 0), (243, 9, 1.0, 0), (57, 6, 1.0, 4)]
=: [(763, 23, 1.0, 0), (67, 8, 1.0, 3), (884, 27, 1.0, 4), (3, 2, 1.0, 4), (31, 7, 1.0, 3), (458, 16, 1.0, 3), (306, 16, 1.0, 0), (64, 9, 1.0, 0), (275, 8, 1.0, 3), (189, 9, 1.0, 1), (251, 16, 1.0, 0), (891, 23, 1.0, 0), (741, 18, 1.0, 4), (59, 9, 1.0, 3), (17, 3, 1.0, 0), (263, 10, 1.0, 1), (510, 16, 1.0, 0), (308, 11, 1.0, 0), (54, 4, 1.0, 4), (765, 20, 1.0, 0), (406, 14, 1.0, 4), (58, 6, 1.0, 3), (28, 5, 1.0, 0), (192, 7, 1.0, 0), (790, 25, 1.0, 0), (528, 17, 1.0, 0), (2, 2, 1.0, 0), (22, 3, 1.0, 1), (18, 2, 1.0, 0), (171, 6, 1.0, 0), (356, 16, 1.0, 3), (110, 5, 1.0, 0), (890, 24, 1.0, 0), (849, 21, 1.0, 0), (47, 5, 1.0, 3), (61, 8, 1.0, 3), (142, 10, 1.0, 4), (73, 10, 1.0, 1), (103, 9, 1.0, 0), (186, 12, 1.0, 1), (96, 5, 1.0, 0), (243, 9, 1.0, 0), (57, 6, 1.0, 4), (667, 20, 1.0, 0)]
=: [(763, 23, 1.0, 0), (67, 8, 1.0, 3), (884, 27, 1.0, 4), (3, 2, 1.0, 4), (31, 7, 1.0, 3), (458, 16, 1.0, 3), (306, 16, 1.0, 0), (64, 9, 1.0, 0), (275, 8, 1.0, 3), (189, 9, 1.0, 1), (251, 16, 1.0, 0), (891, 23, 1.0, 0), (741, 18, 1.0, 4), (59, 9, 1.0, 3), (17, 3, 1.0, 0), (263, 10, 1.0, 1), (510, 16, 1.0, 0), (308, 11, 1.0, 0), (54, 4, 1.0, 4), (765, 20, 1.0, 0), (406, 14, 1.0, 4), (58, 6, 1.0, 3), (28, 5, 1.0, 0), (192, 7, 1.0, 0), (790, 25, 1.0, 0), (528, 17, 1.0, 0), (2, 2, 1.0, 0), (22, 3, 1.0, 1), (18, 2, 1.0, 0), (171, 6, 1.0, 0), (356, 16, 1.0, 3), (110, 5, 1.0, 0), (890, 24, 1.0, 0), (849, 21, 1.0, 0), (47, 5, 1.0, 3), (61, 8, 1.0, 3), (142, 10, 1.0, 4), (73, 10, 1.0, 1), (103, 9, 1.0, 0), (186, 12, 1.0, 1), (96, 5, 1.0, 0), (243, 9, 1.0, 0), (57, 6, 1.0, 4), (667, 20, 1.0, 0), (365, 11, 1.0, 3)]
=: [(763, 23, 1.0, 0), (67, 8, 1.0, 3), (884, 27, 1.0, 4), (3, 2, 1.0, 4), (31, 7, 1.0, 3), (458, 16, 1.0, 3), (306, 16, 1.0, 0), (64, 9, 1.0, 0), (275, 8, 1.0, 3), (189, 9, 1.0, 1), (251, 16, 1.0, 0), (891, 23, 1.0, 0), (741, 18, 1.0, 4), (59, 9, 1.0, 3), (17, 3, 1.0, 0), (263, 10, 1.0, 1), (510, 16, 1.0, 0), (308, 11, 1.0, 0), (54, 4, 1.0, 4), (765, 20, 1.0, 0), (406, 14, 1.0, 4), (58, 6, 1.0, 3), (28, 5, 1.0, 0), (192, 7, 1.0, 0), (790, 25, 1.0, 0), (528, 17, 1.0, 0), (2, 2, 1.0, 0), (22, 3, 1.0, 1), (18, 2, 1.0, 0), (171, 6, 1.0, 0), (356, 16, 1.0, 3), (110, 5, 1.0, 0), (890, 24, 1.0, 0), (849, 21, 1.0, 0), (47, 5, 1.0, 3), (61, 8, 1.0, 3), (142, 10, 1.0, 4), (73, 10, 1.0, 1), (103, 9, 1.0, 0), (186, 12, 1.0, 1), (96, 5, 1.0, 0), (243, 9, 1.0, 0), (57, 6, 1.0, 4), (667, 20, 1.0, 0), (365, 11, 1.0, 3), (42, 7, 1.0, 3)]
=: [(763, 23, 1.0, 0), (67, 8, 1.0, 3), (884, 27, 1.0, 4), (3, 2, 1.0, 4), (31, 7, 1.0, 3), (458, 16, 1.0, 3), (306, 16, 1.0, 0), (64, 9, 1.0, 0), (275, 8, 1.0, 3), (189, 9, 1.0, 1), (251, 16, 1.0, 0), (891, 23, 1.0, 0), (741, 18, 1.0, 4), (59, 9, 1.0, 3), (17, 3, 1.0, 0), (263, 10, 1.0, 1), (510, 16, 1.0, 0), (308, 11, 1.0, 0), (54, 4, 1.0, 4), (765, 20, 1.0, 0), (406, 14, 1.0, 4), (58, 6, 1.0, 3), (28, 5, 1.0, 0), (192, 7, 1.0, 0), (790, 25, 1.0, 0), (528, 17, 1.0, 0), (2, 2, 1.0, 0), (22, 3, 1.0, 1), (18, 2, 1.0, 0), (171, 6, 1.0, 0), (356, 16, 1.0, 3), (110, 5, 1.0, 0), (890, 24, 1.0, 0), (849, 21, 1.0, 0), (47, 5, 1.0, 3), (61, 8, 1.0, 3), (142, 10, 1.0, 4), (73, 10, 1.0, 1), (103, 9, 1.0, 0), (186, 12, 1.0, 1), (96, 5, 1.0, 0), (243, 9, 1.0, 0), (57, 6, 1.0, 4), (667, 20, 1.0, 0), (365, 11, 1.0, 3), (42, 7, 1.0, 3), (231, 6, 1.0, 3)]
=: [(763, 23, 1.0, 0), (67, 8, 1.0, 3), (884, 27, 1.0, 4), (3, 2, 1.0, 4), (31, 7, 1.0, 3), (458, 16, 1.0, 3), (306, 16, 1.0, 0), (64, 9, 1.0, 0), (275, 8, 1.0, 3), (189, 9, 1.0, 1), (251, 16, 1.0, 0), (891, 23, 1.0, 0), (741, 18, 1.0, 4), (59, 9, 1.0, 3), (17, 3, 1.0, 0), (263, 10, 1.0, 1), (510, 16, 1.0, 0), (308, 11, 1.0, 0), (54, 4, 1.0, 4), (765, 20, 1.0, 0), (406, 14, 1.0, 4), (58, 6, 1.0, 3), (28, 5, 1.0, 0), (192, 7, 1.0, 0), (790, 25, 1.0, 0), (528, 17, 1.0, 0), (2, 2, 1.0, 0), (22, 3, 1.0, 1), (18, 2, 1.0, 0), (171, 6, 1.0, 0), (356, 16, 1.0, 3), (110, 5, 1.0, 0), (890, 24, 1.0, 0), (849, 21, 1.0, 0), (47, 5, 1.0, 3), (61, 8, 1.0, 3), (142, 10, 1.0, 4), (73, 10, 1.0, 1), (103, 9, 1.0, 0), (186, 12, 1.0, 1), (96, 5, 1.0, 0), (243, 9, 1.0, 0), (57, 6, 1.0, 4), (667, 20, 1.0, 0), (365, 11, 1.0, 3), (42, 7, 1.0, 3), (231, 6, 1.0, 3), (188, 10, 1.0, 1)]
=: [(763, 23, 1.0, 0), (67, 8, 1.0, 3), (884, 27, 1.0, 4), (3, 2, 1.0, 4), (31, 7, 1.0, 3), (458, 16, 1.0, 3), (306, 16, 1.0, 0), (64, 9, 1.0, 0), (275, 8, 1.0, 3), (189, 9, 1.0, 1), (251, 16, 1.0, 0), (891, 23, 1.0, 0), (741, 18, 1.0, 4), (59, 9, 1.0, 3), (17, 3, 1.0, 0), (263, 10, 1.0, 1), (510, 16, 1.0, 0), (308, 11, 1.0, 0), (54, 4, 1.0, 4), (765, 20, 1.0, 0), (406, 14, 1.0, 4), (58, 6, 1.0, 3), (28, 5, 1.0, 0), (192, 7, 1.0, 0), (790, 25, 1.0, 0), (528, 17, 1.0, 0), (2, 2, 1.0, 0), (22, 3, 1.0, 1), (18, 2, 1.0, 0), (171, 6, 1.0, 0), (356, 16, 1.0, 3), (110, 5, 1.0, 0), (890, 24, 1.0, 0), (849, 21, 1.0, 0), (47, 5, 1.0, 3), (61, 8, 1.0, 3), (142, 10, 1.0, 4), (73, 10, 1.0, 1), (103, 9, 1.0, 0), (186, 12, 1.0, 1), (96, 5, 1.0, 0), (243, 9, 1.0, 0), (57, 6, 1.0, 4), (667, 20, 1.0, 0), (365, 11, 1.0, 3), (42, 7, 1.0, 3), (231, 6, 1.0, 3), (188, 10, 1.0, 1), (6, 4, 1.0, 4)]
=: [(763, 23, 1.0, 0), (67, 8, 1.0, 3), (884, 27, 1.0, 4), (3, 2, 1.0, 4), (31, 7, 1.0, 3), (458, 16, 1.0, 3), (306, 16, 1.0, 0), (64, 9, 1.0, 0), (275, 8, 1.0, 3), (189, 9, 1.0, 1), (251, 16, 1.0, 0), (891, 23, 1.0, 0), (741, 18, 1.0, 4), (59, 9, 1.0, 3), (17, 3, 1.0, 0), (263, 10, 1.0, 1), (510, 16, 1.0, 0), (308, 11, 1.0, 0), (54, 4, 1.0, 4), (765, 20, 1.0, 0), (406, 14, 1.0, 4), (58, 6, 1.0, 3), (28, 5, 1.0, 0), (192, 7, 1.0, 0), (790, 25, 1.0, 0), (528, 17, 1.0, 0), (2, 2, 1.0, 0), (22, 3, 1.0, 1), (18, 2, 1.0, 0), (171, 6, 1.0, 0), (356, 16, 1.0, 3), (110, 5, 1.0, 0), (890, 24, 1.0, 0), (849, 21, 1.0, 0), (47, 5, 1.0, 3), (61, 8, 1.0, 3), (142, 10, 1.0, 4), (73, 10, 1.0, 1), (103, 9, 1.0, 0), (186, 12, 1.0, 1), (96, 5, 1.0, 0), (243, 9, 1.0, 0), (57, 6, 1.0, 4), (667, 20, 1.0, 0), (365, 11, 1.0, 3), (42, 7, 1.0, 3), (231, 6, 1.0, 3), (188, 10, 1.0, 1), (6, 4, 1.0, 4), (202, 10, 1.0, 3)]
=: [(763, 23, 1.0, 0), (67, 8, 1.0, 3), (884, 27, 1.0, 4), (3, 2, 1.0, 4), (31, 7, 1.0, 3), (458, 16, 1.0, 3), (306, 16, 1.0, 0), (64, 9, 1.0, 0), (275, 8, 1.0, 3), (189, 9, 1.0, 1), (251, 16, 1.0, 0), (891, 23, 1.0, 0), (741, 18, 1.0, 4), (59, 9, 1.0, 3), (17, 3, 1.0, 0), (263, 10, 1.0, 1), (510, 16, 1.0, 0), (308, 11, 1.0, 0), (54, 4, 1.0, 4), (765, 20, 1.0, 0), (406, 14, 1.0, 4), (58, 6, 1.0, 3), (28, 5, 1.0, 0), (192, 7, 1.0, 0), (790, 25, 1.0, 0), (528, 17, 1.0, 0), (2, 2, 1.0, 0), (22, 3, 1.0, 1), (18, 2, 1.0, 0), (171, 6, 1.0, 0), (356, 16, 1.0, 3), (110, 5, 1.0, 0), (890, 24, 1.0, 0), (849, 21, 1.0, 0), (47, 5, 1.0, 3), (61, 8, 1.0, 3), (142, 10, 1.0, 4), (73, 10, 1.0, 1), (103, 9, 1.0, 0), (186, 12, 1.0, 1), (96, 5, 1.0, 0), (243, 9, 1.0, 0), (57, 6, 1.0, 4), (667, 20, 1.0, 0), (365, 11, 1.0, 3), (42, 7, 1.0, 3), (231, 6, 1.0, 3), (188, 10, 1.0, 1), (6, 4, 1.0, 4), (202, 10, 1.0, 3), (104, 8, 1.0, 0)]
=: [(763, 23, 1.0, 0), (67, 8, 1.0, 3), (884, 27, 1.0, 4), (3, 2, 1.0, 4), (31, 7, 1.0, 3), (458, 16, 1.0, 3), (306, 16, 1.0, 0), (64, 9, 1.0, 0), (275, 8, 1.0, 3), (189, 9, 1.0, 1), (251, 16, 1.0, 0), (891, 23, 1.0, 0), (741, 18, 1.0, 4), (59, 9, 1.0, 3), (17, 3, 1.0, 0), (263, 10, 1.0, 1), (510, 16, 1.0, 0), (308, 11, 1.0, 0), (54, 4, 1.0, 4), (765, 20, 1.0, 0), (406, 14, 1.0, 4), (58, 6, 1.0, 3), (28, 5, 1.0, 0), (192, 7, 1.0, 0), (790, 25, 1.0, 0), (528, 17, 1.0, 0), (2, 2, 1.0, 0), (22, 3, 1.0, 1), (18, 2, 1.0, 0), (171, 6, 1.0, 0), (356, 16, 1.0, 3), (110, 5, 1.0, 0), (890, 24, 1.0, 0), (849, 21, 1.0, 0), (47, 5, 1.0, 3), (61, 8, 1.0, 3), (142, 10, 1.0, 4), (73, 10, 1.0, 1), (103, 9, 1.0, 0), (186, 12, 1.0, 1), (96, 5, 1.0, 0), (243, 9, 1.0, 0), (57, 6, 1.0, 4), (667, 20, 1.0, 0), (365, 11, 1.0, 3), (42, 7, 1.0, 3), (231, 6, 1.0, 3), (188, 10, 1.0, 1), (6, 4, 1.0, 4), (202, 10, 1.0, 3), (104, 8, 1.0, 0), (249, 13, 1.0, 3)]
=: [(763, 23, 1.0, 0), (67, 8, 1.0, 3), (884, 27, 1.0, 4), (3, 2, 1.0, 4), (31, 7, 1.0, 3), (458, 16, 1.0, 3), (306, 16, 1.0, 0), (64, 9, 1.0, 0), (275, 8, 1.0, 3), (189, 9, 1.0, 1), (251, 16, 1.0, 0), (891, 23, 1.0, 0), (741, 18, 1.0, 4), (59, 9, 1.0, 3), (17, 3, 1.0, 0), (263, 10, 1.0, 1), (510, 16, 1.0, 0), (308, 11, 1.0, 0), (54, 4, 1.0, 4), (765, 20, 1.0, 0), (406, 14, 1.0, 4), (58, 6, 1.0, 3), (28, 5, 1.0, 0), (192, 7, 1.0, 0), (790, 25, 1.0, 0), (528, 17, 1.0, 0), (2, 2, 1.0, 0), (22, 3, 1.0, 1), (18, 2, 1.0, 0), (171, 6, 1.0, 0), (356, 16, 1.0, 3), (110, 5, 1.0, 0), (890, 24, 1.0, 0), (849, 21, 1.0, 0), (47, 5, 1.0, 3), (61, 8, 1.0, 3), (142, 10, 1.0, 4), (73, 10, 1.0, 1), (103, 9, 1.0, 0), (186, 12, 1.0, 1), (96, 5, 1.0, 0), (243, 9, 1.0, 0), (57, 6, 1.0, 4), (667, 20, 1.0, 0), (365, 11, 1.0, 3), (42, 7, 1.0, 3), (231, 6, 1.0, 3), (188, 10, 1.0, 1), (6, 4, 1.0, 4), (202, 10, 1.0, 3), (104, 8, 1.0, 0), (249, 13, 1.0, 3), (764, 22, 1.0, 0)]
=: [(763, 23, 1.0, 0), (67, 8, 1.0, 3), (884, 27, 1.0, 4), (3, 2, 1.0, 4), (31, 7, 1.0, 3), (458, 16, 1.0, 3), (306, 16, 1.0, 0), (64, 9, 1.0, 0), (275, 8, 1.0, 3), (189, 9, 1.0, 1), (251, 16, 1.0, 0), (891, 23, 1.0, 0), (741, 18, 1.0, 4), (59, 9, 1.0, 3), (17, 3, 1.0, 0), (263, 10, 1.0, 1), (510, 16, 1.0, 0), (308, 11, 1.0, 0), (54, 4, 1.0, 4), (765, 20, 1.0, 0), (406, 14, 1.0, 4), (58, 6, 1.0, 3), (28, 5, 1.0, 0), (192, 7, 1.0, 0), (790, 25, 1.0, 0), (528, 17, 1.0, 0), (2, 2, 1.0, 0), (22, 3, 1.0, 1), (18, 2, 1.0, 0), (171, 6, 1.0, 0), (356, 16, 1.0, 3), (110, 5, 1.0, 0), (890, 24, 1.0, 0), (849, 21, 1.0, 0), (47, 5, 1.0, 3), (61, 8, 1.0, 3), (142, 10, 1.0, 4), (73, 10, 1.0, 1), (103, 9, 1.0, 0), (186, 12, 1.0, 1), (96, 5, 1.0, 0), (243, 9, 1.0, 0), (57, 6, 1.0, 4), (667, 20, 1.0, 0), (365, 11, 1.0, 3), (42, 7, 1.0, 3), (231, 6, 1.0, 3), (188, 10, 1.0, 1), (6, 4, 1.0, 4), (202, 10, 1.0, 3), (104, 8, 1.0, 0), (249, 13, 1.0, 3), (764, 22, 1.0, 0), (342, 10, 1.0, 4)]
=: [(763, 23, 1.0, 0), (67, 8, 1.0, 3), (884, 27, 1.0, 4), (3, 2, 1.0, 4), (31, 7, 1.0, 3), (458, 16, 1.0, 3), (306, 16, 1.0, 0), (64, 9, 1.0, 0), (275, 8, 1.0, 3), (189, 9, 1.0, 1), (251, 16, 1.0, 0), (891, 23, 1.0, 0), (741, 18, 1.0, 4), (59, 9, 1.0, 3), (17, 3, 1.0, 0), (263, 10, 1.0, 1), (510, 16, 1.0, 0), (308, 11, 1.0, 0), (54, 4, 1.0, 4), (765, 20, 1.0, 0), (406, 14, 1.0, 4), (58, 6, 1.0, 3), (28, 5, 1.0, 0), (192, 7, 1.0, 0), (790, 25, 1.0, 0), (528, 17, 1.0, 0), (2, 2, 1.0, 0), (22, 3, 1.0, 1), (18, 2, 1.0, 0), (171, 6, 1.0, 0), (356, 16, 1.0, 3), (110, 5, 1.0, 0), (890, 24, 1.0, 0), (849, 21, 1.0, 0), (47, 5, 1.0, 3), (61, 8, 1.0, 3), (142, 10, 1.0, 4), (73, 10, 1.0, 1), (103, 9, 1.0, 0), (186, 12, 1.0, 1), (96, 5, 1.0, 0), (243, 9, 1.0, 0), (57, 6, 1.0, 4), (667, 20, 1.0, 0), (365, 11, 1.0, 3), (42, 7, 1.0, 3), (231, 6, 1.0, 3), (188, 10, 1.0, 1), (6, 4, 1.0, 4), (202, 10, 1.0, 3), (104, 8, 1.0, 0), (249, 13, 1.0, 3), (764, 22, 1.0, 0), (342, 10, 1.0, 4), (21, 4, 1.0, 0)]
=: [(763, 23, 1.0, 0), (67, 8, 1.0, 3), (884, 27, 1.0, 4), (3, 2, 1.0, 4), (31, 7, 1.0, 3), (458, 16, 1.0, 3), (306, 16, 1.0, 0), (64, 9, 1.0, 0), (275, 8, 1.0, 3), (189, 9, 1.0, 1), (251, 16, 1.0, 0), (891, 23, 1.0, 0), (741, 18, 1.0, 4), (59, 9, 1.0, 3), (17, 3, 1.0, 0), (263, 10, 1.0, 1), (510, 16, 1.0, 0), (308, 11, 1.0, 0), (54, 4, 1.0, 4), (765, 20, 1.0, 0), (406, 14, 1.0, 4), (58, 6, 1.0, 3), (28, 5, 1.0, 0), (192, 7, 1.0, 0), (790, 25, 1.0, 0), (528, 17, 1.0, 0), (2, 2, 1.0, 0), (22, 3, 1.0, 1), (18, 2, 1.0, 0), (171, 6, 1.0, 0), (356, 16, 1.0, 3), (110, 5, 1.0, 0), (890, 24, 1.0, 0), (849, 21, 1.0, 0), (47, 5, 1.0, 3), (61, 8, 1.0, 3), (142, 10, 1.0, 4), (73, 10, 1.0, 1), (103, 9, 1.0, 0), (186, 12, 1.0, 1), (96, 5, 1.0, 0), (243, 9, 1.0, 0), (57, 6, 1.0, 4), (667, 20, 1.0, 0), (365, 11, 1.0, 3), (42, 7, 1.0, 3), (231, 6, 1.0, 3), (188, 10, 1.0, 1), (6, 4, 1.0, 4), (202, 10, 1.0, 3), (104, 8, 1.0, 0), (249, 13, 1.0, 3), (764, 22, 1.0, 0), (342, 10, 1.0, 4), (21, 4, 1.0, 0), (206, 19, 1.0, 0)]
=: [(763, 23, 1.0, 0), (67, 8, 1.0, 3), (884, 27, 1.0, 4), (3, 2, 1.0, 4), (31, 7, 1.0, 3), (458, 16, 1.0, 3), (306, 16, 1.0, 0), (64, 9, 1.0, 0), (275, 8, 1.0, 3), (189, 9, 1.0, 1), (251, 16, 1.0, 0), (891, 23, 1.0, 0), (741, 18, 1.0, 4), (59, 9, 1.0, 3), (17, 3, 1.0, 0), (263, 10, 1.0, 1), (510, 16, 1.0, 0), (308, 11, 1.0, 0), (54, 4, 1.0, 4), (765, 20, 1.0, 0), (406, 14, 1.0, 4), (58, 6, 1.0, 3), (28, 5, 1.0, 0), (192, 7, 1.0, 0), (790, 25, 1.0, 0), (528, 17, 1.0, 0), (2, 2, 1.0, 0), (22, 3, 1.0, 1), (18, 2, 1.0, 0), (171, 6, 1.0, 0), (356, 16, 1.0, 3), (110, 5, 1.0, 0), (890, 24, 1.0, 0), (849, 21, 1.0, 0), (47, 5, 1.0, 3), (61, 8, 1.0, 3), (142, 10, 1.0, 4), (73, 10, 1.0, 1), (103, 9, 1.0, 0), (186, 12, 1.0, 1), (96, 5, 1.0, 0), (243, 9, 1.0, 0), (57, 6, 1.0, 4), (667, 20, 1.0, 0), (365, 11, 1.0, 3), (42, 7, 1.0, 3), (231, 6, 1.0, 3), (188, 10, 1.0, 1), (6, 4, 1.0, 4), (202, 10, 1.0, 3), (104, 8, 1.0, 0), (249, 13, 1.0, 3), (764, 22, 1.0, 0), (342, 10, 1.0, 4), (21, 4, 1.0, 0), (206, 19, 1.0, 0), (362, 15, 1.0, 3)]
=: [(763, 23, 1.0, 0), (67, 8, 1.0, 3), (884, 27, 1.0, 4), (3, 2, 1.0, 4), (31, 7, 1.0, 3), (458, 16, 1.0, 3), (306, 16, 1.0, 0), (64, 9, 1.0, 0), (275, 8, 1.0, 3), (189, 9, 1.0, 1), (251, 16, 1.0, 0), (891, 23, 1.0, 0), (741, 18, 1.0, 4), (59, 9, 1.0, 3), (17, 3, 1.0, 0), (263, 10, 1.0, 1), (510, 16, 1.0, 0), (308, 11, 1.0, 0), (54, 4, 1.0, 4), (765, 20, 1.0, 0), (406, 14, 1.0, 4), (58, 6, 1.0, 3), (28, 5, 1.0, 0), (192, 7, 1.0, 0), (790, 25, 1.0, 0), (528, 17, 1.0, 0), (2, 2, 1.0, 0), (22, 3, 1.0, 1), (18, 2, 1.0, 0), (171, 6, 1.0, 0), (356, 16, 1.0, 3), (110, 5, 1.0, 0), (890, 24, 1.0, 0), (849, 21, 1.0, 0), (47, 5, 1.0, 3), (61, 8, 1.0, 3), (142, 10, 1.0, 4), (73, 10, 1.0, 1), (103, 9, 1.0, 0), (186, 12, 1.0, 1), (96, 5, 1.0, 0), (243, 9, 1.0, 0), (57, 6, 1.0, 4), (667, 20, 1.0, 0), (365, 11, 1.0, 3), (42, 7, 1.0, 3), (231, 6, 1.0, 3), (188, 10, 1.0, 1), (6, 4, 1.0, 4), (202, 10, 1.0, 3), (104, 8, 1.0, 0), (249, 13, 1.0, 3), (764, 22, 1.0, 0), (342, 10, 1.0, 4), (21, 4, 1.0, 0), (206, 19, 1.0, 0), (362, 15, 1.0, 3), (90, 4, 1.0, 4)]
=: [(763, 23, 1.0, 0), (67, 8, 1.0, 3), (884, 27, 1.0, 4), (3, 2, 1.0, 4), (31, 7, 1.0, 3), (458, 16, 1.0, 3), (306, 16, 1.0, 0), (64, 9, 1.0, 0), (275, 8, 1.0, 3), (189, 9, 1.0, 1), (251, 16, 1.0, 0), (891, 23, 1.0, 0), (741, 18, 1.0, 4), (59, 9, 1.0, 3), (17, 3, 1.0, 0), (263, 10, 1.0, 1), (510, 16, 1.0, 0), (308, 11, 1.0, 0), (54, 4, 1.0, 4), (765, 20, 1.0, 0), (406, 14, 1.0, 4), (58, 6, 1.0, 3), (28, 5, 1.0, 0), (192, 7, 1.0, 0), (790, 25, 1.0, 0), (528, 17, 1.0, 0), (2, 2, 1.0, 0), (22, 3, 1.0, 1), (18, 2, 1.0, 0), (171, 6, 1.0, 0), (356, 16, 1.0, 3), (110, 5, 1.0, 0), (890, 24, 1.0, 0), (849, 21, 1.0, 0), (47, 5, 1.0, 3), (61, 8, 1.0, 3), (142, 10, 1.0, 4), (73, 10, 1.0, 1), (103, 9, 1.0, 0), (186, 12, 1.0, 1), (96, 5, 1.0, 0), (243, 9, 1.0, 0), (57, 6, 1.0, 4), (667, 20, 1.0, 0), (365, 11, 1.0, 3), (42, 7, 1.0, 3), (231, 6, 1.0, 3), (188, 10, 1.0, 1), (6, 4, 1.0, 4), (202, 10, 1.0, 3), (104, 8, 1.0, 0), (249, 13, 1.0, 3), (764, 22, 1.0, 0), (342, 10, 1.0, 4), (21, 4, 1.0, 0), (206, 19, 1.0, 0), (362, 15, 1.0, 3), (90, 4, 1.0, 4), (174, 4, 1.0, 1)]
=: [(763, 23, 1.0, 0), (67, 8, 1.0, 3), (884, 27, 1.0, 4), (3, 2, 1.0, 4), (31, 7, 1.0, 3), (458, 16, 1.0, 3), (306, 16, 1.0, 0), (64, 9, 1.0, 0), (275, 8, 1.0, 3), (189, 9, 1.0, 1), (251, 16, 1.0, 0), (891, 23, 1.0, 0), (741, 18, 1.0, 4), (59, 9, 1.0, 3), (17, 3, 1.0, 0), (263, 10, 1.0, 1), (510, 16, 1.0, 0), (308, 11, 1.0, 0), (54, 4, 1.0, 4), (765, 20, 1.0, 0), (406, 14, 1.0, 4), (58, 6, 1.0, 3), (28, 5, 1.0, 0), (192, 7, 1.0, 0), (790, 25, 1.0, 0), (528, 17, 1.0, 0), (2, 2, 1.0, 0), (22, 3, 1.0, 1), (18, 2, 1.0, 0), (171, 6, 1.0, 0), (356, 16, 1.0, 3), (110, 5, 1.0, 0), (890, 24, 1.0, 0), (849, 21, 1.0, 0), (47, 5, 1.0, 3), (61, 8, 1.0, 3), (142, 10, 1.0, 4), (73, 10, 1.0, 1), (103, 9, 1.0, 0), (186, 12, 1.0, 1), (96, 5, 1.0, 0), (243, 9, 1.0, 0), (57, 6, 1.0, 4), (667, 20, 1.0, 0), (365, 11, 1.0, 3), (42, 7, 1.0, 3), (231, 6, 1.0, 3), (188, 10, 1.0, 1), (6, 4, 1.0, 4), (202, 10, 1.0, 3), (104, 8, 1.0, 0), (249, 13, 1.0, 3), (764, 22, 1.0, 0), (342, 10, 1.0, 4), (21, 4, 1.0, 0), (206, 19, 1.0, 0), (362, 15, 1.0, 3), (90, 4, 1.0, 4), (174, 4, 1.0, 1), (218, 8, 1.0, 3)]
=: [(763, 23, 1.0, 0), (67, 8, 1.0, 3), (884, 27, 1.0, 4), (3, 2, 1.0, 4), (31, 7, 1.0, 3), (458, 16, 1.0, 3), (306, 16, 1.0, 0), (64, 9, 1.0, 0), (275, 8, 1.0, 3), (189, 9, 1.0, 1), (251, 16, 1.0, 0), (891, 23, 1.0, 0), (741, 18, 1.0, 4), (59, 9, 1.0, 3), (17, 3, 1.0, 0), (263, 10, 1.0, 1), (510, 16, 1.0, 0), (308, 11, 1.0, 0), (54, 4, 1.0, 4), (765, 20, 1.0, 0), (406, 14, 1.0, 4), (58, 6, 1.0, 3), (28, 5, 1.0, 0), (192, 7, 1.0, 0), (790, 25, 1.0, 0), (528, 17, 1.0, 0), (2, 2, 1.0, 0), (22, 3, 1.0, 1), (18, 2, 1.0, 0), (171, 6, 1.0, 0), (356, 16, 1.0, 3), (110, 5, 1.0, 0), (890, 24, 1.0, 0), (849, 21, 1.0, 0), (47, 5, 1.0, 3), (61, 8, 1.0, 3), (142, 10, 1.0, 4), (73, 10, 1.0, 1), (103, 9, 1.0, 0), (186, 12, 1.0, 1), (96, 5, 1.0, 0), (243, 9, 1.0, 0), (57, 6, 1.0, 4), (667, 20, 1.0, 0), (365, 11, 1.0, 3), (42, 7, 1.0, 3), (231, 6, 1.0, 3), (188, 10, 1.0, 1), (6, 4, 1.0, 4), (202, 10, 1.0, 3), (104, 8, 1.0, 0), (249, 13, 1.0, 3), (764, 22, 1.0, 0), (342, 10, 1.0, 4), (21, 4, 1.0, 0), (206, 19, 1.0, 0), (362, 15, 1.0, 3), (90, 4, 1.0, 4), (174, 4, 1.0, 1), (218, 8, 1.0, 3), (44, 5, 1.0, 0)]
=: [(763, 23, 1.0, 0), (67, 8, 1.0, 3), (884, 27, 1.0, 4), (3, 2, 1.0, 4), (31, 7, 1.0, 3), (458, 16, 1.0, 3), (306, 16, 1.0, 0), (64, 9, 1.0, 0), (275, 8, 1.0, 3), (189, 9, 1.0, 1), (251, 16, 1.0, 0), (891, 23, 1.0, 0), (741, 18, 1.0, 4), (59, 9, 1.0, 3), (17, 3, 1.0, 0), (263, 10, 1.0, 1), (510, 16, 1.0, 0), (308, 11, 1.0, 0), (54, 4, 1.0, 4), (765, 20, 1.0, 0), (406, 14, 1.0, 4), (58, 6, 1.0, 3), (28, 5, 1.0, 0), (192, 7, 1.0, 0), (790, 25, 1.0, 0), (528, 17, 1.0, 0), (2, 2, 1.0, 0), (22, 3, 1.0, 1), (18, 2, 1.0, 0), (171, 6, 1.0, 0), (356, 16, 1.0, 3), (110, 5, 1.0, 0), (890, 24, 1.0, 0), (849, 21, 1.0, 0), (47, 5, 1.0, 3), (61, 8, 1.0, 3), (142, 10, 1.0, 4), (73, 10, 1.0, 1), (103, 9, 1.0, 0), (186, 12, 1.0, 1), (96, 5, 1.0, 0), (243, 9, 1.0, 0), (57, 6, 1.0, 4), (667, 20, 1.0, 0), (365, 11, 1.0, 3), (42, 7, 1.0, 3), (231, 6, 1.0, 3), (188, 10, 1.0, 1), (6, 4, 1.0, 4), (202, 10, 1.0, 3), (104, 8, 1.0, 0), (249, 13, 1.0, 3), (764, 22, 1.0, 0), (342, 10, 1.0, 4), (21, 4, 1.0, 0), (206, 19, 1.0, 0), (362, 15, 1.0, 3), (90, 4, 1.0, 4), (174, 4, 1.0, 1), (218, 8, 1.0, 3), (44, 5, 1.0, 0), (245, 7, 1.0, 0)]
=: [(763, 23, 1.0, 0), (67, 8, 1.0, 3), (884, 27, 1.0, 4), (3, 2, 1.0, 4), (31, 7, 1.0, 3), (458, 16, 1.0, 3), (306, 16, 1.0, 0), (64, 9, 1.0, 0), (275, 8, 1.0, 3), (189, 9, 1.0, 1), (251, 16, 1.0, 0), (891, 23, 1.0, 0), (741, 18, 1.0, 4), (59, 9, 1.0, 3), (17, 3, 1.0, 0), (263, 10, 1.0, 1), (510, 16, 1.0, 0), (308, 11, 1.0, 0), (54, 4, 1.0, 4), (765, 20, 1.0, 0), (406, 14, 1.0, 4), (58, 6, 1.0, 3), (28, 5, 1.0, 0), (192, 7, 1.0, 0), (790, 25, 1.0, 0), (528, 17, 1.0, 0), (2, 2, 1.0, 0), (22, 3, 1.0, 1), (18, 2, 1.0, 0), (171, 6, 1.0, 0), (356, 16, 1.0, 3), (110, 5, 1.0, 0), (890, 24, 1.0, 0), (849, 21, 1.0, 0), (47, 5, 1.0, 3), (61, 8, 1.0, 3), (142, 10, 1.0, 4), (73, 10, 1.0, 1), (103, 9, 1.0, 0), (186, 12, 1.0, 1), (96, 5, 1.0, 0), (243, 9, 1.0, 0), (57, 6, 1.0, 4), (667, 20, 1.0, 0), (365, 11, 1.0, 3), (42, 7, 1.0, 3), (231, 6, 1.0, 3), (188, 10, 1.0, 1), (6, 4, 1.0, 4), (202, 10, 1.0, 3), (104, 8, 1.0, 0), (249, 13, 1.0, 3), (764, 22, 1.0, 0), (342, 10, 1.0, 4), (21, 4, 1.0, 0), (206, 19, 1.0, 0), (362, 15, 1.0, 3), (90, 4, 1.0, 4), (174, 4, 1.0, 1), (218, 8, 1.0, 3), (44, 5, 1.0, 0), (245, 7, 1.0, 0), (108, 4, 1.0, 0)]
=: [(763, 23, 1.0, 0), (67, 8, 1.0, 3), (884, 27, 1.0, 4), (3, 2, 1.0, 4), (31, 7, 1.0, 3), (458, 16, 1.0, 3), (306, 16, 1.0, 0), (64, 9, 1.0, 0), (275, 8, 1.0, 3), (189, 9, 1.0, 1), (251, 16, 1.0, 0), (891, 23, 1.0, 0), (741, 18, 1.0, 4), (59, 9, 1.0, 3), (17, 3, 1.0, 0), (263, 10, 1.0, 1), (510, 16, 1.0, 0), (308, 11, 1.0, 0), (54, 4, 1.0, 4), (765, 20, 1.0, 0), (406, 14, 1.0, 4), (58, 6, 1.0, 3), (28, 5, 1.0, 0), (192, 7, 1.0, 0), (790, 25, 1.0, 0), (528, 17, 1.0, 0), (2, 2, 1.0, 0), (22, 3, 1.0, 1), (18, 2, 1.0, 0), (171, 6, 1.0, 0), (356, 16, 1.0, 3), (110, 5, 1.0, 0), (890, 24, 1.0, 0), (849, 21, 1.0, 0), (47, 5, 1.0, 3), (61, 8, 1.0, 3), (142, 10, 1.0, 4), (73, 10, 1.0, 1), (103, 9, 1.0, 0), (186, 12, 1.0, 1), (96, 5, 1.0, 0), (243, 9, 1.0, 0), (57, 6, 1.0, 4), (667, 20, 1.0, 0), (365, 11, 1.0, 3), (42, 7, 1.0, 3), (231, 6, 1.0, 3), (188, 10, 1.0, 1), (6, 4, 1.0, 4), (202, 10, 1.0, 3), (104, 8, 1.0, 0), (249, 13, 1.0, 3), (764, 22, 1.0, 0), (342, 10, 1.0, 4), (21, 4, 1.0, 0), (206, 19, 1.0, 0), (362, 15, 1.0, 3), (90, 4, 1.0, 4), (174, 4, 1.0, 1), (218, 8, 1.0, 3), (44, 5, 1.0, 0), (245, 7, 1.0, 0), (108, 4, 1.0, 0), (101, 6, 1.0, 0)]
=: [(763, 23, 1.0, 0), (67, 8, 1.0, 3), (884, 27, 1.0, 4), (3, 2, 1.0, 4), (31, 7, 1.0, 3), (458, 16, 1.0, 3), (306, 16, 1.0, 0), (64, 9, 1.0, 0), (275, 8, 1.0, 3), (189, 9, 1.0, 1), (251, 16, 1.0, 0), (891, 23, 1.0, 0), (741, 18, 1.0, 4), (59, 9, 1.0, 3), (17, 3, 1.0, 0), (263, 10, 1.0, 1), (510, 16, 1.0, 0), (308, 11, 1.0, 0), (54, 4, 1.0, 4), (765, 20, 1.0, 0), (406, 14, 1.0, 4), (58, 6, 1.0, 3), (28, 5, 1.0, 0), (192, 7, 1.0, 0), (790, 25, 1.0, 0), (528, 17, 1.0, 0), (2, 2, 1.0, 0), (22, 3, 1.0, 1), (18, 2, 1.0, 0), (171, 6, 1.0, 0), (356, 16, 1.0, 3), (110, 5, 1.0, 0), (890, 24, 1.0, 0), (849, 21, 1.0, 0), (47, 5, 1.0, 3), (61, 8, 1.0, 3), (142, 10, 1.0, 4), (73, 10, 1.0, 1), (103, 9, 1.0, 0), (186, 12, 1.0, 1), (96, 5, 1.0, 0), (243, 9, 1.0, 0), (57, 6, 1.0, 4), (667, 20, 1.0, 0), (365, 11, 1.0, 3), (42, 7, 1.0, 3), (231, 6, 1.0, 3), (188, 10, 1.0, 1), (6, 4, 1.0, 4), (202, 10, 1.0, 3), (104, 8, 1.0, 0), (249, 13, 1.0, 3), (764, 22, 1.0, 0), (342, 10, 1.0, 4), (21, 4, 1.0, 0), (206, 19, 1.0, 0), (362, 15, 1.0, 3), (90, 4, 1.0, 4), (174, 4, 1.0, 1), (218, 8, 1.0, 3), (44, 5, 1.0, 0), (245, 7, 1.0, 0), (108, 4, 1.0, 0), (101, 6, 1.0, 0), (760, 28, 1.0, 0)]
=: [(763, 23, 1.0, 0), (67, 8, 1.0, 3), (884, 27, 1.0, 4), (3, 2, 1.0, 4), (31, 7, 1.0, 3), (458, 16, 1.0, 3), (306, 16, 1.0, 0), (64, 9, 1.0, 0), (275, 8, 1.0, 3), (189, 9, 1.0, 1), (251, 16, 1.0, 0), (891, 23, 1.0, 0), (741, 18, 1.0, 4), (59, 9, 1.0, 3), (17, 3, 1.0, 0), (263, 10, 1.0, 1), (510, 16, 1.0, 0), (308, 11, 1.0, 0), (54, 4, 1.0, 4), (765, 20, 1.0, 0), (406, 14, 1.0, 4), (58, 6, 1.0, 3), (28, 5, 1.0, 0), (192, 7, 1.0, 0), (790, 25, 1.0, 0), (528, 17, 1.0, 0), (2, 2, 1.0, 0), (22, 3, 1.0, 1), (18, 2, 1.0, 0), (171, 6, 1.0, 0), (356, 16, 1.0, 3), (110, 5, 1.0, 0), (890, 24, 1.0, 0), (849, 21, 1.0, 0), (47, 5, 1.0, 3), (61, 8, 1.0, 3), (142, 10, 1.0, 4), (73, 10, 1.0, 1), (103, 9, 1.0, 0), (186, 12, 1.0, 1), (96, 5, 1.0, 0), (243, 9, 1.0, 0), (57, 6, 1.0, 4), (667, 20, 1.0, 0), (365, 11, 1.0, 3), (42, 7, 1.0, 3), (231, 6, 1.0, 3), (188, 10, 1.0, 1), (6, 4, 1.0, 4), (202, 10, 1.0, 3), (104, 8, 1.0, 0), (249, 13, 1.0, 3), (764, 22, 1.0, 0), (342, 10, 1.0, 4), (21, 4, 1.0, 0), (206, 19, 1.0, 0), (362, 15, 1.0, 3), (90, 4, 1.0, 4), (174, 4, 1.0, 1), (218, 8, 1.0, 3), (44, 5, 1.0, 0), (245, 7, 1.0, 0), (108, 4, 1.0, 0), (101, 6, 1.0, 0), (760, 28, 1.0, 0), (254, 13, 1.0, 0)]
=: [(763, 23, 1.0, 0), (67, 8, 1.0, 3), (884, 27, 1.0, 4), (3, 2, 1.0, 4), (31, 7, 1.0, 3), (458, 16, 1.0, 3), (306, 16, 1.0, 0), (64, 9, 1.0, 0), (275, 8, 1.0, 3), (189, 9, 1.0, 1), (251, 16, 1.0, 0), (891, 23, 1.0, 0), (741, 18, 1.0, 4), (59, 9, 1.0, 3), (17, 3, 1.0, 0), (263, 10, 1.0, 1), (510, 16, 1.0, 0), (308, 11, 1.0, 0), (54, 4, 1.0, 4), (765, 20, 1.0, 0), (406, 14, 1.0, 4), (58, 6, 1.0, 3), (28, 5, 1.0, 0), (192, 7, 1.0, 0), (790, 25, 1.0, 0), (528, 17, 1.0, 0), (2, 2, 1.0, 0), (22, 3, 1.0, 1), (18, 2, 1.0, 0), (171, 6, 1.0, 0), (356, 16, 1.0, 3), (110, 5, 1.0, 0), (890, 24, 1.0, 0), (849, 21, 1.0, 0), (47, 5, 1.0, 3), (61, 8, 1.0, 3), (142, 10, 1.0, 4), (73, 10, 1.0, 1), (103, 9, 1.0, 0), (186, 12, 1.0, 1), (96, 5, 1.0, 0), (243, 9, 1.0, 0), (57, 6, 1.0, 4), (667, 20, 1.0, 0), (365, 11, 1.0, 3), (42, 7, 1.0, 3), (231, 6, 1.0, 3), (188, 10, 1.0, 1), (6, 4, 1.0, 4), (202, 10, 1.0, 3), (104, 8, 1.0, 0), (249, 13, 1.0, 3), (764, 22, 1.0, 0), (342, 10, 1.0, 4), (21, 4, 1.0, 0), (206, 19, 1.0, 0), (362, 15, 1.0, 3), (90, 4, 1.0, 4), (174, 4, 1.0, 1), (218, 8, 1.0, 3), (44, 5, 1.0, 0), (245, 7, 1.0, 0), (108, 4, 1.0, 0), (101, 6, 1.0, 0), (760, 28, 1.0, 0), (254, 13, 1.0, 0), (152, 12, 1.0, 0)]
=: [(763, 23, 1.0, 0), (67, 8, 1.0, 3), (884, 27, 1.0, 4), (3, 2, 1.0, 4), (31, 7, 1.0, 3), (458, 16, 1.0, 3), (306, 16, 1.0, 0), (64, 9, 1.0, 0), (275, 8, 1.0, 3), (189, 9, 1.0, 1), (251, 16, 1.0, 0), (891, 23, 1.0, 0), (741, 18, 1.0, 4), (59, 9, 1.0, 3), (17, 3, 1.0, 0), (263, 10, 1.0, 1), (510, 16, 1.0, 0), (308, 11, 1.0, 0), (54, 4, 1.0, 4), (765, 20, 1.0, 0), (406, 14, 1.0, 4), (58, 6, 1.0, 3), (28, 5, 1.0, 0), (192, 7, 1.0, 0), (790, 25, 1.0, 0), (528, 17, 1.0, 0), (2, 2, 1.0, 0), (22, 3, 1.0, 1), (18, 2, 1.0, 0), (171, 6, 1.0, 0), (356, 16, 1.0, 3), (110, 5, 1.0, 0), (890, 24, 1.0, 0), (849, 21, 1.0, 0), (47, 5, 1.0, 3), (61, 8, 1.0, 3), (142, 10, 1.0, 4), (73, 10, 1.0, 1), (103, 9, 1.0, 0), (186, 12, 1.0, 1), (96, 5, 1.0, 0), (243, 9, 1.0, 0), (57, 6, 1.0, 4), (667, 20, 1.0, 0), (365, 11, 1.0, 3), (42, 7, 1.0, 3), (231, 6, 1.0, 3), (188, 10, 1.0, 1), (6, 4, 1.0, 4), (202, 10, 1.0, 3), (104, 8, 1.0, 0), (249, 13, 1.0, 3), (764, 22, 1.0, 0), (342, 10, 1.0, 4), (21, 4, 1.0, 0), (206, 19, 1.0, 0), (362, 15, 1.0, 3), (90, 4, 1.0, 4), (174, 4, 1.0, 1), (218, 8, 1.0, 3), (44, 5, 1.0, 0), (245, 7, 1.0, 0), (108, 4, 1.0, 0), (101, 6, 1.0, 0), (760, 28, 1.0, 0), (254, 13, 1.0, 0), (152, 12, 1.0, 0), (253, 14, 1.0, 0)]
=: [(763, 23, 1.0, 0), (67, 8, 1.0, 3), (884, 27, 1.0, 4), (3, 2, 1.0, 4), (31, 7, 1.0, 3), (458, 16, 1.0, 3), (306, 16, 1.0, 0), (64, 9, 1.0, 0), (275, 8, 1.0, 3), (189, 9, 1.0, 1), (251, 16, 1.0, 0), (891, 23, 1.0, 0), (741, 18, 1.0, 4), (59, 9, 1.0, 3), (17, 3, 1.0, 0), (263, 10, 1.0, 1), (510, 16, 1.0, 0), (308, 11, 1.0, 0), (54, 4, 1.0, 4), (765, 20, 1.0, 0), (406, 14, 1.0, 4), (58, 6, 1.0, 3), (28, 5, 1.0, 0), (192, 7, 1.0, 0), (790, 25, 1.0, 0), (528, 17, 1.0, 0), (2, 2, 1.0, 0), (22, 3, 1.0, 1), (18, 2, 1.0, 0), (171, 6, 1.0, 0), (356, 16, 1.0, 3), (110, 5, 1.0, 0), (890, 24, 1.0, 0), (849, 21, 1.0, 0), (47, 5, 1.0, 3), (61, 8, 1.0, 3), (142, 10, 1.0, 4), (73, 10, 1.0, 1), (103, 9, 1.0, 0), (186, 12, 1.0, 1), (96, 5, 1.0, 0), (243, 9, 1.0, 0), (57, 6, 1.0, 4), (667, 20, 1.0, 0), (365, 11, 1.0, 3), (42, 7, 1.0, 3), (231, 6, 1.0, 3), (188, 10, 1.0, 1), (6, 4, 1.0, 4), (202, 10, 1.0, 3), (104, 8, 1.0, 0), (249, 13, 1.0, 3), (764, 22, 1.0, 0), (342, 10, 1.0, 4), (21, 4, 1.0, 0), (206, 19, 1.0, 0), (362, 15, 1.0, 3), (90, 4, 1.0, 4), (174, 4, 1.0, 1), (218, 8, 1.0, 3), (44, 5, 1.0, 0), (245, 7, 1.0, 0), (108, 4, 1.0, 0), (101, 6, 1.0, 0), (760, 28, 1.0, 0), (254, 13, 1.0, 0), (152, 12, 1.0, 0), (253, 14, 1.0, 0), (27, 4, 1.0, 0)]
=: [(763, 23, 1.0, 0), (67, 8, 1.0, 3), (884, 27, 1.0, 4), (3, 2, 1.0, 4), (31, 7, 1.0, 3), (458, 16, 1.0, 3), (306, 16, 1.0, 0), (64, 9, 1.0, 0), (275, 8, 1.0, 3), (189, 9, 1.0, 1), (251, 16, 1.0, 0), (891, 23, 1.0, 0), (741, 18, 1.0, 4), (59, 9, 1.0, 3), (17, 3, 1.0, 0), (263, 10, 1.0, 1), (510, 16, 1.0, 0), (308, 11, 1.0, 0), (54, 4, 1.0, 4), (765, 20, 1.0, 0), (406, 14, 1.0, 4), (58, 6, 1.0, 3), (28, 5, 1.0, 0), (192, 7, 1.0, 0), (790, 25, 1.0, 0), (528, 17, 1.0, 0), (2, 2, 1.0, 0), (22, 3, 1.0, 1), (18, 2, 1.0, 0), (171, 6, 1.0, 0), (356, 16, 1.0, 3), (110, 5, 1.0, 0), (890, 24, 1.0, 0), (849, 21, 1.0, 0), (47, 5, 1.0, 3), (61, 8, 1.0, 3), (142, 10, 1.0, 4), (73, 10, 1.0, 1), (103, 9, 1.0, 0), (186, 12, 1.0, 1), (96, 5, 1.0, 0), (243, 9, 1.0, 0), (57, 6, 1.0, 4), (667, 20, 1.0, 0), (365, 11, 1.0, 3), (42, 7, 1.0, 3), (231, 6, 1.0, 3), (188, 10, 1.0, 1), (6, 4, 1.0, 4), (202, 10, 1.0, 3), (104, 8, 1.0, 0), (249, 13, 1.0, 3), (764, 22, 1.0, 0), (342, 10, 1.0, 4), (21, 4, 1.0, 0), (206, 19, 1.0, 0), (362, 15, 1.0, 3), (90, 4, 1.0, 4), (174, 4, 1.0, 1), (218, 8, 1.0, 3), (44, 5, 1.0, 0), (245, 7, 1.0, 0), (108, 4, 1.0, 0), (101, 6, 1.0, 0), (760, 28, 1.0, 0), (254, 13, 1.0, 0), (152, 12, 1.0, 0), (253, 14, 1.0, 0), (27, 4, 1.0, 0), (730, 17, 1.0, 0)]
=: [(763, 23, 1.0, 0), (67, 8, 1.0, 3), (884, 27, 1.0, 4), (3, 2, 1.0, 4), (31, 7, 1.0, 3), (458, 16, 1.0, 3), (306, 16, 1.0, 0), (64, 9, 1.0, 0), (275, 8, 1.0, 3), (189, 9, 1.0, 1), (251, 16, 1.0, 0), (891, 23, 1.0, 0), (741, 18, 1.0, 4), (59, 9, 1.0, 3), (17, 3, 1.0, 0), (263, 10, 1.0, 1), (510, 16, 1.0, 0), (308, 11, 1.0, 0), (54, 4, 1.0, 4), (765, 20, 1.0, 0), (406, 14, 1.0, 4), (58, 6, 1.0, 3), (28, 5, 1.0, 0), (192, 7, 1.0, 0), (790, 25, 1.0, 0), (528, 17, 1.0, 0), (2, 2, 1.0, 0), (22, 3, 1.0, 1), (18, 2, 1.0, 0), (171, 6, 1.0, 0), (356, 16, 1.0, 3), (110, 5, 1.0, 0), (890, 24, 1.0, 0), (849, 21, 1.0, 0), (47, 5, 1.0, 3), (61, 8, 1.0, 3), (142, 10, 1.0, 4), (73, 10, 1.0, 1), (103, 9, 1.0, 0), (186, 12, 1.0, 1), (96, 5, 1.0, 0), (243, 9, 1.0, 0), (57, 6, 1.0, 4), (667, 20, 1.0, 0), (365, 11, 1.0, 3), (42, 7, 1.0, 3), (231, 6, 1.0, 3), (188, 10, 1.0, 1), (6, 4, 1.0, 4), (202, 10, 1.0, 3), (104, 8, 1.0, 0), (249, 13, 1.0, 3), (764, 22, 1.0, 0), (342, 10, 1.0, 4), (21, 4, 1.0, 0), (206, 19, 1.0, 0), (362, 15, 1.0, 3), (90, 4, 1.0, 4), (174, 4, 1.0, 1), (218, 8, 1.0, 3), (44, 5, 1.0, 0), (245, 7, 1.0, 0), (108, 4, 1.0, 0), (101, 6, 1.0, 0), (760, 28, 1.0, 0), (254, 13, 1.0, 0), (152, 12, 1.0, 0), (253, 14, 1.0, 0), (27, 4, 1.0, 0), (730, 17, 1.0, 0), (337, 14, 1.0, 0)]
=: [(763, 23, 1.0, 0), (67, 8, 1.0, 3), (884, 27, 1.0, 4), (3, 2, 1.0, 4), (31, 7, 1.0, 3), (458, 16, 1.0, 3), (306, 16, 1.0, 0), (64, 9, 1.0, 0), (275, 8, 1.0, 3), (189, 9, 1.0, 1), (251, 16, 1.0, 0), (891, 23, 1.0, 0), (741, 18, 1.0, 4), (59, 9, 1.0, 3), (17, 3, 1.0, 0), (263, 10, 1.0, 1), (510, 16, 1.0, 0), (308, 11, 1.0, 0), (54, 4, 1.0, 4), (765, 20, 1.0, 0), (406, 14, 1.0, 4), (58, 6, 1.0, 3), (28, 5, 1.0, 0), (192, 7, 1.0, 0), (790, 25, 1.0, 0), (528, 17, 1.0, 0), (2, 2, 1.0, 0), (22, 3, 1.0, 1), (18, 2, 1.0, 0), (171, 6, 1.0, 0), (356, 16, 1.0, 3), (110, 5, 1.0, 0), (890, 24, 1.0, 0), (849, 21, 1.0, 0), (47, 5, 1.0, 3), (61, 8, 1.0, 3), (142, 10, 1.0, 4), (73, 10, 1.0, 1), (103, 9, 1.0, 0), (186, 12, 1.0, 1), (96, 5, 1.0, 0), (243, 9, 1.0, 0), (57, 6, 1.0, 4), (667, 20, 1.0, 0), (365, 11, 1.0, 3), (42, 7, 1.0, 3), (231, 6, 1.0, 3), (188, 10, 1.0, 1), (6, 4, 1.0, 4), (202, 10, 1.0, 3), (104, 8, 1.0, 0), (249, 13, 1.0, 3), (764, 22, 1.0, 0), (342, 10, 1.0, 4), (21, 4, 1.0, 0), (206, 19, 1.0, 0), (362, 15, 1.0, 3), (90, 4, 1.0, 4), (174, 4, 1.0, 1), (218, 8, 1.0, 3), (44, 5, 1.0, 0), (245, 7, 1.0, 0), (108, 4, 1.0, 0), (101, 6, 1.0, 0), (760, 28, 1.0, 0), (254, 13, 1.0, 0), (152, 12, 1.0, 0), (253, 14, 1.0, 0), (27, 4, 1.0, 0), (730, 17, 1.0, 0), (337, 14, 1.0, 0), (450, 16, 1.0, 3)]
=: [(763, 23, 1.0, 0), (67, 8, 1.0, 3), (884, 27, 1.0, 4), (3, 2, 1.0, 4), (31, 7, 1.0, 3), (458, 16, 1.0, 3), (306, 16, 1.0, 0), (64, 9, 1.0, 0), (275, 8, 1.0, 3), (189, 9, 1.0, 1), (251, 16, 1.0, 0), (891, 23, 1.0, 0), (741, 18, 1.0, 4), (59, 9, 1.0, 3), (17, 3, 1.0, 0), (263, 10, 1.0, 1), (510, 16, 1.0, 0), (308, 11, 1.0, 0), (54, 4, 1.0, 4), (765, 20, 1.0, 0), (406, 14, 1.0, 4), (58, 6, 1.0, 3), (28, 5, 1.0, 0), (192, 7, 1.0, 0), (790, 25, 1.0, 0), (528, 17, 1.0, 0), (2, 2, 1.0, 0), (22, 3, 1.0, 1), (18, 2, 1.0, 0), (171, 6, 1.0, 0), (356, 16, 1.0, 3), (110, 5, 1.0, 0), (890, 24, 1.0, 0), (849, 21, 1.0, 0), (47, 5, 1.0, 3), (61, 8, 1.0, 3), (142, 10, 1.0, 4), (73, 10, 1.0, 1), (103, 9, 1.0, 0), (186, 12, 1.0, 1), (96, 5, 1.0, 0), (243, 9, 1.0, 0), (57, 6, 1.0, 4), (667, 20, 1.0, 0), (365, 11, 1.0, 3), (42, 7, 1.0, 3), (231, 6, 1.0, 3), (188, 10, 1.0, 1), (6, 4, 1.0, 4), (202, 10, 1.0, 3), (104, 8, 1.0, 0), (249, 13, 1.0, 3), (764, 22, 1.0, 0), (342, 10, 1.0, 4), (21, 4, 1.0, 0), (206, 19, 1.0, 0), (362, 15, 1.0, 3), (90, 4, 1.0, 4), (174, 4, 1.0, 1), (218, 8, 1.0, 3), (44, 5, 1.0, 0), (245, 7, 1.0, 0), (108, 4, 1.0, 0), (101, 6, 1.0, 0), (760, 28, 1.0, 0), (254, 13, 1.0, 0), (152, 12, 1.0, 0), (253, 14, 1.0, 0), (27, 4, 1.0, 0), (730, 17, 1.0, 0), (337, 14, 1.0, 0), (450, 16, 1.0, 3), (455, 15, 1.0, 0)]
=: [(763, 23, 1.0, 0), (67, 8, 1.0, 3), (884, 27, 1.0, 4), (3, 2, 1.0, 4), (31, 7, 1.0, 3), (458, 16, 1.0, 3), (306, 16, 1.0, 0), (64, 9, 1.0, 0), (275, 8, 1.0, 3), (189, 9, 1.0, 1), (251, 16, 1.0, 0), (891, 23, 1.0, 0), (741, 18, 1.0, 4), (59, 9, 1.0, 3), (17, 3, 1.0, 0), (263, 10, 1.0, 1), (510, 16, 1.0, 0), (308, 11, 1.0, 0), (54, 4, 1.0, 4), (765, 20, 1.0, 0), (406, 14, 1.0, 4), (58, 6, 1.0, 3), (28, 5, 1.0, 0), (192, 7, 1.0, 0), (790, 25, 1.0, 0), (528, 17, 1.0, 0), (2, 2, 1.0, 0), (22, 3, 1.0, 1), (18, 2, 1.0, 0), (171, 6, 1.0, 0), (356, 16, 1.0, 3), (110, 5, 1.0, 0), (890, 24, 1.0, 0), (849, 21, 1.0, 0), (47, 5, 1.0, 3), (61, 8, 1.0, 3), (142, 10, 1.0, 4), (73, 10, 1.0, 1), (103, 9, 1.0, 0), (186, 12, 1.0, 1), (96, 5, 1.0, 0), (243, 9, 1.0, 0), (57, 6, 1.0, 4), (667, 20, 1.0, 0), (365, 11, 1.0, 3), (42, 7, 1.0, 3), (231, 6, 1.0, 3), (188, 10, 1.0, 1), (6, 4, 1.0, 4), (202, 10, 1.0, 3), (104, 8, 1.0, 0), (249, 13, 1.0, 3), (764, 22, 1.0, 0), (342, 10, 1.0, 4), (21, 4, 1.0, 0), (206, 19, 1.0, 0), (362, 15, 1.0, 3), (90, 4, 1.0, 4), (174, 4, 1.0, 1), (218, 8, 1.0, 3), (44, 5, 1.0, 0), (245, 7, 1.0, 0), (108, 4, 1.0, 0), (101, 6, 1.0, 0), (760, 28, 1.0, 0), (254, 13, 1.0, 0), (152, 12, 1.0, 0), (253, 14, 1.0, 0), (27, 4, 1.0, 0), (730, 17, 1.0, 0), (337, 14, 1.0, 0), (450, 16, 1.0, 3), (455, 15, 1.0, 0), (770, 21, 1.0, 0)]
=: [(763, 23, 1.0, 0), (67, 8, 1.0, 3), (884, 27, 1.0, 4), (3, 2, 1.0, 4), (31, 7, 1.0, 3), (458, 16, 1.0, 3), (306, 16, 1.0, 0), (64, 9, 1.0, 0), (275, 8, 1.0, 3), (189, 9, 1.0, 1), (251, 16, 1.0, 0), (891, 23, 1.0, 0), (741, 18, 1.0, 4), (59, 9, 1.0, 3), (17, 3, 1.0, 0), (263, 10, 1.0, 1), (510, 16, 1.0, 0), (308, 11, 1.0, 0), (54, 4, 1.0, 4), (765, 20, 1.0, 0), (406, 14, 1.0, 4), (58, 6, 1.0, 3), (28, 5, 1.0, 0), (192, 7, 1.0, 0), (790, 25, 1.0, 0), (528, 17, 1.0, 0), (2, 2, 1.0, 0), (22, 3, 1.0, 1), (18, 2, 1.0, 0), (171, 6, 1.0, 0), (356, 16, 1.0, 3), (110, 5, 1.0, 0), (890, 24, 1.0, 0), (849, 21, 1.0, 0), (47, 5, 1.0, 3), (61, 8, 1.0, 3), (142, 10, 1.0, 4), (73, 10, 1.0, 1), (103, 9, 1.0, 0), (186, 12, 1.0, 1), (96, 5, 1.0, 0), (243, 9, 1.0, 0), (57, 6, 1.0, 4), (667, 20, 1.0, 0), (365, 11, 1.0, 3), (42, 7, 1.0, 3), (231, 6, 1.0, 3), (188, 10, 1.0, 1), (6, 4, 1.0, 4), (202, 10, 1.0, 3), (104, 8, 1.0, 0), (249, 13, 1.0, 3), (764, 22, 1.0, 0), (342, 10, 1.0, 4), (21, 4, 1.0, 0), (206, 19, 1.0, 0), (362, 15, 1.0, 3), (90, 4, 1.0, 4), (174, 4, 1.0, 1), (218, 8, 1.0, 3), (44, 5, 1.0, 0), (245, 7, 1.0, 0), (108, 4, 1.0, 0), (101, 6, 1.0, 0), (760, 28, 1.0, 0), (254, 13, 1.0, 0), (152, 12, 1.0, 0), (253, 14, 1.0, 0), (27, 4, 1.0, 0), (730, 17, 1.0, 0), (337, 14, 1.0, 0), (450, 16, 1.0, 3), (455, 15, 1.0, 0), (770, 21, 1.0, 0), (94, 5, 1.0, 1)]
=: [(763, 23, 1.0, 0), (67, 8, 1.0, 3), (884, 27, 1.0, 4), (3, 2, 1.0, 4), (31, 7, 1.0, 3), (458, 16, 1.0, 3), (306, 16, 1.0, 0), (64, 9, 1.0, 0), (275, 8, 1.0, 3), (189, 9, 1.0, 1), (251, 16, 1.0, 0), (891, 23, 1.0, 0), (741, 18, 1.0, 4), (59, 9, 1.0, 3), (17, 3, 1.0, 0), (263, 10, 1.0, 1), (510, 16, 1.0, 0), (308, 11, 1.0, 0), (54, 4, 1.0, 4), (765, 20, 1.0, 0), (406, 14, 1.0, 4), (58, 6, 1.0, 3), (28, 5, 1.0, 0), (192, 7, 1.0, 0), (790, 25, 1.0, 0), (528, 17, 1.0, 0), (2, 2, 1.0, 0), (22, 3, 1.0, 1), (18, 2, 1.0, 0), (171, 6, 1.0, 0), (356, 16, 1.0, 3), (110, 5, 1.0, 0), (890, 24, 1.0, 0), (849, 21, 1.0, 0), (47, 5, 1.0, 3), (61, 8, 1.0, 3), (142, 10, 1.0, 4), (73, 10, 1.0, 1), (103, 9, 1.0, 0), (186, 12, 1.0, 1), (96, 5, 1.0, 0), (243, 9, 1.0, 0), (57, 6, 1.0, 4), (667, 20, 1.0, 0), (365, 11, 1.0, 3), (42, 7, 1.0, 3), (231, 6, 1.0, 3), (188, 10, 1.0, 1), (6, 4, 1.0, 4), (202, 10, 1.0, 3), (104, 8, 1.0, 0), (249, 13, 1.0, 3), (764, 22, 1.0, 0), (342, 10, 1.0, 4), (21, 4, 1.0, 0), (206, 19, 1.0, 0), (362, 15, 1.0, 3), (90, 4, 1.0, 4), (174, 4, 1.0, 1), (218, 8, 1.0, 3), (44, 5, 1.0, 0), (245, 7, 1.0, 0), (108, 4, 1.0, 0), (101, 6, 1.0, 0), (760, 28, 1.0, 0), (254, 13, 1.0, 0), (152, 12, 1.0, 0), (253, 14, 1.0, 0), (27, 4, 1.0, 0), (730, 17, 1.0, 0), (337, 14, 1.0, 0), (450, 16, 1.0, 3), (455, 15, 1.0, 0), (770, 21, 1.0, 0), (94, 5, 1.0, 1), (0, 1, 1.0, 0)]
using time: 1392.814766407013