>: [(1854, 1, 0.64761904761904765, 0)]
>: [(1480, 2, 0.74761904761904763, 0)]
>: [(309, 9, 0.82380952380952388, 1)]
>: [(532, 13, 0.87142857142857133, 0)]
>: [(346, 8, 0.89047619047619053, 4)]
>: [(409, 16, 0.90238095238095239, 4)]
=: [(409, 16, 0.90238095238095239, 4), (519, 16, 0.90238095238095239, 4)]
=: [(409, 16, 0.90238095238095239, 4), (519, 16, 0.90238095238095239, 4), (280, 13, 0.90238095238095239, 0)]
>: [(4, 7, 0.91666666666666663, 0)]
>: [(336, 18, 0.91666666666666674, 0)]
>: [(520, 15, 0.91904761904761911, 4)]
>: [(7, 5, 0.93333333333333335, 3)]
using time: 588.0719950199127