>: [(4954, 24, 0.93750000000000022, 4)]
=: [(4954, 24, 0.93750000000000022, 4), (884, 7, 0.93750000000000022, 4)]
>: [(2669, 13, 0.95089285714285732, 4)]
>: [(764, 7, 0.95803571428571443, 3)]
>: [(425, 6, 0.95892857142857157, 0)]
>: [(415, 10, 0.96517857142857155, 0)]
=: [(415, 10, 0.96517857142857155, 0), (398, 11, 0.96517857142857155, 3)]
=: [(415, 10, 0.96517857142857155, 0), (398, 11, 0.96517857142857155, 3), (3112, 18, 0.96517857142857155, 4)]
>: [(119, 13, 0.97142857142857153, 4)]
=: [(119, 13, 0.97142857142857153, 4), (237, 13, 0.97142857142857153, 1)]
=: [(119, 13, 0.97142857142857153, 4), (237, 13, 0.97142857142857153, 1), (1593, 13, 0.97142857142857153, 0)]
=: [(119, 13, 0.97142857142857153, 4), (237, 13, 0.97142857142857153, 1), (1593, 13, 0.97142857142857153, 0), (112, 11, 0.97142857142857153, 4)]
=: [(119, 13, 0.97142857142857153, 4), (237, 13, 0.97142857142857153, 1), (1593, 13, 0.97142857142857153, 0), (112, 11, 0.97142857142857153, 4), (444, 14, 0.97142857142857153, 1)]
=: [(119, 13, 0.97142857142857153, 4), (237, 13, 0.97142857142857153, 1), (1593, 13, 0.97142857142857153, 0), (112, 11, 0.97142857142857153, 4), (444, 14, 0.97142857142857153, 1), (1329, 10, 0.97142857142857153, 0)]
=: [(119, 13, 0.97142857142857153, 4), (237, 13, 0.97142857142857153, 1), (1593, 13, 0.97142857142857153, 0), (112, 11, 0.97142857142857153, 4), (444, 14, 0.97142857142857153, 1), (1329, 10, 0.97142857142857153, 0), (137, 4, 0.97142857142857153, 1)]
=: [(119, 13, 0.97142857142857153, 4), (237, 13, 0.97142857142857153, 1), (1593, 13, 0.97142857142857153, 0), (112, 11, 0.97142857142857153, 4), (444, 14, 0.97142857142857153, 1), (1329, 10, 0.97142857142857153, 0), (137, 4, 0.97142857142857153, 1), (520, 5, 0.97142857142857153, 1)]
=: [(119, 13, 0.97142857142857153, 4), (237, 13, 0.97142857142857153, 1), (1593, 13, 0.97142857142857153, 0), (112, 11, 0.97142857142857153, 4), (444, 14, 0.97142857142857153, 1), (1329, 10, 0.97142857142857153, 0), (137, 4, 0.97142857142857153, 1), (520, 5, 0.97142857142857153, 1), (417, 11, 0.97142857142857153, 4)]
=: [(119, 13, 0.97142857142857153, 4), (237, 13, 0.97142857142857153, 1), (1593, 13, 0.97142857142857153, 0), (112, 11, 0.97142857142857153, 4), (444, 14, 0.97142857142857153, 1), (1329, 10, 0.97142857142857153, 0), (137, 4, 0.97142857142857153, 1), (520, 5, 0.97142857142857153, 1), (417, 11, 0.97142857142857153, 4), (2031, 20, 0.97142857142857153, 0)]
=: [(119, 13, 0.97142857142857153, 4), (237, 13, 0.97142857142857153, 1), (1593, 13, 0.97142857142857153, 0), (112, 11, 0.97142857142857153, 4), (444, 14, 0.97142857142857153, 1), (1329, 10, 0.97142857142857153, 0), (137, 4, 0.97142857142857153, 1), (520, 5, 0.97142857142857153, 1), (417, 11, 0.97142857142857153, 4), (2031, 20, 0.97142857142857153, 0), (755, 18, 0.97142857142857153, 4)]
=: [(119, 13, 0.97142857142857153, 4), (237, 13, 0.97142857142857153, 1), (1593, 13, 0.97142857142857153, 0), (112, 11, 0.97142857142857153, 4), (444, 14, 0.97142857142857153, 1), (1329, 10, 0.97142857142857153, 0), (137, 4, 0.97142857142857153, 1), (520, 5, 0.97142857142857153, 1), (417, 11, 0.97142857142857153, 4), (2031, 20, 0.97142857142857153, 0), (755, 18, 0.97142857142857153, 4), (136, 5, 0.97142857142857153, 1)]
=: [(119, 13, 0.97142857142857153, 4), (237, 13, 0.97142857142857153, 1), (1593, 13, 0.97142857142857153, 0), (112, 11, 0.97142857142857153, 4), (444, 14, 0.97142857142857153, 1), (1329, 10, 0.97142857142857153, 0), (137, 4, 0.97142857142857153, 1), (520, 5, 0.97142857142857153, 1), (417, 11, 0.97142857142857153, 4), (2031, 20, 0.97142857142857153, 0), (755, 18, 0.97142857142857153, 4), (136, 5, 0.97142857142857153, 1), (1591, 15, 0.97142857142857153, 0)]
=: [(119, 13, 0.97142857142857153, 4), (237, 13, 0.97142857142857153, 1), (1593, 13, 0.97142857142857153, 0), (112, 11, 0.97142857142857153, 4), (444, 14, 0.97142857142857153, 1), (1329, 10, 0.97142857142857153, 0), (137, 4, 0.97142857142857153, 1), (520, 5, 0.97142857142857153, 1), (417, 11, 0.97142857142857153, 4), (2031, 20, 0.97142857142857153, 0), (755, 18, 0.97142857142857153, 4), (136, 5, 0.97142857142857153, 1), (1591, 15, 0.97142857142857153, 0), (114, 10, 0.97142857142857153, 4)]
=: [(119, 13, 0.97142857142857153, 4), (237, 13, 0.97142857142857153, 1), (1593, 13, 0.97142857142857153, 0), (112, 11, 0.97142857142857153, 4), (444, 14, 0.97142857142857153, 1), (1329, 10, 0.97142857142857153, 0), (137, 4, 0.97142857142857153, 1), (520, 5, 0.97142857142857153, 1), (417, 11, 0.97142857142857153, 4), (2031, 20, 0.97142857142857153, 0), (755, 18, 0.97142857142857153, 4), (136, 5, 0.97142857142857153, 1), (1591, 15, 0.97142857142857153, 0), (114, 10, 0.97142857142857153, 4), (757, 16, 0.97142857142857153, 4)]
=: [(119, 13, 0.97142857142857153, 4), (237, 13, 0.97142857142857153, 1), (1593, 13, 0.97142857142857153, 0), (112, 11, 0.97142857142857153, 4), (444, 14, 0.97142857142857153, 1), (1329, 10, 0.97142857142857153, 0), (137, 4, 0.97142857142857153, 1), (520, 5, 0.97142857142857153, 1), (417, 11, 0.97142857142857153, 4), (2031, 20, 0.97142857142857153, 0), (755, 18, 0.97142857142857153, 4), (136, 5, 0.97142857142857153, 1), (1591, 15, 0.97142857142857153, 0), (114, 10, 0.97142857142857153, 4), (757, 16, 0.97142857142857153, 4), (211, 5, 0.97142857142857153, 3)]
=: [(119, 13, 0.97142857142857153, 4), (237, 13, 0.97142857142857153, 1), (1593, 13, 0.97142857142857153, 0), (112, 11, 0.97142857142857153, 4), (444, 14, 0.97142857142857153, 1), (1329, 10, 0.97142857142857153, 0), (137, 4, 0.97142857142857153, 1), (520, 5, 0.97142857142857153, 1), (417, 11, 0.97142857142857153, 4), (2031, 20, 0.97142857142857153, 0), (755, 18, 0.97142857142857153, 4), (136, 5, 0.97142857142857153, 1), (1591, 15, 0.97142857142857153, 0), (114, 10, 0.97142857142857153, 4), (757, 16, 0.97142857142857153, 4), (211, 5, 0.97142857142857153, 3), (758, 15, 0.97142857142857153, 4)]
=: [(119, 13, 0.97142857142857153, 4), (237, 13, 0.97142857142857153, 1), (1593, 13, 0.97142857142857153, 0), (112, 11, 0.97142857142857153, 4), (444, 14, 0.97142857142857153, 1), (1329, 10, 0.97142857142857153, 0), (137, 4, 0.97142857142857153, 1), (520, 5, 0.97142857142857153, 1), (417, 11, 0.97142857142857153, 4), (2031, 20, 0.97142857142857153, 0), (755, 18, 0.97142857142857153, 4), (136, 5, 0.97142857142857153, 1), (1591, 15, 0.97142857142857153, 0), (114, 10, 0.97142857142857153, 4), (757, 16, 0.97142857142857153, 4), (211, 5, 0.97142857142857153, 3), (758, 15, 0.97142857142857153, 4), (2256, 12, 0.97142857142857153, 0)]
=: [(119, 13, 0.97142857142857153, 4), (237, 13, 0.97142857142857153, 1), (1593, 13, 0.97142857142857153, 0), (112, 11, 0.97142857142857153, 4), (444, 14, 0.97142857142857153, 1), (1329, 10, 0.97142857142857153, 0), (137, 4, 0.97142857142857153, 1), (520, 5, 0.97142857142857153, 1), (417, 11, 0.97142857142857153, 4), (2031, 20, 0.97142857142857153, 0), (755, 18, 0.97142857142857153, 4), (136, 5, 0.97142857142857153, 1), (1591, 15, 0.97142857142857153, 0), (114, 10, 0.97142857142857153, 4), (757, 16, 0.97142857142857153, 4), (211, 5, 0.97142857142857153, 3), (758, 15, 0.97142857142857153, 4), (2256, 12, 0.97142857142857153, 0), (766, 8, 0.97142857142857153, 3)]
=: [(119, 13, 0.97142857142857153, 4), (237, 13, 0.97142857142857153, 1), (1593, 13, 0.97142857142857153, 0), (112, 11, 0.97142857142857153, 4), (444, 14, 0.97142857142857153, 1), (1329, 10, 0.97142857142857153, 0), (137, 4, 0.97142857142857153, 1), (520, 5, 0.97142857142857153, 1), (417, 11, 0.97142857142857153, 4), (2031, 20, 0.97142857142857153, 0), (755, 18, 0.97142857142857153, 4), (136, 5, 0.97142857142857153, 1), (1591, 15, 0.97142857142857153, 0), (114, 10, 0.97142857142857153, 4), (757, 16, 0.97142857142857153, 4), (211, 5, 0.97142857142857153, 3), (758, 15, 0.97142857142857153, 4), (2256, 12, 0.97142857142857153, 0), (766, 8, 0.97142857142857153, 3), (447, 14, 0.97142857142857153, 1)]
=: [(119, 13, 0.97142857142857153, 4), (237, 13, 0.97142857142857153, 1), (1593, 13, 0.97142857142857153, 0), (112, 11, 0.97142857142857153, 4), (444, 14, 0.97142857142857153, 1), (1329, 10, 0.97142857142857153, 0), (137, 4, 0.97142857142857153, 1), (520, 5, 0.97142857142857153, 1), (417, 11, 0.97142857142857153, 4), (2031, 20, 0.97142857142857153, 0), (755, 18, 0.97142857142857153, 4), (136, 5, 0.97142857142857153, 1), (1591, 15, 0.97142857142857153, 0), (114, 10, 0.97142857142857153, 4), (757, 16, 0.97142857142857153, 4), (211, 5, 0.97142857142857153, 3), (758, 15, 0.97142857142857153, 4), (2256, 12, 0.97142857142857153, 0), (766, 8, 0.97142857142857153, 3), (447, 14, 0.97142857142857153, 1), (2266, 12, 0.97142857142857153, 1)]
=: [(119, 13, 0.97142857142857153, 4), (237, 13, 0.97142857142857153, 1), (1593, 13, 0.97142857142857153, 0), (112, 11, 0.97142857142857153, 4), (444, 14, 0.97142857142857153, 1), (1329, 10, 0.97142857142857153, 0), (137, 4, 0.97142857142857153, 1), (520, 5, 0.97142857142857153, 1), (417, 11, 0.97142857142857153, 4), (2031, 20, 0.97142857142857153, 0), (755, 18, 0.97142857142857153, 4), (136, 5, 0.97142857142857153, 1), (1591, 15, 0.97142857142857153, 0), (114, 10, 0.97142857142857153, 4), (757, 16, 0.97142857142857153, 4), (211, 5, 0.97142857142857153, 3), (758, 15, 0.97142857142857153, 4), (2256, 12, 0.97142857142857153, 0), (766, 8, 0.97142857142857153, 3), (447, 14, 0.97142857142857153, 1), (2266, 12, 0.97142857142857153, 1), (2042, 9, 0.97142857142857153, 0)]
=: [(119, 13, 0.97142857142857153, 4), (237, 13, 0.97142857142857153, 1), (1593, 13, 0.97142857142857153, 0), (112, 11, 0.97142857142857153, 4), (444, 14, 0.97142857142857153, 1), (1329, 10, 0.97142857142857153, 0), (137, 4, 0.97142857142857153, 1), (520, 5, 0.97142857142857153, 1), (417, 11, 0.97142857142857153, 4), (2031, 20, 0.97142857142857153, 0), (755, 18, 0.97142857142857153, 4), (136, 5, 0.97142857142857153, 1), (1591, 15, 0.97142857142857153, 0), (114, 10, 0.97142857142857153, 4), (757, 16, 0.97142857142857153, 4), (211, 5, 0.97142857142857153, 3), (758, 15, 0.97142857142857153, 4), (2256, 12, 0.97142857142857153, 0), (766, 8, 0.97142857142857153, 3), (447, 14, 0.97142857142857153, 1), (2266, 12, 0.97142857142857153, 1), (2042, 9, 0.97142857142857153, 0), (238, 9, 0.97142857142857153, 4)]
=: [(119, 13, 0.97142857142857153, 4), (237, 13, 0.97142857142857153, 1), (1593, 13, 0.97142857142857153, 0), (112, 11, 0.97142857142857153, 4), (444, 14, 0.97142857142857153, 1), (1329, 10, 0.97142857142857153, 0), (137, 4, 0.97142857142857153, 1), (520, 5, 0.97142857142857153, 1), (417, 11, 0.97142857142857153, 4), (2031, 20, 0.97142857142857153, 0), (755, 18, 0.97142857142857153, 4), (136, 5, 0.97142857142857153, 1), (1591, 15, 0.97142857142857153, 0), (114, 10, 0.97142857142857153, 4), (757, 16, 0.97142857142857153, 4), (211, 5, 0.97142857142857153, 3), (758, 15, 0.97142857142857153, 4), (2256, 12, 0.97142857142857153, 0), (766, 8, 0.97142857142857153, 3), (447, 14, 0.97142857142857153, 1), (2266, 12, 0.97142857142857153, 1), (2042, 9, 0.97142857142857153, 0), (238, 9, 0.97142857142857153, 4), (519, 6, 0.97142857142857153, 1)]
=: [(119, 13, 0.97142857142857153, 4), (237, 13, 0.97142857142857153, 1), (1593, 13, 0.97142857142857153, 0), (112, 11, 0.97142857142857153, 4), (444, 14, 0.97142857142857153, 1), (1329, 10, 0.97142857142857153, 0), (137, 4, 0.97142857142857153, 1), (520, 5, 0.97142857142857153, 1), (417, 11, 0.97142857142857153, 4), (2031, 20, 0.97142857142857153, 0), (755, 18, 0.97142857142857153, 4), (136, 5, 0.97142857142857153, 1), (1591, 15, 0.97142857142857153, 0), (114, 10, 0.97142857142857153, 4), (757, 16, 0.97142857142857153, 4), (211, 5, 0.97142857142857153, 3), (758, 15, 0.97142857142857153, 4), (2256, 12, 0.97142857142857153, 0), (766, 8, 0.97142857142857153, 3), (447, 14, 0.97142857142857153, 1), (2266, 12, 0.97142857142857153, 1), (2042, 9, 0.97142857142857153, 0), (238, 9, 0.97142857142857153, 4), (519, 6, 0.97142857142857153, 1), (115, 9, 0.97142857142857153, 4)]
using time: 12532.114642381668