>: [(11842, 1, 0.58818181818181814, 2)]
>: [(12558, 2, 0.58999999999999997, 2)]
>: [(2477, 1, 0.63181818181818195, 2)]
>: [(4257, 3, 0.66545454545454552, 4)]
>: [(1663, 1, 0.67272727272727262, 0)]
>: [(5364, 4, 0.69454545454545447, 1)]
>: [(2775, 6, 0.75181818181818172, 0)]
>: [(442, 8, 0.81363636363636371, 4)]
>: [(212, 9, 0.84272727272727277, 0)]
>: [(2567, 15, 0.86181818181818193, 0)]
>: [(32, 5, 0.90090909090909099, 0)]
>: [(164, 7, 0.90272727272727271, 0)]
>: [(39, 12, 0.9209090909090909, 3)]
>: [(109, 13, 0.93000000000000005, 4)]
=: [(109, 13, 0.93000000000000005, 4), (14, 6, 0.93000000000000005, 3)]
>: [(7, 8, 0.95090909090909093, 3)]
=: [(7, 8, 0.95090909090909093, 3), (6, 6, 0.95090909090909093, 1)]
using time: 3531.9816856384277