>: [(47369, 2, 0.69999999999999996, 1)]
>: [(9909, 3, 0.72499999999999998, 0)]
>: [(6652, 9, 0.77500000000000002, 0)]
>: [(6076, 2, 0.80000000000000004, 2)]
=: [(6076, 2, 0.80000000000000004, 2), (2300, 8, 0.80000000000000004, 4)]
=: [(6076, 2, 0.80000000000000004, 2), (2300, 8, 0.80000000000000004, 4), (1529, 4, 0.80000000000000004, 3)]
=: [(6076, 2, 0.80000000000000004, 2), (2300, 8, 0.80000000000000004, 4), (1529, 4, 0.80000000000000004, 3), (850, 1, 0.80000000000000004, 2)]
>: [(131, 10, 0.875, 4)]
=: [(131, 10, 0.875, 4), (830, 5, 0.875, 3)]
=: [(131, 10, 0.875, 4), (830, 5, 0.875, 3), (212, 8, 0.875, 0)]
=: [(131, 10, 0.875, 4), (830, 5, 0.875, 3), (212, 8, 0.875, 0), (1017, 6, 0.875, 3)]
=: [(131, 10, 0.875, 4), (830, 5, 0.875, 3), (212, 8, 0.875, 0), (1017, 6, 0.875, 3), (159, 7, 0.875, 0)]
>: [(238, 14, 0.90000000000000002, 3)]
>: [(1239, 5, 0.94999999999999996, 2)]
=: [(1239, 5, 0.94999999999999996, 2), (5, 11, 0.94999999999999996, 0)]
=: [(1239, 5, 0.94999999999999996, 2), (5, 11, 0.94999999999999996, 0), (15, 9, 0.94999999999999996, 3)]
=: [(1239, 5, 0.94999999999999996, 2), (5, 11, 0.94999999999999996, 0), (15, 9, 0.94999999999999996, 3), (474, 10, 0.94999999999999996, 0)]
=: [(1239, 5, 0.94999999999999996, 2), (5, 11, 0.94999999999999996, 0), (15, 9, 0.94999999999999996, 3), (474, 10, 0.94999999999999996, 0), (24, 12, 0.94999999999999996, 3)]
=: [(1239, 5, 0.94999999999999996, 2), (5, 11, 0.94999999999999996, 0), (15, 9, 0.94999999999999996, 3), (474, 10, 0.94999999999999996, 0), (24, 12, 0.94999999999999996, 3), (23, 10, 0.94999999999999996, 3)]
=: [(1239, 5, 0.94999999999999996, 2), (5, 11, 0.94999999999999996, 0), (15, 9, 0.94999999999999996, 3), (474, 10, 0.94999999999999996, 0), (24, 12, 0.94999999999999996, 3), (23, 10, 0.94999999999999996, 3), (38, 8, 0.94999999999999996, 0)]
=: [(1239, 5, 0.94999999999999996, 2), (5, 11, 0.94999999999999996, 0), (15, 9, 0.94999999999999996, 3), (474, 10, 0.94999999999999996, 0), (24, 12, 0.94999999999999996, 3), (23, 10, 0.94999999999999996, 3), (38, 8, 0.94999999999999996, 0), (566, 14, 0.94999999999999996, 3)]
=: [(1239, 5, 0.94999999999999996, 2), (5, 11, 0.94999999999999996, 0), (15, 9, 0.94999999999999996, 3), (474, 10, 0.94999999999999996, 0), (24, 12, 0.94999999999999996, 3), (23, 10, 0.94999999999999996, 3), (38, 8, 0.94999999999999996, 0), (566, 14, 0.94999999999999996, 3), (787, 14, 0.94999999999999996, 3)]
=: [(1239, 5, 0.94999999999999996, 2), (5, 11, 0.94999999999999996, 0), (15, 9, 0.94999999999999996, 3), (474, 10, 0.94999999999999996, 0), (24, 12, 0.94999999999999996, 3), (23, 10, 0.94999999999999996, 3), (38, 8, 0.94999999999999996, 0), (566, 14, 0.94999999999999996, 3), (787, 14, 0.94999999999999996, 3), (2, 8, 0.94999999999999996, 0)]
=: [(1239, 5, 0.94999999999999996, 2), (5, 11, 0.94999999999999996, 0), (15, 9, 0.94999999999999996, 3), (474, 10, 0.94999999999999996, 0), (24, 12, 0.94999999999999996, 3), (23, 10, 0.94999999999999996, 3), (38, 8, 0.94999999999999996, 0), (566, 14, 0.94999999999999996, 3), (787, 14, 0.94999999999999996, 3), (2, 8, 0.94999999999999996, 0), (913, 19, 0.94999999999999996, 3)]
>: [(19, 7, 0.97499999999999998, 1)]
=: [(19, 7, 0.97499999999999998, 1), (254, 7, 0.97499999999999998, 4)]
=: [(19, 7, 0.97499999999999998, 1), (254, 7, 0.97499999999999998, 4), (26, 8, 0.97499999999999998, 4)]
=: [(19, 7, 0.97499999999999998, 1), (254, 7, 0.97499999999999998, 4), (26, 8, 0.97499999999999998, 4), (27, 13, 0.97499999999999998, 4)]
>: [(25, 9, 1.0, 4)]
=: [(25, 9, 1.0, 4), (0, 10, 1.0, 3)]
using time: 11761.458063602448