>: [(47369, 1, 0.57414141414141417, 1)]
>: [(44974, 7, 0.61242424242424243, 3)]
>: [(9909, 4, 0.66565656565656572, 4)]
>: [(17028, 3, 0.66848484848484857, 1)]
>: [(6652, 7, 0.69626262626262636, 4)]
>: [(1768, 4, 0.74101010101010101, 4)]
>: [(13095, 1, 0.76030303030303037, 2)]
>: [(6194, 8, 0.76323232323232326, 2)]
>: [(131, 8, 0.76808080808080814, 0)]
>: [(22819, 6, 0.76919191919191932, 1)]
>: [(704, 2, 0.77313131313131322, 3)]
>: [(687, 7, 0.77444444444444449, 4)]
>: [(5, 7, 0.80939393939393933, 0)]
>: [(641, 6, 0.80959595959595965, 3)]
>: [(1660, 19, 0.81444444444444453, 2)]
>: [(8708, 1, 0.82060606060606067, 2)]
using time: 14221.005355119705