>: [(40822, 3, 0.67500000000000004, 3)]
=: [(40822, 3, 0.67500000000000004, 3), (16740, 5, 0.67500000000000004, 1)]
>: [(34736, 1, 0.80000000000000004, 1)]
>: [(859, 11, 0.84999999999999998, 0)]
>: [(116, 2, 0.90000000000000002, 2)]
>: [(43, 5, 0.94999999999999996, 3)]
=: [(43, 5, 0.94999999999999996, 3), (28, 8, 0.94999999999999996, 3)]
=: [(43, 5, 0.94999999999999996, 3), (28, 8, 0.94999999999999996, 3), (126, 4, 0.94999999999999996, 2)]
>: [(782, 18, 0.97499999999999998, 3)]
=: [(782, 18, 0.97499999999999998, 3), (484, 14, 0.97499999999999998, 4)]
>: [(0, 10, 1.0, 3)]
=: [(0, 10, 1.0, 3), (0, 10, 1.0, 3)]
using time: 12064.60313630104