>: [(7585, 1, 0.72277777777777774, 0)]
=: [(7585, 1, 0.72277777777777774, 0), (10046, 1, 0.72277777777777774, 0)]
=: [(7585, 1, 0.72277777777777774, 0), (10046, 1, 0.72277777777777774, 0), (6116, 1, 0.72277777777777774, 0)]
>: [(4376, 4, 0.75027777777777782, 1)]
>: [(105, 9, 0.83138888888888896, 4)]
>: [(707, 10, 0.83888888888888891, 1)]
>: [(86, 16, 0.85388888888888892, 4)]
>: [(286, 11, 0.88527777777777783, 3)]
>: [(52, 9, 0.88749999999999996, 4)]
=: [(52, 9, 0.88749999999999996, 4), (145, 6, 0.88749999999999996, 0)]
>: [(31, 12, 0.93888888888888888, 0)]
>: [(33, 9, 0.94888888888888889, 0)]
>: [(34, 10, 0.94999999999999996, 0)]
using time: 2836.4682326316833