>: [(15171, 9, 0.79047619047619055, 0)]
>: [(12232, 11, 0.80119047619047623, 0)]
>: [(8753, 10, 0.87023809523809526, 0)]
>: [(4539, 10, 0.94285714285714284, 1)]
>: [(210, 9, 0.98452380952380947, 3)]
=: [(210, 9, 0.98452380952380947, 3), (1340, 14, 0.98452380952380947, 1)]
>: [(126, 4, 0.99166666666666659, 3)]
=: [(126, 4, 0.99166666666666659, 3), (270, 10, 0.99166666666666659, 0)]
=: [(126, 4, 0.99166666666666659, 3), (270, 10, 0.99166666666666659, 0), (484, 8, 0.99166666666666659, 3)]
=: [(126, 4, 0.99166666666666659, 3), (270, 10, 0.99166666666666659, 0), (484, 8, 0.99166666666666659, 3), (426, 7, 0.99166666666666659, 4)]
=: [(126, 4, 0.99166666666666659, 3), (270, 10, 0.99166666666666659, 0), (484, 8, 0.99166666666666659, 3), (426, 7, 0.99166666666666659, 4), (507, 8, 0.99166666666666659, 1)]
=: [(126, 4, 0.99166666666666659, 3), (270, 10, 0.99166666666666659, 0), (484, 8, 0.99166666666666659, 3), (426, 7, 0.99166666666666659, 4), (507, 8, 0.99166666666666659, 1), (309, 7, 0.99166666666666659, 3)]
>: [(394, 10, 1.0, 4)]
=: [(394, 10, 1.0, 4), (506, 10, 1.0, 0)]
=: [(394, 10, 1.0, 4), (506, 10, 1.0, 0), (423, 17, 1.0, 0)]
=: [(394, 10, 1.0, 4), (506, 10, 1.0, 0), (423, 17, 1.0, 0), (738, 16, 1.0, 4)]
=: [(394, 10, 1.0, 4), (506, 10, 1.0, 0), (423, 17, 1.0, 0), (738, 16, 1.0, 4), (396, 9, 1.0, 0)]
=: [(394, 10, 1.0, 4), (506, 10, 1.0, 0), (423, 17, 1.0, 0), (738, 16, 1.0, 4), (396, 9, 1.0, 0), (741, 13, 1.0, 3)]
=: [(394, 10, 1.0, 4), (506, 10, 1.0, 0), (423, 17, 1.0, 0), (738, 16, 1.0, 4), (396, 9, 1.0, 0), (741, 13, 1.0, 3), (386, 20, 1.0, 0)]
=: [(394, 10, 1.0, 4), (506, 10, 1.0, 0), (423, 17, 1.0, 0), (738, 16, 1.0, 4), (396, 9, 1.0, 0), (741, 13, 1.0, 3), (386, 20, 1.0, 0), (68, 3, 1.0, 3)]
=: [(394, 10, 1.0, 4), (506, 10, 1.0, 0), (423, 17, 1.0, 0), (738, 16, 1.0, 4), (396, 9, 1.0, 0), (741, 13, 1.0, 3), (386, 20, 1.0, 0), (68, 3, 1.0, 3), (502, 14, 1.0, 0)]
=: [(394, 10, 1.0, 4), (506, 10, 1.0, 0), (423, 17, 1.0, 0), (738, 16, 1.0, 4), (396, 9, 1.0, 0), (741, 13, 1.0, 3), (386, 20, 1.0, 0), (68, 3, 1.0, 3), (502, 14, 1.0, 0), (393, 11, 1.0, 4)]
=: [(394, 10, 1.0, 4), (506, 10, 1.0, 0), (423, 17, 1.0, 0), (738, 16, 1.0, 4), (396, 9, 1.0, 0), (741, 13, 1.0, 3), (386, 20, 1.0, 0), (68, 3, 1.0, 3), (502, 14, 1.0, 0), (393, 11, 1.0, 4), (4218, 18, 1.0, 3)]
=: [(394, 10, 1.0, 4), (506, 10, 1.0, 0), (423, 17, 1.0, 0), (738, 16, 1.0, 4), (396, 9, 1.0, 0), (741, 13, 1.0, 3), (386, 20, 1.0, 0), (68, 3, 1.0, 3), (502, 14, 1.0, 0), (393, 11, 1.0, 4), (4218, 18, 1.0, 3), (740, 14, 1.0, 3)]
=: [(394, 10, 1.0, 4), (506, 10, 1.0, 0), (423, 17, 1.0, 0), (738, 16, 1.0, 4), (396, 9, 1.0, 0), (741, 13, 1.0, 3), (386, 20, 1.0, 0), (68, 3, 1.0, 3), (502, 14, 1.0, 0), (393, 11, 1.0, 4), (4218, 18, 1.0, 3), (740, 14, 1.0, 3), (1230, 14, 1.0, 0)]
=: [(394, 10, 1.0, 4), (506, 10, 1.0, 0), (423, 17, 1.0, 0), (738, 16, 1.0, 4), (396, 9, 1.0, 0), (741, 13, 1.0, 3), (386, 20, 1.0, 0), (68, 3, 1.0, 3), (502, 14, 1.0, 0), (393, 11, 1.0, 4), (4218, 18, 1.0, 3), (740, 14, 1.0, 3), (1230, 14, 1.0, 0), (392, 12, 1.0, 4)]
=: [(394, 10, 1.0, 4), (506, 10, 1.0, 0), (423, 17, 1.0, 0), (738, 16, 1.0, 4), (396, 9, 1.0, 0), (741, 13, 1.0, 3), (386, 20, 1.0, 0), (68, 3, 1.0, 3), (502, 14, 1.0, 0), (393, 11, 1.0, 4), (4218, 18, 1.0, 3), (740, 14, 1.0, 3), (1230, 14, 1.0, 0), (392, 12, 1.0, 4), (492, 20, 1.0, 3)]
=: [(394, 10, 1.0, 4), (506, 10, 1.0, 0), (423, 17, 1.0, 0), (738, 16, 1.0, 4), (396, 9, 1.0, 0), (741, 13, 1.0, 3), (386, 20, 1.0, 0), (68, 3, 1.0, 3), (502, 14, 1.0, 0), (393, 11, 1.0, 4), (4218, 18, 1.0, 3), (740, 14, 1.0, 3), (1230, 14, 1.0, 0), (392, 12, 1.0, 4), (492, 20, 1.0, 3), (4224, 14, 1.0, 3)]
using time: 11958.2945022583