>: [(1896, 3, 0.65773809523809523, 2)]
>: [(2511, 5, 0.65952380952380962, 1)]
>: [(1529, 14, 0.77976190476190477, 2)]
>: [(567, 10, 0.90654761904761894, 4)]
>: [(26, 5, 0.96071428571428574, 4)]
=: [(26, 5, 0.96071428571428574, 4), (210, 17, 0.96071428571428574, 0)]
>: [(259, 19, 0.97321428571428581, 4)]
>: [(176, 10, 0.98750000000000004, 4)]
>: [(33, 9, 1.0, 3)]
=: [(33, 9, 1.0, 3), (117, 19, 1.0, 4)]
=: [(33, 9, 1.0, 3), (117, 19, 1.0, 4), (119, 17, 1.0, 4)]
=: [(33, 9, 1.0, 3), (117, 19, 1.0, 4), (119, 17, 1.0, 4), (122, 16, 1.0, 4)]
=: [(33, 9, 1.0, 3), (117, 19, 1.0, 4), (119, 17, 1.0, 4), (122, 16, 1.0, 4), (32, 9, 1.0, 3)]
=: [(33, 9, 1.0, 3), (117, 19, 1.0, 4), (119, 17, 1.0, 4), (122, 16, 1.0, 4), (32, 9, 1.0, 3), (5, 7, 1.0, 3)]
=: [(33, 9, 1.0, 3), (117, 19, 1.0, 4), (119, 17, 1.0, 4), (122, 16, 1.0, 4), (32, 9, 1.0, 3), (5, 7, 1.0, 3), (28, 12, 1.0, 4)]
=: [(33, 9, 1.0, 3), (117, 19, 1.0, 4), (119, 17, 1.0, 4), (122, 16, 1.0, 4), (32, 9, 1.0, 3), (5, 7, 1.0, 3), (28, 12, 1.0, 4), (4, 6, 1.0, 0)]
=: [(33, 9, 1.0, 3), (117, 19, 1.0, 4), (119, 17, 1.0, 4), (122, 16, 1.0, 4), (32, 9, 1.0, 3), (5, 7, 1.0, 3), (28, 12, 1.0, 4), (4, 6, 1.0, 0), (30, 12, 1.0, 4)]
using time: 954.7337338924408