>: [(1933, 2, 0.76369047619047614, 3)]
>: [(2484, 7, 0.82321428571428579, 1)]
>: [(845, 8, 0.86071428571428577, 1)]
>: [(544, 8, 0.91249999999999998, 4)]
>: [(162, 12, 0.98750000000000004, 3)]
=: [(162, 12, 0.98750000000000004, 3), (364, 24, 0.98750000000000004, 4)]
=: [(162, 12, 0.98750000000000004, 3), (364, 24, 0.98750000000000004, 4), (125, 11, 0.98750000000000004, 3)]
=: [(162, 12, 0.98750000000000004, 3), (364, 24, 0.98750000000000004, 4), (125, 11, 0.98750000000000004, 3), (37, 8, 0.98750000000000004, 0)]
=: [(162, 12, 0.98750000000000004, 3), (364, 24, 0.98750000000000004, 4), (125, 11, 0.98750000000000004, 3), (37, 8, 0.98750000000000004, 0), (101, 13, 0.98750000000000004, 1)]
=: [(162, 12, 0.98750000000000004, 3), (364, 24, 0.98750000000000004, 4), (125, 11, 0.98750000000000004, 3), (37, 8, 0.98750000000000004, 0), (101, 13, 0.98750000000000004, 1), (93, 10, 0.98750000000000004, 1)]
=: [(162, 12, 0.98750000000000004, 3), (364, 24, 0.98750000000000004, 4), (125, 11, 0.98750000000000004, 3), (37, 8, 0.98750000000000004, 0), (101, 13, 0.98750000000000004, 1), (93, 10, 0.98750000000000004, 1), (365, 23, 0.98750000000000004, 4)]
=: [(162, 12, 0.98750000000000004, 3), (364, 24, 0.98750000000000004, 4), (125, 11, 0.98750000000000004, 3), (37, 8, 0.98750000000000004, 0), (101, 13, 0.98750000000000004, 1), (93, 10, 0.98750000000000004, 1), (365, 23, 0.98750000000000004, 4), (128, 11, 0.98750000000000004, 1)]
=: [(162, 12, 0.98750000000000004, 3), (364, 24, 0.98750000000000004, 4), (125, 11, 0.98750000000000004, 3), (37, 8, 0.98750000000000004, 0), (101, 13, 0.98750000000000004, 1), (93, 10, 0.98750000000000004, 1), (365, 23, 0.98750000000000004, 4), (128, 11, 0.98750000000000004, 1), (95, 10, 0.98750000000000004, 1)]
=: [(162, 12, 0.98750000000000004, 3), (364, 24, 0.98750000000000004, 4), (125, 11, 0.98750000000000004, 3), (37, 8, 0.98750000000000004, 0), (101, 13, 0.98750000000000004, 1), (93, 10, 0.98750000000000004, 1), (365, 23, 0.98750000000000004, 4), (128, 11, 0.98750000000000004, 1), (95, 10, 0.98750000000000004, 1), (206, 7, 0.98750000000000004, 3)]
using time: 1882.3722085952759