>: [(966, 7, 0.7678571428571429, 2)]
>: [(422, 4, 0.86488095238095242, 4)]
>: [(369, 4, 0.88333333333333319, 3)]
>: [(272, 11, 0.89404761904761898, 0)]
>: [(81, 9, 0.97083333333333344, 4)]
=: [(81, 9, 0.97083333333333344, 4), (241, 15, 0.97083333333333344, 3)]
=: [(81, 9, 0.97083333333333344, 4), (241, 15, 0.97083333333333344, 3), (105, 8, 0.97083333333333344, 1)]
>: [(177, 11, 0.97499999999999998, 3)]
=: [(177, 11, 0.97499999999999998, 3), (332, 15, 0.97499999999999998, 0)]
=: [(177, 11, 0.97499999999999998, 3), (332, 15, 0.97499999999999998, 0), (252, 10, 0.97499999999999998, 1)]
=: [(177, 11, 0.97499999999999998, 3), (332, 15, 0.97499999999999998, 0), (252, 10, 0.97499999999999998, 1), (175, 13, 0.97499999999999998, 3)]
=: [(177, 11, 0.97499999999999998, 3), (332, 15, 0.97499999999999998, 0), (252, 10, 0.97499999999999998, 1), (175, 13, 0.97499999999999998, 3), (74, 8, 0.97499999999999998, 4)]
=: [(177, 11, 0.97499999999999998, 3), (332, 15, 0.97499999999999998, 0), (252, 10, 0.97499999999999998, 1), (175, 13, 0.97499999999999998, 3), (74, 8, 0.97499999999999998, 4), (183, 6, 0.97499999999999998, 0)]
=: [(177, 11, 0.97499999999999998, 3), (332, 15, 0.97499999999999998, 0), (252, 10, 0.97499999999999998, 1), (175, 13, 0.97499999999999998, 3), (74, 8, 0.97499999999999998, 4), (183, 6, 0.97499999999999998, 0), (254, 8, 0.97499999999999998, 4)]
=: [(177, 11, 0.97499999999999998, 3), (332, 15, 0.97499999999999998, 0), (252, 10, 0.97499999999999998, 1), (175, 13, 0.97499999999999998, 3), (74, 8, 0.97499999999999998, 4), (183, 6, 0.97499999999999998, 0), (254, 8, 0.97499999999999998, 4), (145, 14, 0.97499999999999998, 0)]
>: [(165, 19, 0.98750000000000004, 3)]
=: [(165, 19, 0.98750000000000004, 3), (182, 15, 0.98750000000000004, 1)]
=: [(165, 19, 0.98750000000000004, 3), (182, 15, 0.98750000000000004, 1), (13, 9, 0.98750000000000004, 0)]
=: [(165, 19, 0.98750000000000004, 3), (182, 15, 0.98750000000000004, 1), (13, 9, 0.98750000000000004, 0), (140, 9, 0.98750000000000004, 1)]
=: [(165, 19, 0.98750000000000004, 3), (182, 15, 0.98750000000000004, 1), (13, 9, 0.98750000000000004, 0), (140, 9, 0.98750000000000004, 1), (326, 26, 0.98750000000000004, 1)]
>: [(6, 7, 1.0, 3)]
=: [(6, 7, 1.0, 3), (32, 9, 1.0, 3)]
=: [(6, 7, 1.0, 3), (32, 9, 1.0, 3), (196, 14, 1.0, 4)]
=: [(6, 7, 1.0, 3), (32, 9, 1.0, 3), (196, 14, 1.0, 4), (5, 7, 1.0, 3)]
=: [(6, 7, 1.0, 3), (32, 9, 1.0, 3), (196, 14, 1.0, 4), (5, 7, 1.0, 3), (197, 13, 1.0, 4)]
=: [(6, 7, 1.0, 3), (32, 9, 1.0, 3), (196, 14, 1.0, 4), (5, 7, 1.0, 3), (197, 13, 1.0, 4), (4, 6, 1.0, 0)]
=: [(6, 7, 1.0, 3), (32, 9, 1.0, 3), (196, 14, 1.0, 4), (5, 7, 1.0, 3), (197, 13, 1.0, 4), (4, 6, 1.0, 0), (28, 12, 1.0, 4)]
=: [(6, 7, 1.0, 3), (32, 9, 1.0, 3), (196, 14, 1.0, 4), (5, 7, 1.0, 3), (197, 13, 1.0, 4), (4, 6, 1.0, 0), (28, 12, 1.0, 4), (117, 19, 1.0, 4)]
using time: 936.2707145214081