>: [(966, 2, 0.65999999999999992, 4)]
>: [(1242, 9, 0.74166666666666659, 0)]
>: [(422, 10, 0.81833333333333336, 4)]
>: [(634, 13, 0.88000000000000012, 4)]
>: [(81, 14, 0.97499999999999998, 3)]
=: [(81, 14, 0.97499999999999998, 3), (105, 12, 0.97499999999999998, 3)]
=: [(81, 14, 0.97499999999999998, 3), (105, 12, 0.97499999999999998, 3), (175, 12, 0.97499999999999998, 4)]
>: [(38, 8, 1.0, 4)]
=: [(38, 8, 1.0, 4), (210, 14, 1.0, 4)]
=: [(38, 8, 1.0, 4), (210, 14, 1.0, 4), (53, 16, 1.0, 3)]
=: [(38, 8, 1.0, 4), (210, 14, 1.0, 4), (53, 16, 1.0, 3), (35, 11, 1.0, 0)]
=: [(38, 8, 1.0, 4), (210, 14, 1.0, 4), (53, 16, 1.0, 3), (35, 11, 1.0, 0), (3, 6, 1.0, 0)]
=: [(38, 8, 1.0, 4), (210, 14, 1.0, 4), (53, 16, 1.0, 3), (35, 11, 1.0, 0), (3, 6, 1.0, 0), (458, 28, 1.0, 3)]
=: [(38, 8, 1.0, 4), (210, 14, 1.0, 4), (53, 16, 1.0, 3), (35, 11, 1.0, 0), (3, 6, 1.0, 0), (458, 28, 1.0, 3), (2, 7, 1.0, 0)]
=: [(38, 8, 1.0, 4), (210, 14, 1.0, 4), (53, 16, 1.0, 3), (35, 11, 1.0, 0), (3, 6, 1.0, 0), (458, 28, 1.0, 3), (2, 7, 1.0, 0), (48, 10, 1.0, 3)]
=: [(38, 8, 1.0, 4), (210, 14, 1.0, 4), (53, 16, 1.0, 3), (35, 11, 1.0, 0), (3, 6, 1.0, 0), (458, 28, 1.0, 3), (2, 7, 1.0, 0), (48, 10, 1.0, 3), (207, 16, 1.0, 0)]
=: [(38, 8, 1.0, 4), (210, 14, 1.0, 4), (53, 16, 1.0, 3), (35, 11, 1.0, 0), (3, 6, 1.0, 0), (458, 28, 1.0, 3), (2, 7, 1.0, 0), (48, 10, 1.0, 3), (207, 16, 1.0, 0), (37, 9, 1.0, 0)]
=: [(38, 8, 1.0, 4), (210, 14, 1.0, 4), (53, 16, 1.0, 3), (35, 11, 1.0, 0), (3, 6, 1.0, 0), (458, 28, 1.0, 3), (2, 7, 1.0, 0), (48, 10, 1.0, 3), (207, 16, 1.0, 0), (37, 9, 1.0, 0), (4, 5, 1.0, 0)]
=: [(38, 8, 1.0, 4), (210, 14, 1.0, 4), (53, 16, 1.0, 3), (35, 11, 1.0, 0), (3, 6, 1.0, 0), (458, 28, 1.0, 3), (2, 7, 1.0, 0), (48, 10, 1.0, 3), (207, 16, 1.0, 0), (37, 9, 1.0, 0), (4, 5, 1.0, 0), (84, 13, 1.0, 1)]
=: [(38, 8, 1.0, 4), (210, 14, 1.0, 4), (53, 16, 1.0, 3), (35, 11, 1.0, 0), (3, 6, 1.0, 0), (458, 28, 1.0, 3), (2, 7, 1.0, 0), (48, 10, 1.0, 3), (207, 16, 1.0, 0), (37, 9, 1.0, 0), (4, 5, 1.0, 0), (84, 13, 1.0, 1), (0, 9, 1.0, 4)]
using time: 1121.014966249466