>: [(928, 2, 0.71250000000000002, 2)]
>: [(1517, 8, 0.7589285714285714, 0)]
>: [(517, 20, 0.92321428571428577, 4)]
>: [(179, 9, 0.97321428571428581, 3)]
>: [(124, 15, 0.98750000000000004, 4)]
=: [(124, 15, 0.98750000000000004, 4), (258, 20, 0.98750000000000004, 3)]
=: [(124, 15, 0.98750000000000004, 4), (258, 20, 0.98750000000000004, 3), (292, 26, 0.98750000000000004, 4)]
=: [(124, 15, 0.98750000000000004, 4), (258, 20, 0.98750000000000004, 3), (292, 26, 0.98750000000000004, 4), (54, 13, 0.98750000000000004, 0)]
=: [(124, 15, 0.98750000000000004, 4), (258, 20, 0.98750000000000004, 3), (292, 26, 0.98750000000000004, 4), (54, 13, 0.98750000000000004, 0), (286, 28, 0.98750000000000004, 4)]
=: [(124, 15, 0.98750000000000004, 4), (258, 20, 0.98750000000000004, 3), (292, 26, 0.98750000000000004, 4), (54, 13, 0.98750000000000004, 0), (286, 28, 0.98750000000000004, 4), (69, 10, 0.98750000000000004, 0)]
=: [(124, 15, 0.98750000000000004, 4), (258, 20, 0.98750000000000004, 3), (292, 26, 0.98750000000000004, 4), (54, 13, 0.98750000000000004, 0), (286, 28, 0.98750000000000004, 4), (69, 10, 0.98750000000000004, 0), (12, 10, 0.98750000000000004, 0)]
=: [(124, 15, 0.98750000000000004, 4), (258, 20, 0.98750000000000004, 3), (292, 26, 0.98750000000000004, 4), (54, 13, 0.98750000000000004, 0), (286, 28, 0.98750000000000004, 4), (69, 10, 0.98750000000000004, 0), (12, 10, 0.98750000000000004, 0), (27, 14, 0.98750000000000004, 3)]
=: [(124, 15, 0.98750000000000004, 4), (258, 20, 0.98750000000000004, 3), (292, 26, 0.98750000000000004, 4), (54, 13, 0.98750000000000004, 0), (286, 28, 0.98750000000000004, 4), (69, 10, 0.98750000000000004, 0), (12, 10, 0.98750000000000004, 0), (27, 14, 0.98750000000000004, 3), (326, 26, 0.98750000000000004, 1)]
=: [(124, 15, 0.98750000000000004, 4), (258, 20, 0.98750000000000004, 3), (292, 26, 0.98750000000000004, 4), (54, 13, 0.98750000000000004, 0), (286, 28, 0.98750000000000004, 4), (69, 10, 0.98750000000000004, 0), (12, 10, 0.98750000000000004, 0), (27, 14, 0.98750000000000004, 3), (326, 26, 0.98750000000000004, 1), (335, 18, 0.98750000000000004, 0)]
=: [(124, 15, 0.98750000000000004, 4), (258, 20, 0.98750000000000004, 3), (292, 26, 0.98750000000000004, 4), (54, 13, 0.98750000000000004, 0), (286, 28, 0.98750000000000004, 4), (69, 10, 0.98750000000000004, 0), (12, 10, 0.98750000000000004, 0), (27, 14, 0.98750000000000004, 3), (326, 26, 0.98750000000000004, 1), (335, 18, 0.98750000000000004, 0), (234, 16, 0.98750000000000004, 4)]
=: [(124, 15, 0.98750000000000004, 4), (258, 20, 0.98750000000000004, 3), (292, 26, 0.98750000000000004, 4), (54, 13, 0.98750000000000004, 0), (286, 28, 0.98750000000000004, 4), (69, 10, 0.98750000000000004, 0), (12, 10, 0.98750000000000004, 0), (27, 14, 0.98750000000000004, 3), (326, 26, 0.98750000000000004, 1), (335, 18, 0.98750000000000004, 0), (234, 16, 0.98750000000000004, 4), (1, 2, 0.98750000000000004, 3)]
=: [(124, 15, 0.98750000000000004, 4), (258, 20, 0.98750000000000004, 3), (292, 26, 0.98750000000000004, 4), (54, 13, 0.98750000000000004, 0), (286, 28, 0.98750000000000004, 4), (69, 10, 0.98750000000000004, 0), (12, 10, 0.98750000000000004, 0), (27, 14, 0.98750000000000004, 3), (326, 26, 0.98750000000000004, 1), (335, 18, 0.98750000000000004, 0), (234, 16, 0.98750000000000004, 4), (1, 2, 0.98750000000000004, 3), (66, 6, 0.98750000000000004, 4)]
=: [(124, 15, 0.98750000000000004, 4), (258, 20, 0.98750000000000004, 3), (292, 26, 0.98750000000000004, 4), (54, 13, 0.98750000000000004, 0), (286, 28, 0.98750000000000004, 4), (69, 10, 0.98750000000000004, 0), (12, 10, 0.98750000000000004, 0), (27, 14, 0.98750000000000004, 3), (326, 26, 0.98750000000000004, 1), (335, 18, 0.98750000000000004, 0), (234, 16, 0.98750000000000004, 4), (1, 2, 0.98750000000000004, 3), (66, 6, 0.98750000000000004, 4), (223, 24, 0.98750000000000004, 0)]
=: [(124, 15, 0.98750000000000004, 4), (258, 20, 0.98750000000000004, 3), (292, 26, 0.98750000000000004, 4), (54, 13, 0.98750000000000004, 0), (286, 28, 0.98750000000000004, 4), (69, 10, 0.98750000000000004, 0), (12, 10, 0.98750000000000004, 0), (27, 14, 0.98750000000000004, 3), (326, 26, 0.98750000000000004, 1), (335, 18, 0.98750000000000004, 0), (234, 16, 0.98750000000000004, 4), (1, 2, 0.98750000000000004, 3), (66, 6, 0.98750000000000004, 4), (223, 24, 0.98750000000000004, 0), (245, 12, 0.98750000000000004, 3)]
=: [(124, 15, 0.98750000000000004, 4), (258, 20, 0.98750000000000004, 3), (292, 26, 0.98750000000000004, 4), (54, 13, 0.98750000000000004, 0), (286, 28, 0.98750000000000004, 4), (69, 10, 0.98750000000000004, 0), (12, 10, 0.98750000000000004, 0), (27, 14, 0.98750000000000004, 3), (326, 26, 0.98750000000000004, 1), (335, 18, 0.98750000000000004, 0), (234, 16, 0.98750000000000004, 4), (1, 2, 0.98750000000000004, 3), (66, 6, 0.98750000000000004, 4), (223, 24, 0.98750000000000004, 0), (245, 12, 0.98750000000000004, 3), (236, 16, 0.98750000000000004, 4)]
>: [(4, 6, 1.0, 0)]
=: [(4, 6, 1.0, 0), (32, 9, 1.0, 3)]
=: [(4, 6, 1.0, 0), (32, 9, 1.0, 3), (31, 10, 1.0, 3)]
using time: 948.6947083473206