ALL1 = [1,1,1,1,1]
ALL2 = [0.795,0.795,0.795,0.799,0.799]
ALL3 = [0.856,0.856,0.856,0.883,0.883]
ALL4 = [0.906,0.930,0.939,0.939,0.939]


ALL1 = [1,1,1,1,1]
ALL2 = [0.795,0.795,0.795,0.799,0.799]
ALL3 = [0.856,0.863,0.863,0.883,0.883]
ALL4 = [0.906,0.930,0.939,0.939,0.939]


ALL1 = [1,1,1,1,1]
ALL2 = [0.795,0.795,0.796,0.816,0.799]
ALL3 = [0.856,0.863,0.863,0.883,0.883]
ALL4 = [0.906,0.930,0.939,0.939,0.939]


ALL1 = [1,1,1,1,1]
ALL2 = [0.795,0.795,0.818,0.806,0.818]
ALL3 = [0.856,0.863,0.863,0.883,0.883]
ALL4 = [0.906,0.930,0.939,0.939,0.939]


ALL1 = [1,1,1,1,1]
ALL2 = [0.795,0.795,0.809,0.806,0.806]
ALL3 = [0.856,0.863,0.863,0.883,0.883]
ALL4 = [0.910,0.930,0.939,0.949,0.949]


