>: [(2773, 1, 0.65535714285714286, 0)]
>: [(177, 11, 0.97499999999999998, 3)]
>: [(28, 12, 1.0, 4)]
=: [(28, 12, 1.0, 4), (8, 8, 1.0, 4)]
=: [(28, 12, 1.0, 4), (8, 8, 1.0, 4), (256, 19, 1.0, 4)]
=: [(28, 12, 1.0, 4), (8, 8, 1.0, 4), (256, 19, 1.0, 4), (6, 7, 1.0, 3)]
=: [(28, 12, 1.0, 4), (8, 8, 1.0, 4), (256, 19, 1.0, 4), (6, 7, 1.0, 3), (30, 12, 1.0, 4)]
=: [(28, 12, 1.0, 4), (8, 8, 1.0, 4), (256, 19, 1.0, 4), (6, 7, 1.0, 3), (30, 12, 1.0, 4), (32, 9, 1.0, 3)]
=: [(28, 12, 1.0, 4), (8, 8, 1.0, 4), (256, 19, 1.0, 4), (6, 7, 1.0, 3), (30, 12, 1.0, 4), (32, 9, 1.0, 3), (33, 9, 1.0, 3)]
=: [(28, 12, 1.0, 4), (8, 8, 1.0, 4), (256, 19, 1.0, 4), (6, 7, 1.0, 3), (30, 12, 1.0, 4), (32, 9, 1.0, 3), (33, 9, 1.0, 3), (4, 6, 1.0, 0)]
=: [(28, 12, 1.0, 4), (8, 8, 1.0, 4), (256, 19, 1.0, 4), (6, 7, 1.0, 3), (30, 12, 1.0, 4), (32, 9, 1.0, 3), (33, 9, 1.0, 3), (4, 6, 1.0, 0), (117, 19, 1.0, 4)]
using time: 936.9928498268127