>: [(5923, 1, 0.6515151515151516, 0)]
=: [(5923, 1, 0.6515151515151516, 0), (7687, 1, 0.6515151515151516, 0)]
=: [(5923, 1, 0.6515151515151516, 0), (7687, 1, 0.6515151515151516, 0), (7872, 1, 0.6515151515151516, 0)]
=: [(5923, 1, 0.6515151515151516, 0), (7687, 1, 0.6515151515151516, 0), (7872, 1, 0.6515151515151516, 0), (4668, 1, 0.6515151515151516, 0)]
=: [(5923, 1, 0.6515151515151516, 0), (7687, 1, 0.6515151515151516, 0), (7872, 1, 0.6515151515151516, 0), (4668, 1, 0.6515151515151516, 0), (6831, 1, 0.6515151515151516, 0)]
>: [(3713, 4, 0.65656565656565657, 1)]
>: [(95, 3, 0.69898989898989905, 1)]
>: [(165, 4, 0.72727272727272718, 3)]
>: [(363, 18, 0.73131313131313136, 3)]
>: [(333, 12, 0.77979797979797971, 2)]
>: [(17, 12, 0.78787878787878796, 3)]
>: [(232, 12, 0.79191919191919191, 1)]
>: [(14, 15, 0.79696969696969699, 3)]
>: [(327, 18, 0.79797979797979801, 2)]
using time: 2639.4223277568817