>: [(5923, 1, 0.72277777777777774, 0)]
=: [(5923, 1, 0.72277777777777774, 0), (7687, 1, 0.72277777777777774, 0)]
=: [(5923, 1, 0.72277777777777774, 0), (7687, 1, 0.72277777777777774, 0), (7872, 1, 0.72277777777777774, 0)]
>: [(4668, 4, 0.73527777777777781, 4)]
>: [(95, 5, 0.83138888888888896, 0)]
>: [(165, 6, 0.85138888888888897, 1)]
>: [(363, 11, 0.86138888888888887, 3)]
>: [(214, 8, 0.86388888888888893, 1)]
>: [(229, 10, 0.86527777777777781, 0)]
>: [(182, 16, 0.88388888888888884, 4)]
>: [(3, 7, 0.93000000000000005, 3)]
=: [(3, 7, 0.93000000000000005, 3), (0, 5, 0.93000000000000005, 0)]
=: [(3, 7, 0.93000000000000005, 3), (0, 5, 0.93000000000000005, 0), (4, 7, 0.93000000000000005, 3)]
>: [(31, 12, 0.93888888888888888, 0)]
using time: 2785.5058295726776