>: [(740, 3, 0.70952380952380945, 0)]
>: [(960, 4, 0.72619047619047605, 4)]
>: [(583, 6, 0.81190476190476202, 4)]
>: [(464, 12, 0.82619047619047625, 1)]
>: [(11, 7, 0.90238095238095239, 3)]
=: [(11, 7, 0.90238095238095239, 3), (45, 15, 0.90238095238095239, 3)]
=: [(11, 7, 0.90238095238095239, 3), (45, 15, 0.90238095238095239, 3), (519, 16, 0.90238095238095239, 4)]
>: [(90, 20, 0.91666666666666663, 0)]
>: [(336, 18, 0.91666666666666674, 0)]
>: [(268, 17, 0.91904761904761911, 3)]
>: [(273, 12, 0.93333333333333335, 0)]
=: [(273, 12, 0.93333333333333335, 0), (40, 3, 0.93333333333333335, 0)]
=: [(273, 12, 0.93333333333333335, 0), (40, 3, 0.93333333333333335, 0), (7, 5, 0.93333333333333335, 3)]
using time: 583.7895596027374