>: [(3500, 5, 0.86190476190476184, 3)]
>: [(8091, 23, 0.93571428571428561, 4)]
>: [(2379, 6, 0.95119047619047625, 0)]
>: [(347, 15, 0.99166666666666659, 4)]
=: [(347, 15, 0.99166666666666659, 4), (11, 3, 0.99166666666666659, 4)]
=: [(347, 15, 0.99166666666666659, 4), (11, 3, 0.99166666666666659, 4), (58, 7, 0.99166666666666659, 4)]
=: [(347, 15, 0.99166666666666659, 4), (11, 3, 0.99166666666666659, 4), (58, 7, 0.99166666666666659, 4), (1033, 6, 0.99166666666666659, 0)]
=: [(347, 15, 0.99166666666666659, 4), (11, 3, 0.99166666666666659, 4), (58, 7, 0.99166666666666659, 4), (1033, 6, 0.99166666666666659, 0), (1787, 13, 0.99166666666666659, 4)]
=: [(347, 15, 0.99166666666666659, 4), (11, 3, 0.99166666666666659, 4), (58, 7, 0.99166666666666659, 4), (1033, 6, 0.99166666666666659, 0), (1787, 13, 0.99166666666666659, 4), (652, 15, 0.99166666666666659, 0)]
>: [(18, 5, 0.99285714285714288, 4)]
>: [(740, 14, 1.0, 3)]
=: [(740, 14, 1.0, 3), (398, 8, 1.0, 0)]
=: [(740, 14, 1.0, 3), (398, 8, 1.0, 0), (739, 15, 1.0, 4)]
=: [(740, 14, 1.0, 3), (398, 8, 1.0, 0), (739, 15, 1.0, 4), (400, 7, 1.0, 0)]
=: [(740, 14, 1.0, 3), (398, 8, 1.0, 0), (739, 15, 1.0, 4), (400, 7, 1.0, 0), (384, 22, 1.0, 1)]
=: [(740, 14, 1.0, 3), (398, 8, 1.0, 0), (739, 15, 1.0, 4), (400, 7, 1.0, 0), (384, 22, 1.0, 1), (506, 10, 1.0, 0)]
=: [(740, 14, 1.0, 3), (398, 8, 1.0, 0), (739, 15, 1.0, 4), (400, 7, 1.0, 0), (384, 22, 1.0, 1), (506, 10, 1.0, 0), (653, 10, 1.0, 3)]
=: [(740, 14, 1.0, 3), (398, 8, 1.0, 0), (739, 15, 1.0, 4), (400, 7, 1.0, 0), (384, 22, 1.0, 1), (506, 10, 1.0, 0), (653, 10, 1.0, 3), (510, 9, 1.0, 3)]
=: [(740, 14, 1.0, 3), (398, 8, 1.0, 0), (739, 15, 1.0, 4), (400, 7, 1.0, 0), (384, 22, 1.0, 1), (506, 10, 1.0, 0), (653, 10, 1.0, 3), (510, 9, 1.0, 3), (392, 12, 1.0, 4)]
=: [(740, 14, 1.0, 3), (398, 8, 1.0, 0), (739, 15, 1.0, 4), (400, 7, 1.0, 0), (384, 22, 1.0, 1), (506, 10, 1.0, 0), (653, 10, 1.0, 3), (510, 9, 1.0, 3), (392, 12, 1.0, 4), (741, 13, 1.0, 3)]
=: [(740, 14, 1.0, 3), (398, 8, 1.0, 0), (739, 15, 1.0, 4), (400, 7, 1.0, 0), (384, 22, 1.0, 1), (506, 10, 1.0, 0), (653, 10, 1.0, 3), (510, 9, 1.0, 3), (392, 12, 1.0, 4), (741, 13, 1.0, 3), (425, 11, 1.0, 1)]
=: [(740, 14, 1.0, 3), (398, 8, 1.0, 0), (739, 15, 1.0, 4), (400, 7, 1.0, 0), (384, 22, 1.0, 1), (506, 10, 1.0, 0), (653, 10, 1.0, 3), (510, 9, 1.0, 3), (392, 12, 1.0, 4), (741, 13, 1.0, 3), (425, 11, 1.0, 1), (810, 4, 1.0, 0)]
=: [(740, 14, 1.0, 3), (398, 8, 1.0, 0), (739, 15, 1.0, 4), (400, 7, 1.0, 0), (384, 22, 1.0, 1), (506, 10, 1.0, 0), (653, 10, 1.0, 3), (510, 9, 1.0, 3), (392, 12, 1.0, 4), (741, 13, 1.0, 3), (425, 11, 1.0, 1), (810, 4, 1.0, 0), (386, 20, 1.0, 0)]
=: [(740, 14, 1.0, 3), (398, 8, 1.0, 0), (739, 15, 1.0, 4), (400, 7, 1.0, 0), (384, 22, 1.0, 1), (506, 10, 1.0, 0), (653, 10, 1.0, 3), (510, 9, 1.0, 3), (392, 12, 1.0, 4), (741, 13, 1.0, 3), (425, 11, 1.0, 1), (810, 4, 1.0, 0), (386, 20, 1.0, 0), (395, 9, 1.0, 4)]
=: [(740, 14, 1.0, 3), (398, 8, 1.0, 0), (739, 15, 1.0, 4), (400, 7, 1.0, 0), (384, 22, 1.0, 1), (506, 10, 1.0, 0), (653, 10, 1.0, 3), (510, 9, 1.0, 3), (392, 12, 1.0, 4), (741, 13, 1.0, 3), (425, 11, 1.0, 1), (810, 4, 1.0, 0), (386, 20, 1.0, 0), (395, 9, 1.0, 4), (394, 10, 1.0, 4)]
=: [(740, 14, 1.0, 3), (398, 8, 1.0, 0), (739, 15, 1.0, 4), (400, 7, 1.0, 0), (384, 22, 1.0, 1), (506, 10, 1.0, 0), (653, 10, 1.0, 3), (510, 9, 1.0, 3), (392, 12, 1.0, 4), (741, 13, 1.0, 3), (425, 11, 1.0, 1), (810, 4, 1.0, 0), (386, 20, 1.0, 0), (395, 9, 1.0, 4), (394, 10, 1.0, 4), (396, 9, 1.0, 0)]
=: [(740, 14, 1.0, 3), (398, 8, 1.0, 0), (739, 15, 1.0, 4), (400, 7, 1.0, 0), (384, 22, 1.0, 1), (506, 10, 1.0, 0), (653, 10, 1.0, 3), (510, 9, 1.0, 3), (392, 12, 1.0, 4), (741, 13, 1.0, 3), (425, 11, 1.0, 1), (810, 4, 1.0, 0), (386, 20, 1.0, 0), (395, 9, 1.0, 4), (394, 10, 1.0, 4), (396, 9, 1.0, 0), (505, 11, 1.0, 0)]
=: [(740, 14, 1.0, 3), (398, 8, 1.0, 0), (739, 15, 1.0, 4), (400, 7, 1.0, 0), (384, 22, 1.0, 1), (506, 10, 1.0, 0), (653, 10, 1.0, 3), (510, 9, 1.0, 3), (392, 12, 1.0, 4), (741, 13, 1.0, 3), (425, 11, 1.0, 1), (810, 4, 1.0, 0), (386, 20, 1.0, 0), (395, 9, 1.0, 4), (394, 10, 1.0, 4), (396, 9, 1.0, 0), (505, 11, 1.0, 0), (17, 3, 1.0, 4)]
=: [(740, 14, 1.0, 3), (398, 8, 1.0, 0), (739, 15, 1.0, 4), (400, 7, 1.0, 0), (384, 22, 1.0, 1), (506, 10, 1.0, 0), (653, 10, 1.0, 3), (510, 9, 1.0, 3), (392, 12, 1.0, 4), (741, 13, 1.0, 3), (425, 11, 1.0, 1), (810, 4, 1.0, 0), (386, 20, 1.0, 0), (395, 9, 1.0, 4), (394, 10, 1.0, 4), (396, 9, 1.0, 0), (505, 11, 1.0, 0), (17, 3, 1.0, 4), (492, 20, 1.0, 3)]
=: [(740, 14, 1.0, 3), (398, 8, 1.0, 0), (739, 15, 1.0, 4), (400, 7, 1.0, 0), (384, 22, 1.0, 1), (506, 10, 1.0, 0), (653, 10, 1.0, 3), (510, 9, 1.0, 3), (392, 12, 1.0, 4), (741, 13, 1.0, 3), (425, 11, 1.0, 1), (810, 4, 1.0, 0), (386, 20, 1.0, 0), (395, 9, 1.0, 4), (394, 10, 1.0, 4), (396, 9, 1.0, 0), (505, 11, 1.0, 0), (17, 3, 1.0, 4), (492, 20, 1.0, 3), (387, 19, 1.0, 0)]
using time: 11675.475530862808