>: [(3500, 16, 0.94464285714285734, 0)]
>: [(347, 7, 0.95178571428571446, 0)]
=: [(347, 7, 0.95178571428571446, 0), (910, 6, 0.95178571428571446, 0)]
>: [(917, 12, 0.96428571428571441, 0)]
>: [(825, 9, 0.96517857142857155, 3)]
=: [(825, 9, 0.96517857142857155, 3), (2028, 22, 0.96517857142857155, 4)]
=: [(825, 9, 0.96517857142857155, 3), (2028, 22, 0.96517857142857155, 4), (2032, 18, 0.96517857142857155, 4)]
>: [(114, 10, 0.97142857142857153, 4)]
=: [(114, 10, 0.97142857142857153, 4), (1673, 13, 0.97142857142857153, 1)]
=: [(114, 10, 0.97142857142857153, 4), (1673, 13, 0.97142857142857153, 1), (2042, 9, 0.97142857142857153, 0)]
=: [(114, 10, 0.97142857142857153, 4), (1673, 13, 0.97142857142857153, 1), (2042, 9, 0.97142857142857153, 0), (1054, 15, 0.97142857142857153, 4)]
=: [(114, 10, 0.97142857142857153, 4), (1673, 13, 0.97142857142857153, 1), (2042, 9, 0.97142857142857153, 0), (1054, 15, 0.97142857142857153, 4), (112, 11, 0.97142857142857153, 4)]
=: [(114, 10, 0.97142857142857153, 4), (1673, 13, 0.97142857142857153, 1), (2042, 9, 0.97142857142857153, 0), (1054, 15, 0.97142857142857153, 4), (112, 11, 0.97142857142857153, 4), (817, 10, 0.97142857142857153, 0)]
=: [(114, 10, 0.97142857142857153, 4), (1673, 13, 0.97142857142857153, 1), (2042, 9, 0.97142857142857153, 0), (1054, 15, 0.97142857142857153, 4), (112, 11, 0.97142857142857153, 4), (817, 10, 0.97142857142857153, 0), (1329, 10, 0.97142857142857153, 0)]
=: [(114, 10, 0.97142857142857153, 4), (1673, 13, 0.97142857142857153, 1), (2042, 9, 0.97142857142857153, 0), (1054, 15, 0.97142857142857153, 4), (112, 11, 0.97142857142857153, 4), (817, 10, 0.97142857142857153, 0), (1329, 10, 0.97142857142857153, 0), (766, 8, 0.97142857142857153, 3)]
=: [(114, 10, 0.97142857142857153, 4), (1673, 13, 0.97142857142857153, 1), (2042, 9, 0.97142857142857153, 0), (1054, 15, 0.97142857142857153, 4), (112, 11, 0.97142857142857153, 4), (817, 10, 0.97142857142857153, 0), (1329, 10, 0.97142857142857153, 0), (766, 8, 0.97142857142857153, 3), (2256, 12, 0.97142857142857153, 0)]
=: [(114, 10, 0.97142857142857153, 4), (1673, 13, 0.97142857142857153, 1), (2042, 9, 0.97142857142857153, 0), (1054, 15, 0.97142857142857153, 4), (112, 11, 0.97142857142857153, 4), (817, 10, 0.97142857142857153, 0), (1329, 10, 0.97142857142857153, 0), (766, 8, 0.97142857142857153, 3), (2256, 12, 0.97142857142857153, 0), (211, 5, 0.97142857142857153, 3)]
=: [(114, 10, 0.97142857142857153, 4), (1673, 13, 0.97142857142857153, 1), (2042, 9, 0.97142857142857153, 0), (1054, 15, 0.97142857142857153, 4), (112, 11, 0.97142857142857153, 4), (817, 10, 0.97142857142857153, 0), (1329, 10, 0.97142857142857153, 0), (766, 8, 0.97142857142857153, 3), (2256, 12, 0.97142857142857153, 0), (211, 5, 0.97142857142857153, 3), (517, 5, 0.97142857142857153, 0)]
=: [(114, 10, 0.97142857142857153, 4), (1673, 13, 0.97142857142857153, 1), (2042, 9, 0.97142857142857153, 0), (1054, 15, 0.97142857142857153, 4), (112, 11, 0.97142857142857153, 4), (817, 10, 0.97142857142857153, 0), (1329, 10, 0.97142857142857153, 0), (766, 8, 0.97142857142857153, 3), (2256, 12, 0.97142857142857153, 0), (211, 5, 0.97142857142857153, 3), (517, 5, 0.97142857142857153, 0), (444, 14, 0.97142857142857153, 1)]
=: [(114, 10, 0.97142857142857153, 4), (1673, 13, 0.97142857142857153, 1), (2042, 9, 0.97142857142857153, 0), (1054, 15, 0.97142857142857153, 4), (112, 11, 0.97142857142857153, 4), (817, 10, 0.97142857142857153, 0), (1329, 10, 0.97142857142857153, 0), (766, 8, 0.97142857142857153, 3), (2256, 12, 0.97142857142857153, 0), (211, 5, 0.97142857142857153, 3), (517, 5, 0.97142857142857153, 0), (444, 14, 0.97142857142857153, 1), (418, 10, 0.97142857142857153, 4)]
=: [(114, 10, 0.97142857142857153, 4), (1673, 13, 0.97142857142857153, 1), (2042, 9, 0.97142857142857153, 0), (1054, 15, 0.97142857142857153, 4), (112, 11, 0.97142857142857153, 4), (817, 10, 0.97142857142857153, 0), (1329, 10, 0.97142857142857153, 0), (766, 8, 0.97142857142857153, 3), (2256, 12, 0.97142857142857153, 0), (211, 5, 0.97142857142857153, 3), (517, 5, 0.97142857142857153, 0), (444, 14, 0.97142857142857153, 1), (418, 10, 0.97142857142857153, 4), (1592, 12, 0.97142857142857153, 0)]
=: [(114, 10, 0.97142857142857153, 4), (1673, 13, 0.97142857142857153, 1), (2042, 9, 0.97142857142857153, 0), (1054, 15, 0.97142857142857153, 4), (112, 11, 0.97142857142857153, 4), (817, 10, 0.97142857142857153, 0), (1329, 10, 0.97142857142857153, 0), (766, 8, 0.97142857142857153, 3), (2256, 12, 0.97142857142857153, 0), (211, 5, 0.97142857142857153, 3), (517, 5, 0.97142857142857153, 0), (444, 14, 0.97142857142857153, 1), (418, 10, 0.97142857142857153, 4), (1592, 12, 0.97142857142857153, 0), (115, 9, 0.97142857142857153, 4)]
=: [(114, 10, 0.97142857142857153, 4), (1673, 13, 0.97142857142857153, 1), (2042, 9, 0.97142857142857153, 0), (1054, 15, 0.97142857142857153, 4), (112, 11, 0.97142857142857153, 4), (817, 10, 0.97142857142857153, 0), (1329, 10, 0.97142857142857153, 0), (766, 8, 0.97142857142857153, 3), (2256, 12, 0.97142857142857153, 0), (211, 5, 0.97142857142857153, 3), (517, 5, 0.97142857142857153, 0), (444, 14, 0.97142857142857153, 1), (418, 10, 0.97142857142857153, 4), (1592, 12, 0.97142857142857153, 0), (115, 9, 0.97142857142857153, 4), (241, 6, 0.97142857142857153, 4)]
=: [(114, 10, 0.97142857142857153, 4), (1673, 13, 0.97142857142857153, 1), (2042, 9, 0.97142857142857153, 0), (1054, 15, 0.97142857142857153, 4), (112, 11, 0.97142857142857153, 4), (817, 10, 0.97142857142857153, 0), (1329, 10, 0.97142857142857153, 0), (766, 8, 0.97142857142857153, 3), (2256, 12, 0.97142857142857153, 0), (211, 5, 0.97142857142857153, 3), (517, 5, 0.97142857142857153, 0), (444, 14, 0.97142857142857153, 1), (418, 10, 0.97142857142857153, 4), (1592, 12, 0.97142857142857153, 0), (115, 9, 0.97142857142857153, 4), (241, 6, 0.97142857142857153, 4), (443, 16, 0.97142857142857153, 1)]
=: [(114, 10, 0.97142857142857153, 4), (1673, 13, 0.97142857142857153, 1), (2042, 9, 0.97142857142857153, 0), (1054, 15, 0.97142857142857153, 4), (112, 11, 0.97142857142857153, 4), (817, 10, 0.97142857142857153, 0), (1329, 10, 0.97142857142857153, 0), (766, 8, 0.97142857142857153, 3), (2256, 12, 0.97142857142857153, 0), (211, 5, 0.97142857142857153, 3), (517, 5, 0.97142857142857153, 0), (444, 14, 0.97142857142857153, 1), (418, 10, 0.97142857142857153, 4), (1592, 12, 0.97142857142857153, 0), (115, 9, 0.97142857142857153, 4), (241, 6, 0.97142857142857153, 4), (443, 16, 0.97142857142857153, 1), (755, 18, 0.97142857142857153, 4)]
>: [(209, 6, 0.97232142857142867, 4)]
using time: 12733.81925535202