>: [(6847, 1, 0.66952380952380941, 3)]
>: [(381, 10, 0.92142857142857149, 1)]
>: [(569, 12, 0.97142857142857153, 0)]
=: [(569, 12, 0.97142857142857153, 0), (83, 11, 0.97142857142857153, 3)]
>: [(324, 8, 0.98333333333333339, 2)]
=: [(324, 8, 0.98333333333333339, 2), (323, 9, 0.98333333333333339, 2)]
=: [(324, 8, 0.98333333333333339, 2), (323, 9, 0.98333333333333339, 2), (327, 5, 0.98333333333333339, 2)]
=: [(324, 8, 0.98333333333333339, 2), (323, 9, 0.98333333333333339, 2), (327, 5, 0.98333333333333339, 2), (321, 11, 0.98333333333333339, 2)]
>: [(5, 3, 0.98571428571428577, 0)]
>: [(1, 8, 1.0, 4)]
using time: 7353.932336091995