>: [(3423, 1, 0.79276960784313721, 0)]
=: [(3423, 1, 0.79276960784313721, 0), (190, 1, 0.79276960784313721, 0)]
=: [(3423, 1, 0.79276960784313721, 0), (190, 1, 0.79276960784313721, 0), (8541, 1, 0.79276960784313721, 0)]
=: [(3423, 1, 0.79276960784313721, 0), (190, 1, 0.79276960784313721, 0), (8541, 1, 0.79276960784313721, 0), (12058, 1, 0.79276960784313721, 0)]
>: [(592, 5, 0.80494281045751637, 1)]
>: [(276, 9, 0.81981209150326806, 3)]
>: [(1078, 10, 0.84035947712418313, 4)]
>: [(284, 18, 0.86356209150326801, 1)]
>: [(776, 14, 0.86392973856209154, 4)]
>: [(180, 11, 0.86776960784313728, 0)]
>: [(109, 18, 0.88615196078431369, 1)]
=: [(109, 18, 0.88615196078431369, 1), (110, 11, 0.88615196078431369, 4)]
>: [(379, 27, 0.89791666666666681, 4)]
using time: 3141.6349692344666