>: [(13695, 5, 0.69999999999999996, 4)]
>: [(763, 7, 0.82499999999999996, 0)]
=: [(763, 7, 0.82499999999999996, 0), (3601, 3, 0.82499999999999996, 1)]
=: [(763, 7, 0.82499999999999996, 0), (3601, 3, 0.82499999999999996, 1), (1228, 4, 0.82499999999999996, 1)]
>: [(1139, 10, 0.90000000000000002, 1)]
>: [(184, 12, 0.92500000000000004, 3)]
=: [(184, 12, 0.92500000000000004, 3), (489, 10, 0.92500000000000004, 4)]
>: [(24, 12, 0.94999999999999996, 3)]
>: [(563, 14, 0.97499999999999998, 3)]
>: [(25, 9, 1.0, 4)]
=: [(25, 9, 1.0, 4), (561, 19, 1.0, 3)]
=: [(25, 9, 1.0, 4), (561, 19, 1.0, 3), (0, 10, 1.0, 3)]
using time: 12370.981532096863