>: [(3500, 4, 0.74809523809523804, 0)]
>: [(8091, 8, 0.77666666666666662, 4)]
>: [(2379, 7, 0.78571428571428581, 1)]
>: [(3879, 5, 0.80952380952380953, 3)]
>: [(7315, 14, 0.83238095238095244, 4)]
>: [(347, 8, 0.87523809523809537, 0)]
>: [(2291, 27, 0.89047619047619053, 1)]
>: [(910, 9, 0.91190476190476188, 3)]
>: [(3875, 23, 0.911904761904762, 3)]
>: [(11, 5, 0.95714285714285707, 3)]
>: [(0, 6, 0.97142857142857153, 3)]
=: [(0, 6, 0.97142857142857153, 3), (18, 6, 0.97142857142857153, 1)]
>: [(2, 7, 1.0, 1)]
=: [(2, 7, 1.0, 1), (1, 8, 1.0, 4)]
using time: 7159.706725358963