>: [(1750, 1, 0.80934065934065935, 0)]
=: [(1750, 1, 0.80934065934065935, 0), (10090, 1, 0.80934065934065935, 0)]
=: [(1750, 1, 0.80934065934065935, 0), (10090, 1, 0.80934065934065935, 0), (11511, 1, 0.80934065934065935, 0)]
>: [(12373, 4, 0.80998168498168499, 1)]
>: [(8636, 1, 0.84010989010989012, 1)]
>: [(5, 8, 0.84853479853479852, 4)]
>: [(6860, 1, 0.84972527472527459, 1)]
>: [(0, 4, 0.84972527472527482, 3)]
>: [(9, 5, 0.85036630036630034, 4)]
=: [(9, 5, 0.85036630036630034, 4), (57, 7, 0.85036630036630034, 3)]
>: [(1158, 14, 0.88250915750915748, 1)]
using time: 2482.8863456249237