>: [(875, 1, 0.80297619047619051, 1)]
>: [(5045, 3, 0.81309523809523809, 1)]
>: [(2022, 7, 0.86071428571428577, 1)]
>: [(2384, 34, 0.93571428571428572, 1)]
=: [(2384, 34, 0.93571428571428572, 1), (86, 9, 0.93571428571428572, 0)]
>: [(156, 14, 0.94999999999999996, 1)]
>: [(206, 7, 0.98750000000000004, 3)]
=: [(206, 7, 0.98750000000000004, 3), (99, 8, 0.98750000000000004, 3)]
=: [(206, 7, 0.98750000000000004, 3), (99, 8, 0.98750000000000004, 3), (207, 6, 0.98750000000000004, 3)]
=: [(206, 7, 0.98750000000000004, 3), (99, 8, 0.98750000000000004, 3), (207, 6, 0.98750000000000004, 3), (162, 12, 0.98750000000000004, 3)]
=: [(206, 7, 0.98750000000000004, 3), (99, 8, 0.98750000000000004, 3), (207, 6, 0.98750000000000004, 3), (162, 12, 0.98750000000000004, 3), (101, 13, 0.98750000000000004, 1)]
=: [(206, 7, 0.98750000000000004, 3), (99, 8, 0.98750000000000004, 3), (207, 6, 0.98750000000000004, 3), (162, 12, 0.98750000000000004, 3), (101, 13, 0.98750000000000004, 1), (102, 8, 0.98750000000000004, 0)]
=: [(206, 7, 0.98750000000000004, 3), (99, 8, 0.98750000000000004, 3), (207, 6, 0.98750000000000004, 3), (162, 12, 0.98750000000000004, 3), (101, 13, 0.98750000000000004, 1), (102, 8, 0.98750000000000004, 0), (35, 8, 0.98750000000000004, 0)]
=: [(206, 7, 0.98750000000000004, 3), (99, 8, 0.98750000000000004, 3), (207, 6, 0.98750000000000004, 3), (162, 12, 0.98750000000000004, 3), (101, 13, 0.98750000000000004, 1), (102, 8, 0.98750000000000004, 0), (35, 8, 0.98750000000000004, 0), (100, 10, 0.98750000000000004, 3)]
=: [(206, 7, 0.98750000000000004, 3), (99, 8, 0.98750000000000004, 3), (207, 6, 0.98750000000000004, 3), (162, 12, 0.98750000000000004, 3), (101, 13, 0.98750000000000004, 1), (102, 8, 0.98750000000000004, 0), (35, 8, 0.98750000000000004, 0), (100, 10, 0.98750000000000004, 3), (130, 8, 0.98750000000000004, 1)]
=: [(206, 7, 0.98750000000000004, 3), (99, 8, 0.98750000000000004, 3), (207, 6, 0.98750000000000004, 3), (162, 12, 0.98750000000000004, 3), (101, 13, 0.98750000000000004, 1), (102, 8, 0.98750000000000004, 0), (35, 8, 0.98750000000000004, 0), (100, 10, 0.98750000000000004, 3), (130, 8, 0.98750000000000004, 1), (97, 11, 0.98750000000000004, 0)]
=: [(206, 7, 0.98750000000000004, 3), (99, 8, 0.98750000000000004, 3), (207, 6, 0.98750000000000004, 3), (162, 12, 0.98750000000000004, 3), (101, 13, 0.98750000000000004, 1), (102, 8, 0.98750000000000004, 0), (35, 8, 0.98750000000000004, 0), (100, 10, 0.98750000000000004, 3), (130, 8, 0.98750000000000004, 1), (97, 11, 0.98750000000000004, 0), (98, 9, 0.98750000000000004, 1)]
=: [(206, 7, 0.98750000000000004, 3), (99, 8, 0.98750000000000004, 3), (207, 6, 0.98750000000000004, 3), (162, 12, 0.98750000000000004, 3), (101, 13, 0.98750000000000004, 1), (102, 8, 0.98750000000000004, 0), (35, 8, 0.98750000000000004, 0), (100, 10, 0.98750000000000004, 3), (130, 8, 0.98750000000000004, 1), (97, 11, 0.98750000000000004, 0), (98, 9, 0.98750000000000004, 1), (94, 11, 0.98750000000000004, 1)]
=: [(206, 7, 0.98750000000000004, 3), (99, 8, 0.98750000000000004, 3), (207, 6, 0.98750000000000004, 3), (162, 12, 0.98750000000000004, 3), (101, 13, 0.98750000000000004, 1), (102, 8, 0.98750000000000004, 0), (35, 8, 0.98750000000000004, 0), (100, 10, 0.98750000000000004, 3), (130, 8, 0.98750000000000004, 1), (97, 11, 0.98750000000000004, 0), (98, 9, 0.98750000000000004, 1), (94, 11, 0.98750000000000004, 1), (364, 24, 0.98750000000000004, 4)]
=: [(206, 7, 0.98750000000000004, 3), (99, 8, 0.98750000000000004, 3), (207, 6, 0.98750000000000004, 3), (162, 12, 0.98750000000000004, 3), (101, 13, 0.98750000000000004, 1), (102, 8, 0.98750000000000004, 0), (35, 8, 0.98750000000000004, 0), (100, 10, 0.98750000000000004, 3), (130, 8, 0.98750000000000004, 1), (97, 11, 0.98750000000000004, 0), (98, 9, 0.98750000000000004, 1), (94, 11, 0.98750000000000004, 1), (364, 24, 0.98750000000000004, 4), (365, 23, 0.98750000000000004, 4)]
=: [(206, 7, 0.98750000000000004, 3), (99, 8, 0.98750000000000004, 3), (207, 6, 0.98750000000000004, 3), (162, 12, 0.98750000000000004, 3), (101, 13, 0.98750000000000004, 1), (102, 8, 0.98750000000000004, 0), (35, 8, 0.98750000000000004, 0), (100, 10, 0.98750000000000004, 3), (130, 8, 0.98750000000000004, 1), (97, 11, 0.98750000000000004, 0), (98, 9, 0.98750000000000004, 1), (94, 11, 0.98750000000000004, 1), (364, 24, 0.98750000000000004, 4), (365, 23, 0.98750000000000004, 4), (128, 11, 0.98750000000000004, 1)]
using time: 1867.651555299759