>: [(437, 12, 0.88809523809523794, 3)]
>: [(297, 10, 0.94999999999999996, 4)]
>: [(43, 14, 0.97499999999999998, 3)]
>: [(286, 28, 0.98750000000000004, 4)]
=: [(286, 28, 0.98750000000000004, 4), (85, 15, 0.98750000000000004, 0)]
=: [(286, 28, 0.98750000000000004, 4), (85, 15, 0.98750000000000004, 0), (1, 2, 0.98750000000000004, 3)]
=: [(286, 28, 0.98750000000000004, 4), (85, 15, 0.98750000000000004, 0), (1, 2, 0.98750000000000004, 3), (7, 8, 0.98750000000000004, 3)]
=: [(286, 28, 0.98750000000000004, 4), (85, 15, 0.98750000000000004, 0), (1, 2, 0.98750000000000004, 3), (7, 8, 0.98750000000000004, 3), (223, 24, 0.98750000000000004, 0)]
=: [(286, 28, 0.98750000000000004, 4), (85, 15, 0.98750000000000004, 0), (1, 2, 0.98750000000000004, 3), (7, 8, 0.98750000000000004, 3), (223, 24, 0.98750000000000004, 0), (0, 3, 0.98750000000000004, 0)]
>: [(31, 10, 1.0, 3)]
=: [(31, 10, 1.0, 3), (119, 17, 1.0, 4)]
=: [(31, 10, 1.0, 3), (119, 17, 1.0, 4), (117, 19, 1.0, 4)]
=: [(31, 10, 1.0, 3), (119, 17, 1.0, 4), (117, 19, 1.0, 4), (197, 13, 1.0, 4)]
=: [(31, 10, 1.0, 3), (119, 17, 1.0, 4), (117, 19, 1.0, 4), (197, 13, 1.0, 4), (8, 8, 1.0, 4)]
using time: 911.1343657970428