>: [(7001, 4, 0.67500000000000004, 3)]
>: [(34544, 2, 0.69999999999999996, 1)]
=: [(34544, 2, 0.69999999999999996, 1), (16183, 6, 0.69999999999999996, 2)]
>: [(4759, 7, 0.77500000000000002, 4)]
>: [(17065, 8, 0.80000000000000004, 2)]
>: [(10554, 4, 0.82499999999999996, 0)]
>: [(695, 3, 0.84999999999999998, 0)]
=: [(695, 3, 0.84999999999999998, 0), (1821, 7, 0.84999999999999998, 3)]
=: [(695, 3, 0.84999999999999998, 0), (1821, 7, 0.84999999999999998, 3), (2279, 6, 0.84999999999999998, 4)]
>: [(23, 10, 0.94999999999999996, 3)]
=: [(23, 10, 0.94999999999999996, 3), (1, 2, 0.94999999999999996, 1)]
=: [(23, 10, 0.94999999999999996, 3), (1, 2, 0.94999999999999996, 1), (913, 19, 0.94999999999999996, 3)]
=: [(23, 10, 0.94999999999999996, 3), (1, 2, 0.94999999999999996, 1), (913, 19, 0.94999999999999996, 3), (47, 3, 0.94999999999999996, 3)]
=: [(23, 10, 0.94999999999999996, 3), (1, 2, 0.94999999999999996, 1), (913, 19, 0.94999999999999996, 3), (47, 3, 0.94999999999999996, 3), (816, 18, 0.94999999999999996, 1)]
=: [(23, 10, 0.94999999999999996, 3), (1, 2, 0.94999999999999996, 1), (913, 19, 0.94999999999999996, 3), (47, 3, 0.94999999999999996, 3), (816, 18, 0.94999999999999996, 1), (1315, 11, 0.94999999999999996, 2)]
=: [(23, 10, 0.94999999999999996, 3), (1, 2, 0.94999999999999996, 1), (913, 19, 0.94999999999999996, 3), (47, 3, 0.94999999999999996, 3), (816, 18, 0.94999999999999996, 1), (1315, 11, 0.94999999999999996, 2), (20, 5, 0.94999999999999996, 3)]
>: [(27, 13, 0.97499999999999998, 4)]
>: [(561, 19, 1.0, 3)]
=: [(561, 19, 1.0, 3), (25, 9, 1.0, 4)]
=: [(561, 19, 1.0, 3), (25, 9, 1.0, 4), (0, 10, 1.0, 3)]
using time: 12188.700427293777