>: [(11846, 20, 0.86309523809523814, 0)]
>: [(9336, 12, 0.87738095238095237, 4)]
>: [(7426, 13, 0.90357142857142869, 0)]
>: [(191, 7, 0.97499999999999998, 4)]
>: [(331, 9, 0.99166666666666659, 4)]
=: [(331, 9, 0.99166666666666659, 4), (202, 15, 0.99166666666666659, 3)]
>: [(428, 8, 0.99285714285714288, 3)]
=: [(428, 8, 0.99285714285714288, 3), (15, 8, 0.99285714285714288, 4)]
>: [(506, 10, 1.0, 0)]
=: [(506, 10, 1.0, 0), (502, 14, 1.0, 0)]
=: [(506, 10, 1.0, 0), (502, 14, 1.0, 0), (510, 9, 1.0, 3)]
=: [(506, 10, 1.0, 0), (502, 14, 1.0, 0), (510, 9, 1.0, 3), (393, 11, 1.0, 4)]
=: [(506, 10, 1.0, 0), (502, 14, 1.0, 0), (510, 9, 1.0, 3), (393, 11, 1.0, 4), (739, 15, 1.0, 4)]
=: [(506, 10, 1.0, 0), (502, 14, 1.0, 0), (510, 9, 1.0, 3), (393, 11, 1.0, 4), (739, 15, 1.0, 4), (396, 9, 1.0, 0)]
=: [(506, 10, 1.0, 0), (502, 14, 1.0, 0), (510, 9, 1.0, 3), (393, 11, 1.0, 4), (739, 15, 1.0, 4), (396, 9, 1.0, 0), (653, 10, 1.0, 3)]
=: [(506, 10, 1.0, 0), (502, 14, 1.0, 0), (510, 9, 1.0, 3), (393, 11, 1.0, 4), (739, 15, 1.0, 4), (396, 9, 1.0, 0), (653, 10, 1.0, 3), (432, 10, 1.0, 3)]
=: [(506, 10, 1.0, 0), (502, 14, 1.0, 0), (510, 9, 1.0, 3), (393, 11, 1.0, 4), (739, 15, 1.0, 4), (396, 9, 1.0, 0), (653, 10, 1.0, 3), (432, 10, 1.0, 3), (359, 10, 1.0, 1)]
=: [(506, 10, 1.0, 0), (502, 14, 1.0, 0), (510, 9, 1.0, 3), (393, 11, 1.0, 4), (739, 15, 1.0, 4), (396, 9, 1.0, 0), (653, 10, 1.0, 3), (432, 10, 1.0, 3), (359, 10, 1.0, 1), (738, 16, 1.0, 4)]
=: [(506, 10, 1.0, 0), (502, 14, 1.0, 0), (510, 9, 1.0, 3), (393, 11, 1.0, 4), (739, 15, 1.0, 4), (396, 9, 1.0, 0), (653, 10, 1.0, 3), (432, 10, 1.0, 3), (359, 10, 1.0, 1), (738, 16, 1.0, 4), (425, 11, 1.0, 1)]
=: [(506, 10, 1.0, 0), (502, 14, 1.0, 0), (510, 9, 1.0, 3), (393, 11, 1.0, 4), (739, 15, 1.0, 4), (396, 9, 1.0, 0), (653, 10, 1.0, 3), (432, 10, 1.0, 3), (359, 10, 1.0, 1), (738, 16, 1.0, 4), (425, 11, 1.0, 1), (742, 12, 1.0, 4)]
=: [(506, 10, 1.0, 0), (502, 14, 1.0, 0), (510, 9, 1.0, 3), (393, 11, 1.0, 4), (739, 15, 1.0, 4), (396, 9, 1.0, 0), (653, 10, 1.0, 3), (432, 10, 1.0, 3), (359, 10, 1.0, 1), (738, 16, 1.0, 4), (425, 11, 1.0, 1), (742, 12, 1.0, 4), (395, 9, 1.0, 4)]
=: [(506, 10, 1.0, 0), (502, 14, 1.0, 0), (510, 9, 1.0, 3), (393, 11, 1.0, 4), (739, 15, 1.0, 4), (396, 9, 1.0, 0), (653, 10, 1.0, 3), (432, 10, 1.0, 3), (359, 10, 1.0, 1), (738, 16, 1.0, 4), (425, 11, 1.0, 1), (742, 12, 1.0, 4), (395, 9, 1.0, 4), (9, 7, 1.0, 4)]
=: [(506, 10, 1.0, 0), (502, 14, 1.0, 0), (510, 9, 1.0, 3), (393, 11, 1.0, 4), (739, 15, 1.0, 4), (396, 9, 1.0, 0), (653, 10, 1.0, 3), (432, 10, 1.0, 3), (359, 10, 1.0, 1), (738, 16, 1.0, 4), (425, 11, 1.0, 1), (742, 12, 1.0, 4), (395, 9, 1.0, 4), (9, 7, 1.0, 4), (384, 22, 1.0, 1)]
=: [(506, 10, 1.0, 0), (502, 14, 1.0, 0), (510, 9, 1.0, 3), (393, 11, 1.0, 4), (739, 15, 1.0, 4), (396, 9, 1.0, 0), (653, 10, 1.0, 3), (432, 10, 1.0, 3), (359, 10, 1.0, 1), (738, 16, 1.0, 4), (425, 11, 1.0, 1), (742, 12, 1.0, 4), (395, 9, 1.0, 4), (9, 7, 1.0, 4), (384, 22, 1.0, 1), (501, 15, 1.0, 0)]
=: [(506, 10, 1.0, 0), (502, 14, 1.0, 0), (510, 9, 1.0, 3), (393, 11, 1.0, 4), (739, 15, 1.0, 4), (396, 9, 1.0, 0), (653, 10, 1.0, 3), (432, 10, 1.0, 3), (359, 10, 1.0, 1), (738, 16, 1.0, 4), (425, 11, 1.0, 1), (742, 12, 1.0, 4), (395, 9, 1.0, 4), (9, 7, 1.0, 4), (384, 22, 1.0, 1), (501, 15, 1.0, 0), (741, 13, 1.0, 3)]
=: [(506, 10, 1.0, 0), (502, 14, 1.0, 0), (510, 9, 1.0, 3), (393, 11, 1.0, 4), (739, 15, 1.0, 4), (396, 9, 1.0, 0), (653, 10, 1.0, 3), (432, 10, 1.0, 3), (359, 10, 1.0, 1), (738, 16, 1.0, 4), (425, 11, 1.0, 1), (742, 12, 1.0, 4), (395, 9, 1.0, 4), (9, 7, 1.0, 4), (384, 22, 1.0, 1), (501, 15, 1.0, 0), (741, 13, 1.0, 3), (740, 14, 1.0, 3)]
=: [(506, 10, 1.0, 0), (502, 14, 1.0, 0), (510, 9, 1.0, 3), (393, 11, 1.0, 4), (739, 15, 1.0, 4), (396, 9, 1.0, 0), (653, 10, 1.0, 3), (432, 10, 1.0, 3), (359, 10, 1.0, 1), (738, 16, 1.0, 4), (425, 11, 1.0, 1), (742, 12, 1.0, 4), (395, 9, 1.0, 4), (9, 7, 1.0, 4), (384, 22, 1.0, 1), (501, 15, 1.0, 0), (741, 13, 1.0, 3), (740, 14, 1.0, 3), (68, 3, 1.0, 3)]
=: [(506, 10, 1.0, 0), (502, 14, 1.0, 0), (510, 9, 1.0, 3), (393, 11, 1.0, 4), (739, 15, 1.0, 4), (396, 9, 1.0, 0), (653, 10, 1.0, 3), (432, 10, 1.0, 3), (359, 10, 1.0, 1), (738, 16, 1.0, 4), (425, 11, 1.0, 1), (742, 12, 1.0, 4), (395, 9, 1.0, 4), (9, 7, 1.0, 4), (384, 22, 1.0, 1), (501, 15, 1.0, 0), (741, 13, 1.0, 3), (740, 14, 1.0, 3), (68, 3, 1.0, 3), (397, 9, 1.0, 0)]
using time: 11557.771415233612