>: [(1480, 1, 0.65535714285714286, 0)]
=: [(1480, 1, 0.65535714285714286, 0), (1921, 1, 0.65535714285714286, 4)]
>: [(1968, 1, 0.68928571428571428, 2)]
>: [(1167, 2, 0.70952380952380945, 0)]
>: [(1707, 2, 0.72380952380952379, 1)]
>: [(1829, 4, 0.7321428571428571, 0)]
>: [(23, 9, 0.96250000000000002, 3)]
>: [(90, 10, 0.97321428571428581, 3)]
>: [(180, 12, 0.97499999999999998, 3)]
=: [(180, 12, 0.97499999999999998, 3), (57, 11, 0.97499999999999998, 0)]
>: [(176, 10, 0.98750000000000004, 4)]
>: [(197, 13, 1.0, 4)]
=: [(197, 13, 1.0, 4), (4, 6, 1.0, 0)]
=: [(197, 13, 1.0, 4), (4, 6, 1.0, 0), (30, 12, 1.0, 4)]
=: [(197, 13, 1.0, 4), (4, 6, 1.0, 0), (30, 12, 1.0, 4), (32, 9, 1.0, 3)]
=: [(197, 13, 1.0, 4), (4, 6, 1.0, 0), (30, 12, 1.0, 4), (32, 9, 1.0, 3), (8, 8, 1.0, 4)]
=: [(197, 13, 1.0, 4), (4, 6, 1.0, 0), (30, 12, 1.0, 4), (32, 9, 1.0, 3), (8, 8, 1.0, 4), (256, 19, 1.0, 4)]
=: [(197, 13, 1.0, 4), (4, 6, 1.0, 0), (30, 12, 1.0, 4), (32, 9, 1.0, 3), (8, 8, 1.0, 4), (256, 19, 1.0, 4), (6, 7, 1.0, 3)]
=: [(197, 13, 1.0, 4), (4, 6, 1.0, 0), (30, 12, 1.0, 4), (32, 9, 1.0, 3), (8, 8, 1.0, 4), (256, 19, 1.0, 4), (6, 7, 1.0, 3), (31, 10, 1.0, 3)]
=: [(197, 13, 1.0, 4), (4, 6, 1.0, 0), (30, 12, 1.0, 4), (32, 9, 1.0, 3), (8, 8, 1.0, 4), (256, 19, 1.0, 4), (6, 7, 1.0, 3), (31, 10, 1.0, 3), (117, 19, 1.0, 4)]
=: [(197, 13, 1.0, 4), (4, 6, 1.0, 0), (30, 12, 1.0, 4), (32, 9, 1.0, 3), (8, 8, 1.0, 4), (256, 19, 1.0, 4), (6, 7, 1.0, 3), (31, 10, 1.0, 3), (117, 19, 1.0, 4), (119, 17, 1.0, 4)]
using time: 887.3758265972137