>: [(5305, 1, 0.72277777777777774, 0)]
=: [(5305, 1, 0.72277777777777774, 0), (2471, 1, 0.72277777777777774, 0)]
=: [(5305, 1, 0.72277777777777774, 0), (2471, 1, 0.72277777777777774, 0), (6468, 1, 0.72277777777777774, 0)]
=: [(5305, 1, 0.72277777777777774, 0), (2471, 1, 0.72277777777777774, 0), (6468, 1, 0.72277777777777774, 0), (10664, 1, 0.72277777777777774, 0)]
>: [(791, 1, 0.73527777777777781, 3)]
>: [(1186, 1, 0.74777777777777776, 3)]
>: [(5991, 1, 0.79638888888888881, 2)]
>: [(614, 4, 0.81138888888888894, 1)]
=: [(614, 4, 0.81138888888888894, 1), (67, 2, 0.81138888888888894, 1)]
>: [(3, 3, 0.9063888888888888, 3)]
>: [(2, 4, 0.90638888888888902, 0)]
using time: 171.07692050933838