>: [(9401, 1, 0.80934065934065935, 0)]
>: [(1320, 5, 0.81877289377289375, 1)]
>: [(7946, 5, 0.82472527472527468, 1)]
>: [(2385, 5, 0.83250915750915744, 1)]
=: [(2385, 5, 0.83250915750915744, 1), (1536, 1, 0.83250915750915744, 1)]
>: [(8465, 2, 0.83305860805860799, 1)]
>: [(1407, 4, 0.83434065934065926, 1)]
>: [(10289, 3, 0.83434065934065949, 1)]
>: [(7056, 2, 0.8413919413919414, 1)]
=: [(7056, 2, 0.8413919413919414, 1), (1877, 3, 0.8413919413919414, 1)]
>: [(42, 3, 0.84148351648351638, 3)]
>: [(25, 10, 0.84276556776556766, 1)]
>: [(53, 9, 0.87408424908424909, 1)]
using time: 2529.652913570404