>: [(6499, 1, 0.75476190476190474, 0)]
=: [(6499, 1, 0.75476190476190474, 0), (4700, 1, 0.75476190476190474, 0)]
=: [(6499, 1, 0.75476190476190474, 0), (4700, 1, 0.75476190476190474, 0), (6733, 1, 0.75476190476190474, 0)]
>: [(660, 7, 0.91249999999999998, 1)]
>: [(301, 12, 0.92500000000000004, 4)]
>: [(179, 9, 0.94999999999999996, 3)]
>: [(102, 8, 0.98750000000000004, 0)]
=: [(102, 8, 0.98750000000000004, 0), (100, 10, 0.98750000000000004, 3)]
=: [(102, 8, 0.98750000000000004, 0), (100, 10, 0.98750000000000004, 3), (97, 11, 0.98750000000000004, 0)]
=: [(102, 8, 0.98750000000000004, 0), (100, 10, 0.98750000000000004, 3), (97, 11, 0.98750000000000004, 0), (128, 11, 0.98750000000000004, 1)]
=: [(102, 8, 0.98750000000000004, 0), (100, 10, 0.98750000000000004, 3), (97, 11, 0.98750000000000004, 0), (128, 11, 0.98750000000000004, 1), (99, 8, 0.98750000000000004, 3)]
=: [(102, 8, 0.98750000000000004, 0), (100, 10, 0.98750000000000004, 3), (97, 11, 0.98750000000000004, 0), (128, 11, 0.98750000000000004, 1), (99, 8, 0.98750000000000004, 3), (101, 13, 0.98750000000000004, 1)]
=: [(102, 8, 0.98750000000000004, 0), (100, 10, 0.98750000000000004, 3), (97, 11, 0.98750000000000004, 0), (128, 11, 0.98750000000000004, 1), (99, 8, 0.98750000000000004, 3), (101, 13, 0.98750000000000004, 1), (11, 6, 0.98750000000000004, 1)]
=: [(102, 8, 0.98750000000000004, 0), (100, 10, 0.98750000000000004, 3), (97, 11, 0.98750000000000004, 0), (128, 11, 0.98750000000000004, 1), (99, 8, 0.98750000000000004, 3), (101, 13, 0.98750000000000004, 1), (11, 6, 0.98750000000000004, 1), (365, 23, 0.98750000000000004, 4)]
=: [(102, 8, 0.98750000000000004, 0), (100, 10, 0.98750000000000004, 3), (97, 11, 0.98750000000000004, 0), (128, 11, 0.98750000000000004, 1), (99, 8, 0.98750000000000004, 3), (101, 13, 0.98750000000000004, 1), (11, 6, 0.98750000000000004, 1), (365, 23, 0.98750000000000004, 4), (206, 7, 0.98750000000000004, 3)]
=: [(102, 8, 0.98750000000000004, 0), (100, 10, 0.98750000000000004, 3), (97, 11, 0.98750000000000004, 0), (128, 11, 0.98750000000000004, 1), (99, 8, 0.98750000000000004, 3), (101, 13, 0.98750000000000004, 1), (11, 6, 0.98750000000000004, 1), (365, 23, 0.98750000000000004, 4), (206, 7, 0.98750000000000004, 3), (93, 10, 0.98750000000000004, 1)]
=: [(102, 8, 0.98750000000000004, 0), (100, 10, 0.98750000000000004, 3), (97, 11, 0.98750000000000004, 0), (128, 11, 0.98750000000000004, 1), (99, 8, 0.98750000000000004, 3), (101, 13, 0.98750000000000004, 1), (11, 6, 0.98750000000000004, 1), (365, 23, 0.98750000000000004, 4), (206, 7, 0.98750000000000004, 3), (93, 10, 0.98750000000000004, 1), (103, 11, 0.98750000000000004, 0)]
=: [(102, 8, 0.98750000000000004, 0), (100, 10, 0.98750000000000004, 3), (97, 11, 0.98750000000000004, 0), (128, 11, 0.98750000000000004, 1), (99, 8, 0.98750000000000004, 3), (101, 13, 0.98750000000000004, 1), (11, 6, 0.98750000000000004, 1), (365, 23, 0.98750000000000004, 4), (206, 7, 0.98750000000000004, 3), (93, 10, 0.98750000000000004, 1), (103, 11, 0.98750000000000004, 0), (106, 9, 0.98750000000000004, 0)]
=: [(102, 8, 0.98750000000000004, 0), (100, 10, 0.98750000000000004, 3), (97, 11, 0.98750000000000004, 0), (128, 11, 0.98750000000000004, 1), (99, 8, 0.98750000000000004, 3), (101, 13, 0.98750000000000004, 1), (11, 6, 0.98750000000000004, 1), (365, 23, 0.98750000000000004, 4), (206, 7, 0.98750000000000004, 3), (93, 10, 0.98750000000000004, 1), (103, 11, 0.98750000000000004, 0), (106, 9, 0.98750000000000004, 0), (32, 11, 0.98750000000000004, 0)]
=: [(102, 8, 0.98750000000000004, 0), (100, 10, 0.98750000000000004, 3), (97, 11, 0.98750000000000004, 0), (128, 11, 0.98750000000000004, 1), (99, 8, 0.98750000000000004, 3), (101, 13, 0.98750000000000004, 1), (11, 6, 0.98750000000000004, 1), (365, 23, 0.98750000000000004, 4), (206, 7, 0.98750000000000004, 3), (93, 10, 0.98750000000000004, 1), (103, 11, 0.98750000000000004, 0), (106, 9, 0.98750000000000004, 0), (32, 11, 0.98750000000000004, 0), (104, 10, 0.98750000000000004, 0)]
=: [(102, 8, 0.98750000000000004, 0), (100, 10, 0.98750000000000004, 3), (97, 11, 0.98750000000000004, 0), (128, 11, 0.98750000000000004, 1), (99, 8, 0.98750000000000004, 3), (101, 13, 0.98750000000000004, 1), (11, 6, 0.98750000000000004, 1), (365, 23, 0.98750000000000004, 4), (206, 7, 0.98750000000000004, 3), (93, 10, 0.98750000000000004, 1), (103, 11, 0.98750000000000004, 0), (106, 9, 0.98750000000000004, 0), (32, 11, 0.98750000000000004, 0), (104, 10, 0.98750000000000004, 0), (162, 12, 0.98750000000000004, 3)]
=: [(102, 8, 0.98750000000000004, 0), (100, 10, 0.98750000000000004, 3), (97, 11, 0.98750000000000004, 0), (128, 11, 0.98750000000000004, 1), (99, 8, 0.98750000000000004, 3), (101, 13, 0.98750000000000004, 1), (11, 6, 0.98750000000000004, 1), (365, 23, 0.98750000000000004, 4), (206, 7, 0.98750000000000004, 3), (93, 10, 0.98750000000000004, 1), (103, 11, 0.98750000000000004, 0), (106, 9, 0.98750000000000004, 0), (32, 11, 0.98750000000000004, 0), (104, 10, 0.98750000000000004, 0), (162, 12, 0.98750000000000004, 3), (98, 9, 0.98750000000000004, 1)]
=: [(102, 8, 0.98750000000000004, 0), (100, 10, 0.98750000000000004, 3), (97, 11, 0.98750000000000004, 0), (128, 11, 0.98750000000000004, 1), (99, 8, 0.98750000000000004, 3), (101, 13, 0.98750000000000004, 1), (11, 6, 0.98750000000000004, 1), (365, 23, 0.98750000000000004, 4), (206, 7, 0.98750000000000004, 3), (93, 10, 0.98750000000000004, 1), (103, 11, 0.98750000000000004, 0), (106, 9, 0.98750000000000004, 0), (32, 11, 0.98750000000000004, 0), (104, 10, 0.98750000000000004, 0), (162, 12, 0.98750000000000004, 3), (98, 9, 0.98750000000000004, 1), (94, 11, 0.98750000000000004, 1)]
=: [(102, 8, 0.98750000000000004, 0), (100, 10, 0.98750000000000004, 3), (97, 11, 0.98750000000000004, 0), (128, 11, 0.98750000000000004, 1), (99, 8, 0.98750000000000004, 3), (101, 13, 0.98750000000000004, 1), (11, 6, 0.98750000000000004, 1), (365, 23, 0.98750000000000004, 4), (206, 7, 0.98750000000000004, 3), (93, 10, 0.98750000000000004, 1), (103, 11, 0.98750000000000004, 0), (106, 9, 0.98750000000000004, 0), (32, 11, 0.98750000000000004, 0), (104, 10, 0.98750000000000004, 0), (162, 12, 0.98750000000000004, 3), (98, 9, 0.98750000000000004, 1), (94, 11, 0.98750000000000004, 1), (37, 8, 0.98750000000000004, 0)]
=: [(102, 8, 0.98750000000000004, 0), (100, 10, 0.98750000000000004, 3), (97, 11, 0.98750000000000004, 0), (128, 11, 0.98750000000000004, 1), (99, 8, 0.98750000000000004, 3), (101, 13, 0.98750000000000004, 1), (11, 6, 0.98750000000000004, 1), (365, 23, 0.98750000000000004, 4), (206, 7, 0.98750000000000004, 3), (93, 10, 0.98750000000000004, 1), (103, 11, 0.98750000000000004, 0), (106, 9, 0.98750000000000004, 0), (32, 11, 0.98750000000000004, 0), (104, 10, 0.98750000000000004, 0), (162, 12, 0.98750000000000004, 3), (98, 9, 0.98750000000000004, 1), (94, 11, 0.98750000000000004, 1), (37, 8, 0.98750000000000004, 0), (207, 6, 0.98750000000000004, 3)]
using time: 1885.4656145572662