>: [(18802, 9, 0.66607142857142854, 2)]
>: [(2640, 10, 0.91071428571428581, 0)]
>: [(1206, 13, 0.95089285714285732, 4)]
>: [(14, 5, 0.95178571428571446, 0)]
>: [(717, 12, 0.95803571428571443, 0)]
>: [(3196, 21, 0.95892857142857157, 0)]
>: [(2260, 14, 0.96428571428571441, 1)]
>: [(1054, 15, 0.97142857142857153, 4)]
=: [(1054, 15, 0.97142857142857153, 4), (236, 11, 0.97142857142857153, 1)]
=: [(1054, 15, 0.97142857142857153, 4), (236, 11, 0.97142857142857153, 1), (443, 16, 0.97142857142857153, 1)]
=: [(1054, 15, 0.97142857142857153, 4), (236, 11, 0.97142857142857153, 1), (443, 16, 0.97142857142857153, 1), (115, 9, 0.97142857142857153, 4)]
=: [(1054, 15, 0.97142857142857153, 4), (236, 11, 0.97142857142857153, 1), (443, 16, 0.97142857142857153, 1), (115, 9, 0.97142857142857153, 4), (1591, 15, 0.97142857142857153, 0)]
=: [(1054, 15, 0.97142857142857153, 4), (236, 11, 0.97142857142857153, 1), (443, 16, 0.97142857142857153, 1), (115, 9, 0.97142857142857153, 4), (1591, 15, 0.97142857142857153, 0), (117, 6, 0.97142857142857153, 4)]
=: [(1054, 15, 0.97142857142857153, 4), (236, 11, 0.97142857142857153, 1), (443, 16, 0.97142857142857153, 1), (115, 9, 0.97142857142857153, 4), (1591, 15, 0.97142857142857153, 0), (117, 6, 0.97142857142857153, 4), (418, 10, 0.97142857142857153, 4)]
=: [(1054, 15, 0.97142857142857153, 4), (236, 11, 0.97142857142857153, 1), (443, 16, 0.97142857142857153, 1), (115, 9, 0.97142857142857153, 4), (1591, 15, 0.97142857142857153, 0), (117, 6, 0.97142857142857153, 4), (418, 10, 0.97142857142857153, 4), (756, 17, 0.97142857142857153, 4)]
=: [(1054, 15, 0.97142857142857153, 4), (236, 11, 0.97142857142857153, 1), (443, 16, 0.97142857142857153, 1), (115, 9, 0.97142857142857153, 4), (1591, 15, 0.97142857142857153, 0), (117, 6, 0.97142857142857153, 4), (418, 10, 0.97142857142857153, 4), (756, 17, 0.97142857142857153, 4), (417, 11, 0.97142857142857153, 4)]
=: [(1054, 15, 0.97142857142857153, 4), (236, 11, 0.97142857142857153, 1), (443, 16, 0.97142857142857153, 1), (115, 9, 0.97142857142857153, 4), (1591, 15, 0.97142857142857153, 0), (117, 6, 0.97142857142857153, 4), (418, 10, 0.97142857142857153, 4), (756, 17, 0.97142857142857153, 4), (417, 11, 0.97142857142857153, 4), (446, 13, 0.97142857142857153, 1)]
=: [(1054, 15, 0.97142857142857153, 4), (236, 11, 0.97142857142857153, 1), (443, 16, 0.97142857142857153, 1), (115, 9, 0.97142857142857153, 4), (1591, 15, 0.97142857142857153, 0), (117, 6, 0.97142857142857153, 4), (418, 10, 0.97142857142857153, 4), (756, 17, 0.97142857142857153, 4), (417, 11, 0.97142857142857153, 4), (446, 13, 0.97142857142857153, 1), (766, 8, 0.97142857142857153, 3)]
=: [(1054, 15, 0.97142857142857153, 4), (236, 11, 0.97142857142857153, 1), (443, 16, 0.97142857142857153, 1), (115, 9, 0.97142857142857153, 4), (1591, 15, 0.97142857142857153, 0), (117, 6, 0.97142857142857153, 4), (418, 10, 0.97142857142857153, 4), (756, 17, 0.97142857142857153, 4), (417, 11, 0.97142857142857153, 4), (446, 13, 0.97142857142857153, 1), (766, 8, 0.97142857142857153, 3), (2042, 9, 0.97142857142857153, 0)]
=: [(1054, 15, 0.97142857142857153, 4), (236, 11, 0.97142857142857153, 1), (443, 16, 0.97142857142857153, 1), (115, 9, 0.97142857142857153, 4), (1591, 15, 0.97142857142857153, 0), (117, 6, 0.97142857142857153, 4), (418, 10, 0.97142857142857153, 4), (756, 17, 0.97142857142857153, 4), (417, 11, 0.97142857142857153, 4), (446, 13, 0.97142857142857153, 1), (766, 8, 0.97142857142857153, 3), (2042, 9, 0.97142857142857153, 0), (520, 5, 0.97142857142857153, 1)]
=: [(1054, 15, 0.97142857142857153, 4), (236, 11, 0.97142857142857153, 1), (443, 16, 0.97142857142857153, 1), (115, 9, 0.97142857142857153, 4), (1591, 15, 0.97142857142857153, 0), (117, 6, 0.97142857142857153, 4), (418, 10, 0.97142857142857153, 4), (756, 17, 0.97142857142857153, 4), (417, 11, 0.97142857142857153, 4), (446, 13, 0.97142857142857153, 1), (766, 8, 0.97142857142857153, 3), (2042, 9, 0.97142857142857153, 0), (520, 5, 0.97142857142857153, 1), (2254, 14, 0.97142857142857153, 0)]
=: [(1054, 15, 0.97142857142857153, 4), (236, 11, 0.97142857142857153, 1), (443, 16, 0.97142857142857153, 1), (115, 9, 0.97142857142857153, 4), (1591, 15, 0.97142857142857153, 0), (117, 6, 0.97142857142857153, 4), (418, 10, 0.97142857142857153, 4), (756, 17, 0.97142857142857153, 4), (417, 11, 0.97142857142857153, 4), (446, 13, 0.97142857142857153, 1), (766, 8, 0.97142857142857153, 3), (2042, 9, 0.97142857142857153, 0), (520, 5, 0.97142857142857153, 1), (2254, 14, 0.97142857142857153, 0), (119, 13, 0.97142857142857153, 4)]
=: [(1054, 15, 0.97142857142857153, 4), (236, 11, 0.97142857142857153, 1), (443, 16, 0.97142857142857153, 1), (115, 9, 0.97142857142857153, 4), (1591, 15, 0.97142857142857153, 0), (117, 6, 0.97142857142857153, 4), (418, 10, 0.97142857142857153, 4), (756, 17, 0.97142857142857153, 4), (417, 11, 0.97142857142857153, 4), (446, 13, 0.97142857142857153, 1), (766, 8, 0.97142857142857153, 3), (2042, 9, 0.97142857142857153, 0), (520, 5, 0.97142857142857153, 1), (2254, 14, 0.97142857142857153, 0), (119, 13, 0.97142857142857153, 4), (2266, 12, 0.97142857142857153, 1)]
=: [(1054, 15, 0.97142857142857153, 4), (236, 11, 0.97142857142857153, 1), (443, 16, 0.97142857142857153, 1), (115, 9, 0.97142857142857153, 4), (1591, 15, 0.97142857142857153, 0), (117, 6, 0.97142857142857153, 4), (418, 10, 0.97142857142857153, 4), (756, 17, 0.97142857142857153, 4), (417, 11, 0.97142857142857153, 4), (446, 13, 0.97142857142857153, 1), (766, 8, 0.97142857142857153, 3), (2042, 9, 0.97142857142857153, 0), (520, 5, 0.97142857142857153, 1), (2254, 14, 0.97142857142857153, 0), (119, 13, 0.97142857142857153, 4), (2266, 12, 0.97142857142857153, 1), (845, 17, 0.97142857142857153, 4)]
=: [(1054, 15, 0.97142857142857153, 4), (236, 11, 0.97142857142857153, 1), (443, 16, 0.97142857142857153, 1), (115, 9, 0.97142857142857153, 4), (1591, 15, 0.97142857142857153, 0), (117, 6, 0.97142857142857153, 4), (418, 10, 0.97142857142857153, 4), (756, 17, 0.97142857142857153, 4), (417, 11, 0.97142857142857153, 4), (446, 13, 0.97142857142857153, 1), (766, 8, 0.97142857142857153, 3), (2042, 9, 0.97142857142857153, 0), (520, 5, 0.97142857142857153, 1), (2254, 14, 0.97142857142857153, 0), (119, 13, 0.97142857142857153, 4), (2266, 12, 0.97142857142857153, 1), (845, 17, 0.97142857142857153, 4), (2031, 20, 0.97142857142857153, 0)]
=: [(1054, 15, 0.97142857142857153, 4), (236, 11, 0.97142857142857153, 1), (443, 16, 0.97142857142857153, 1), (115, 9, 0.97142857142857153, 4), (1591, 15, 0.97142857142857153, 0), (117, 6, 0.97142857142857153, 4), (418, 10, 0.97142857142857153, 4), (756, 17, 0.97142857142857153, 4), (417, 11, 0.97142857142857153, 4), (446, 13, 0.97142857142857153, 1), (766, 8, 0.97142857142857153, 3), (2042, 9, 0.97142857142857153, 0), (520, 5, 0.97142857142857153, 1), (2254, 14, 0.97142857142857153, 0), (119, 13, 0.97142857142857153, 4), (2266, 12, 0.97142857142857153, 1), (845, 17, 0.97142857142857153, 4), (2031, 20, 0.97142857142857153, 0), (116, 7, 0.97142857142857153, 4)]
=: [(1054, 15, 0.97142857142857153, 4), (236, 11, 0.97142857142857153, 1), (443, 16, 0.97142857142857153, 1), (115, 9, 0.97142857142857153, 4), (1591, 15, 0.97142857142857153, 0), (117, 6, 0.97142857142857153, 4), (418, 10, 0.97142857142857153, 4), (756, 17, 0.97142857142857153, 4), (417, 11, 0.97142857142857153, 4), (446, 13, 0.97142857142857153, 1), (766, 8, 0.97142857142857153, 3), (2042, 9, 0.97142857142857153, 0), (520, 5, 0.97142857142857153, 1), (2254, 14, 0.97142857142857153, 0), (119, 13, 0.97142857142857153, 4), (2266, 12, 0.97142857142857153, 1), (845, 17, 0.97142857142857153, 4), (2031, 20, 0.97142857142857153, 0), (116, 7, 0.97142857142857153, 4), (816, 10, 0.97142857142857153, 0)]
=: [(1054, 15, 0.97142857142857153, 4), (236, 11, 0.97142857142857153, 1), (443, 16, 0.97142857142857153, 1), (115, 9, 0.97142857142857153, 4), (1591, 15, 0.97142857142857153, 0), (117, 6, 0.97142857142857153, 4), (418, 10, 0.97142857142857153, 4), (756, 17, 0.97142857142857153, 4), (417, 11, 0.97142857142857153, 4), (446, 13, 0.97142857142857153, 1), (766, 8, 0.97142857142857153, 3), (2042, 9, 0.97142857142857153, 0), (520, 5, 0.97142857142857153, 1), (2254, 14, 0.97142857142857153, 0), (119, 13, 0.97142857142857153, 4), (2266, 12, 0.97142857142857153, 1), (845, 17, 0.97142857142857153, 4), (2031, 20, 0.97142857142857153, 0), (116, 7, 0.97142857142857153, 4), (816, 10, 0.97142857142857153, 0), (755, 18, 0.97142857142857153, 4)]
=: [(1054, 15, 0.97142857142857153, 4), (236, 11, 0.97142857142857153, 1), (443, 16, 0.97142857142857153, 1), (115, 9, 0.97142857142857153, 4), (1591, 15, 0.97142857142857153, 0), (117, 6, 0.97142857142857153, 4), (418, 10, 0.97142857142857153, 4), (756, 17, 0.97142857142857153, 4), (417, 11, 0.97142857142857153, 4), (446, 13, 0.97142857142857153, 1), (766, 8, 0.97142857142857153, 3), (2042, 9, 0.97142857142857153, 0), (520, 5, 0.97142857142857153, 1), (2254, 14, 0.97142857142857153, 0), (119, 13, 0.97142857142857153, 4), (2266, 12, 0.97142857142857153, 1), (845, 17, 0.97142857142857153, 4), (2031, 20, 0.97142857142857153, 0), (116, 7, 0.97142857142857153, 4), (816, 10, 0.97142857142857153, 0), (755, 18, 0.97142857142857153, 4), (239, 8, 0.97142857142857153, 4)]
=: [(1054, 15, 0.97142857142857153, 4), (236, 11, 0.97142857142857153, 1), (443, 16, 0.97142857142857153, 1), (115, 9, 0.97142857142857153, 4), (1591, 15, 0.97142857142857153, 0), (117, 6, 0.97142857142857153, 4), (418, 10, 0.97142857142857153, 4), (756, 17, 0.97142857142857153, 4), (417, 11, 0.97142857142857153, 4), (446, 13, 0.97142857142857153, 1), (766, 8, 0.97142857142857153, 3), (2042, 9, 0.97142857142857153, 0), (520, 5, 0.97142857142857153, 1), (2254, 14, 0.97142857142857153, 0), (119, 13, 0.97142857142857153, 4), (2266, 12, 0.97142857142857153, 1), (845, 17, 0.97142857142857153, 4), (2031, 20, 0.97142857142857153, 0), (116, 7, 0.97142857142857153, 4), (816, 10, 0.97142857142857153, 0), (755, 18, 0.97142857142857153, 4), (239, 8, 0.97142857142857153, 4), (241, 6, 0.97142857142857153, 4)]
=: [(1054, 15, 0.97142857142857153, 4), (236, 11, 0.97142857142857153, 1), (443, 16, 0.97142857142857153, 1), (115, 9, 0.97142857142857153, 4), (1591, 15, 0.97142857142857153, 0), (117, 6, 0.97142857142857153, 4), (418, 10, 0.97142857142857153, 4), (756, 17, 0.97142857142857153, 4), (417, 11, 0.97142857142857153, 4), (446, 13, 0.97142857142857153, 1), (766, 8, 0.97142857142857153, 3), (2042, 9, 0.97142857142857153, 0), (520, 5, 0.97142857142857153, 1), (2254, 14, 0.97142857142857153, 0), (119, 13, 0.97142857142857153, 4), (2266, 12, 0.97142857142857153, 1), (845, 17, 0.97142857142857153, 4), (2031, 20, 0.97142857142857153, 0), (116, 7, 0.97142857142857153, 4), (816, 10, 0.97142857142857153, 0), (755, 18, 0.97142857142857153, 4), (239, 8, 0.97142857142857153, 4), (241, 6, 0.97142857142857153, 4), (1593, 13, 0.97142857142857153, 0)]
=: [(1054, 15, 0.97142857142857153, 4), (236, 11, 0.97142857142857153, 1), (443, 16, 0.97142857142857153, 1), (115, 9, 0.97142857142857153, 4), (1591, 15, 0.97142857142857153, 0), (117, 6, 0.97142857142857153, 4), (418, 10, 0.97142857142857153, 4), (756, 17, 0.97142857142857153, 4), (417, 11, 0.97142857142857153, 4), (446, 13, 0.97142857142857153, 1), (766, 8, 0.97142857142857153, 3), (2042, 9, 0.97142857142857153, 0), (520, 5, 0.97142857142857153, 1), (2254, 14, 0.97142857142857153, 0), (119, 13, 0.97142857142857153, 4), (2266, 12, 0.97142857142857153, 1), (845, 17, 0.97142857142857153, 4), (2031, 20, 0.97142857142857153, 0), (116, 7, 0.97142857142857153, 4), (816, 10, 0.97142857142857153, 0), (755, 18, 0.97142857142857153, 4), (239, 8, 0.97142857142857153, 4), (241, 6, 0.97142857142857153, 4), (1593, 13, 0.97142857142857153, 0), (2256, 12, 0.97142857142857153, 0)]
=: [(1054, 15, 0.97142857142857153, 4), (236, 11, 0.97142857142857153, 1), (443, 16, 0.97142857142857153, 1), (115, 9, 0.97142857142857153, 4), (1591, 15, 0.97142857142857153, 0), (117, 6, 0.97142857142857153, 4), (418, 10, 0.97142857142857153, 4), (756, 17, 0.97142857142857153, 4), (417, 11, 0.97142857142857153, 4), (446, 13, 0.97142857142857153, 1), (766, 8, 0.97142857142857153, 3), (2042, 9, 0.97142857142857153, 0), (520, 5, 0.97142857142857153, 1), (2254, 14, 0.97142857142857153, 0), (119, 13, 0.97142857142857153, 4), (2266, 12, 0.97142857142857153, 1), (845, 17, 0.97142857142857153, 4), (2031, 20, 0.97142857142857153, 0), (116, 7, 0.97142857142857153, 4), (816, 10, 0.97142857142857153, 0), (755, 18, 0.97142857142857153, 4), (239, 8, 0.97142857142857153, 4), (241, 6, 0.97142857142857153, 4), (1593, 13, 0.97142857142857153, 0), (2256, 12, 0.97142857142857153, 0), (292, 10, 0.97142857142857153, 0)]
=: [(1054, 15, 0.97142857142857153, 4), (236, 11, 0.97142857142857153, 1), (443, 16, 0.97142857142857153, 1), (115, 9, 0.97142857142857153, 4), (1591, 15, 0.97142857142857153, 0), (117, 6, 0.97142857142857153, 4), (418, 10, 0.97142857142857153, 4), (756, 17, 0.97142857142857153, 4), (417, 11, 0.97142857142857153, 4), (446, 13, 0.97142857142857153, 1), (766, 8, 0.97142857142857153, 3), (2042, 9, 0.97142857142857153, 0), (520, 5, 0.97142857142857153, 1), (2254, 14, 0.97142857142857153, 0), (119, 13, 0.97142857142857153, 4), (2266, 12, 0.97142857142857153, 1), (845, 17, 0.97142857142857153, 4), (2031, 20, 0.97142857142857153, 0), (116, 7, 0.97142857142857153, 4), (816, 10, 0.97142857142857153, 0), (755, 18, 0.97142857142857153, 4), (239, 8, 0.97142857142857153, 4), (241, 6, 0.97142857142857153, 4), (1593, 13, 0.97142857142857153, 0), (2256, 12, 0.97142857142857153, 0), (292, 10, 0.97142857142857153, 0), (449, 8, 0.97142857142857153, 1)]
>: [(1676, 10, 0.97857142857142865, 1)]
using time: 12926.328883171082