>: [(3249, 1, 0.57833333333333337, 1)]
>: [(2350, 5, 0.63500000000000001, 1)]
>: [(3366, 3, 0.67333333333333334, 1)]
>: [(330, 11, 0.93000000000000005, 4)]
>: [(1, 8, 1.0, 0)]
=: [(1, 8, 1.0, 0), (39, 6, 1.0, 4)]
=: [(1, 8, 1.0, 0), (39, 6, 1.0, 4), (53, 16, 1.0, 3)]
=: [(1, 8, 1.0, 0), (39, 6, 1.0, 4), (53, 16, 1.0, 3), (40, 6, 1.0, 0)]
=: [(1, 8, 1.0, 0), (39, 6, 1.0, 4), (53, 16, 1.0, 3), (40, 6, 1.0, 0), (206, 17, 1.0, 0)]
=: [(1, 8, 1.0, 0), (39, 6, 1.0, 4), (53, 16, 1.0, 3), (40, 6, 1.0, 0), (206, 17, 1.0, 0), (46, 6, 1.0, 0)]
=: [(1, 8, 1.0, 0), (39, 6, 1.0, 4), (53, 16, 1.0, 3), (40, 6, 1.0, 0), (206, 17, 1.0, 0), (46, 6, 1.0, 0), (4, 5, 1.0, 0)]
=: [(1, 8, 1.0, 0), (39, 6, 1.0, 4), (53, 16, 1.0, 3), (40, 6, 1.0, 0), (206, 17, 1.0, 0), (46, 6, 1.0, 0), (4, 5, 1.0, 0), (208, 16, 1.0, 4)]
=: [(1, 8, 1.0, 0), (39, 6, 1.0, 4), (53, 16, 1.0, 3), (40, 6, 1.0, 0), (206, 17, 1.0, 0), (46, 6, 1.0, 0), (4, 5, 1.0, 0), (208, 16, 1.0, 4), (48, 10, 1.0, 3)]
=: [(1, 8, 1.0, 0), (39, 6, 1.0, 4), (53, 16, 1.0, 3), (40, 6, 1.0, 0), (206, 17, 1.0, 0), (46, 6, 1.0, 0), (4, 5, 1.0, 0), (208, 16, 1.0, 4), (48, 10, 1.0, 3), (38, 8, 1.0, 4)]
=: [(1, 8, 1.0, 0), (39, 6, 1.0, 4), (53, 16, 1.0, 3), (40, 6, 1.0, 0), (206, 17, 1.0, 0), (46, 6, 1.0, 0), (4, 5, 1.0, 0), (208, 16, 1.0, 4), (48, 10, 1.0, 3), (38, 8, 1.0, 4), (0, 9, 1.0, 4)]
=: [(1, 8, 1.0, 0), (39, 6, 1.0, 4), (53, 16, 1.0, 3), (40, 6, 1.0, 0), (206, 17, 1.0, 0), (46, 6, 1.0, 0), (4, 5, 1.0, 0), (208, 16, 1.0, 4), (48, 10, 1.0, 3), (38, 8, 1.0, 4), (0, 9, 1.0, 4), (44, 10, 1.0, 4)]
=: [(1, 8, 1.0, 0), (39, 6, 1.0, 4), (53, 16, 1.0, 3), (40, 6, 1.0, 0), (206, 17, 1.0, 0), (46, 6, 1.0, 0), (4, 5, 1.0, 0), (208, 16, 1.0, 4), (48, 10, 1.0, 3), (38, 8, 1.0, 4), (0, 9, 1.0, 4), (44, 10, 1.0, 4), (5, 4, 1.0, 1)]
=: [(1, 8, 1.0, 0), (39, 6, 1.0, 4), (53, 16, 1.0, 3), (40, 6, 1.0, 0), (206, 17, 1.0, 0), (46, 6, 1.0, 0), (4, 5, 1.0, 0), (208, 16, 1.0, 4), (48, 10, 1.0, 3), (38, 8, 1.0, 4), (0, 9, 1.0, 4), (44, 10, 1.0, 4), (5, 4, 1.0, 1), (54, 15, 1.0, 3)]
=: [(1, 8, 1.0, 0), (39, 6, 1.0, 4), (53, 16, 1.0, 3), (40, 6, 1.0, 0), (206, 17, 1.0, 0), (46, 6, 1.0, 0), (4, 5, 1.0, 0), (208, 16, 1.0, 4), (48, 10, 1.0, 3), (38, 8, 1.0, 4), (0, 9, 1.0, 4), (44, 10, 1.0, 4), (5, 4, 1.0, 1), (54, 15, 1.0, 3), (35, 11, 1.0, 0)]
=: [(1, 8, 1.0, 0), (39, 6, 1.0, 4), (53, 16, 1.0, 3), (40, 6, 1.0, 0), (206, 17, 1.0, 0), (46, 6, 1.0, 0), (4, 5, 1.0, 0), (208, 16, 1.0, 4), (48, 10, 1.0, 3), (38, 8, 1.0, 4), (0, 9, 1.0, 4), (44, 10, 1.0, 4), (5, 4, 1.0, 1), (54, 15, 1.0, 3), (35, 11, 1.0, 0), (2, 7, 1.0, 0)]
=: [(1, 8, 1.0, 0), (39, 6, 1.0, 4), (53, 16, 1.0, 3), (40, 6, 1.0, 0), (206, 17, 1.0, 0), (46, 6, 1.0, 0), (4, 5, 1.0, 0), (208, 16, 1.0, 4), (48, 10, 1.0, 3), (38, 8, 1.0, 4), (0, 9, 1.0, 4), (44, 10, 1.0, 4), (5, 4, 1.0, 1), (54, 15, 1.0, 3), (35, 11, 1.0, 0), (2, 7, 1.0, 0), (210, 14, 1.0, 4)]
=: [(1, 8, 1.0, 0), (39, 6, 1.0, 4), (53, 16, 1.0, 3), (40, 6, 1.0, 0), (206, 17, 1.0, 0), (46, 6, 1.0, 0), (4, 5, 1.0, 0), (208, 16, 1.0, 4), (48, 10, 1.0, 3), (38, 8, 1.0, 4), (0, 9, 1.0, 4), (44, 10, 1.0, 4), (5, 4, 1.0, 1), (54, 15, 1.0, 3), (35, 11, 1.0, 0), (2, 7, 1.0, 0), (210, 14, 1.0, 4), (7, 12, 1.0, 0)]
=: [(1, 8, 1.0, 0), (39, 6, 1.0, 4), (53, 16, 1.0, 3), (40, 6, 1.0, 0), (206, 17, 1.0, 0), (46, 6, 1.0, 0), (4, 5, 1.0, 0), (208, 16, 1.0, 4), (48, 10, 1.0, 3), (38, 8, 1.0, 4), (0, 9, 1.0, 4), (44, 10, 1.0, 4), (5, 4, 1.0, 1), (54, 15, 1.0, 3), (35, 11, 1.0, 0), (2, 7, 1.0, 0), (210, 14, 1.0, 4), (7, 12, 1.0, 0), (0, 9, 1.0, 4)]
using time: 1111.784105539322