>: [(18802, 2, 0.63333333333333341, 1)]
>: [(2640, 7, 0.91785714285714293, 4)]
>: [(1206, 6, 0.94285714285714284, 3)]
>: [(14, 9, 0.99285714285714288, 4)]
>: [(399, 5, 1.0, 4)]
=: [(399, 5, 1.0, 4), (359, 10, 1.0, 1)]
=: [(399, 5, 1.0, 4), (359, 10, 1.0, 1), (17, 3, 1.0, 4)]
=: [(399, 5, 1.0, 4), (359, 10, 1.0, 1), (17, 3, 1.0, 4), (425, 11, 1.0, 1)]
=: [(399, 5, 1.0, 4), (359, 10, 1.0, 1), (17, 3, 1.0, 4), (425, 11, 1.0, 1), (4224, 14, 1.0, 3)]
=: [(399, 5, 1.0, 4), (359, 10, 1.0, 1), (17, 3, 1.0, 4), (425, 11, 1.0, 1), (4224, 14, 1.0, 3), (1230, 14, 1.0, 0)]
=: [(399, 5, 1.0, 4), (359, 10, 1.0, 1), (17, 3, 1.0, 4), (425, 11, 1.0, 1), (4224, 14, 1.0, 3), (1230, 14, 1.0, 0), (492, 20, 1.0, 3)]
=: [(399, 5, 1.0, 4), (359, 10, 1.0, 1), (17, 3, 1.0, 4), (425, 11, 1.0, 1), (4224, 14, 1.0, 3), (1230, 14, 1.0, 0), (492, 20, 1.0, 3), (360, 8, 1.0, 0)]
=: [(399, 5, 1.0, 4), (359, 10, 1.0, 1), (17, 3, 1.0, 4), (425, 11, 1.0, 1), (4224, 14, 1.0, 3), (1230, 14, 1.0, 0), (492, 20, 1.0, 3), (360, 8, 1.0, 0), (740, 14, 1.0, 3)]
=: [(399, 5, 1.0, 4), (359, 10, 1.0, 1), (17, 3, 1.0, 4), (425, 11, 1.0, 1), (4224, 14, 1.0, 3), (1230, 14, 1.0, 0), (492, 20, 1.0, 3), (360, 8, 1.0, 0), (740, 14, 1.0, 3), (395, 9, 1.0, 4)]
=: [(399, 5, 1.0, 4), (359, 10, 1.0, 1), (17, 3, 1.0, 4), (425, 11, 1.0, 1), (4224, 14, 1.0, 3), (1230, 14, 1.0, 0), (492, 20, 1.0, 3), (360, 8, 1.0, 0), (740, 14, 1.0, 3), (395, 9, 1.0, 4), (68, 3, 1.0, 3)]
=: [(399, 5, 1.0, 4), (359, 10, 1.0, 1), (17, 3, 1.0, 4), (425, 11, 1.0, 1), (4224, 14, 1.0, 3), (1230, 14, 1.0, 0), (492, 20, 1.0, 3), (360, 8, 1.0, 0), (740, 14, 1.0, 3), (395, 9, 1.0, 4), (68, 3, 1.0, 3), (423, 17, 1.0, 0)]
=: [(399, 5, 1.0, 4), (359, 10, 1.0, 1), (17, 3, 1.0, 4), (425, 11, 1.0, 1), (4224, 14, 1.0, 3), (1230, 14, 1.0, 0), (492, 20, 1.0, 3), (360, 8, 1.0, 0), (740, 14, 1.0, 3), (395, 9, 1.0, 4), (68, 3, 1.0, 3), (423, 17, 1.0, 0), (741, 13, 1.0, 3)]
=: [(399, 5, 1.0, 4), (359, 10, 1.0, 1), (17, 3, 1.0, 4), (425, 11, 1.0, 1), (4224, 14, 1.0, 3), (1230, 14, 1.0, 0), (492, 20, 1.0, 3), (360, 8, 1.0, 0), (740, 14, 1.0, 3), (395, 9, 1.0, 4), (68, 3, 1.0, 3), (423, 17, 1.0, 0), (741, 13, 1.0, 3), (505, 11, 1.0, 0)]
=: [(399, 5, 1.0, 4), (359, 10, 1.0, 1), (17, 3, 1.0, 4), (425, 11, 1.0, 1), (4224, 14, 1.0, 3), (1230, 14, 1.0, 0), (492, 20, 1.0, 3), (360, 8, 1.0, 0), (740, 14, 1.0, 3), (395, 9, 1.0, 4), (68, 3, 1.0, 3), (423, 17, 1.0, 0), (741, 13, 1.0, 3), (505, 11, 1.0, 0), (502, 14, 1.0, 0)]
=: [(399, 5, 1.0, 4), (359, 10, 1.0, 1), (17, 3, 1.0, 4), (425, 11, 1.0, 1), (4224, 14, 1.0, 3), (1230, 14, 1.0, 0), (492, 20, 1.0, 3), (360, 8, 1.0, 0), (740, 14, 1.0, 3), (395, 9, 1.0, 4), (68, 3, 1.0, 3), (423, 17, 1.0, 0), (741, 13, 1.0, 3), (505, 11, 1.0, 0), (502, 14, 1.0, 0), (398, 8, 1.0, 0)]
using time: 11916.794870853424