>: [(2350, 1, 0.70595238095238089, 1)]
>: [(330, 11, 0.94583333333333341, 1)]
>: [(150, 5, 0.96250000000000002, 4)]
>: [(1, 2, 0.98750000000000004, 3)]
=: [(1, 2, 0.98750000000000004, 3), (116, 19, 0.98750000000000004, 4)]
=: [(1, 2, 0.98750000000000004, 3), (116, 19, 0.98750000000000004, 4), (69, 10, 0.98750000000000004, 0)]
=: [(1, 2, 0.98750000000000004, 3), (116, 19, 0.98750000000000004, 4), (69, 10, 0.98750000000000004, 0), (75, 7, 0.98750000000000004, 4)]
=: [(1, 2, 0.98750000000000004, 3), (116, 19, 0.98750000000000004, 4), (69, 10, 0.98750000000000004, 0), (75, 7, 0.98750000000000004, 4), (123, 18, 0.98750000000000004, 0)]
=: [(1, 2, 0.98750000000000004, 3), (116, 19, 0.98750000000000004, 4), (69, 10, 0.98750000000000004, 0), (75, 7, 0.98750000000000004, 4), (123, 18, 0.98750000000000004, 0), (126, 13, 0.98750000000000004, 4)]
=: [(1, 2, 0.98750000000000004, 3), (116, 19, 0.98750000000000004, 4), (69, 10, 0.98750000000000004, 0), (75, 7, 0.98750000000000004, 4), (123, 18, 0.98750000000000004, 0), (126, 13, 0.98750000000000004, 4), (133, 9, 0.98750000000000004, 4)]
=: [(1, 2, 0.98750000000000004, 3), (116, 19, 0.98750000000000004, 4), (69, 10, 0.98750000000000004, 0), (75, 7, 0.98750000000000004, 4), (123, 18, 0.98750000000000004, 0), (126, 13, 0.98750000000000004, 4), (133, 9, 0.98750000000000004, 4), (124, 15, 0.98750000000000004, 4)]
=: [(1, 2, 0.98750000000000004, 3), (116, 19, 0.98750000000000004, 4), (69, 10, 0.98750000000000004, 0), (75, 7, 0.98750000000000004, 4), (123, 18, 0.98750000000000004, 0), (126, 13, 0.98750000000000004, 4), (133, 9, 0.98750000000000004, 4), (124, 15, 0.98750000000000004, 4), (245, 12, 0.98750000000000004, 3)]
=: [(1, 2, 0.98750000000000004, 3), (116, 19, 0.98750000000000004, 4), (69, 10, 0.98750000000000004, 0), (75, 7, 0.98750000000000004, 4), (123, 18, 0.98750000000000004, 0), (126, 13, 0.98750000000000004, 4), (133, 9, 0.98750000000000004, 4), (124, 15, 0.98750000000000004, 4), (245, 12, 0.98750000000000004, 3), (168, 19, 0.98750000000000004, 3)]
>: [(6, 7, 1.0, 3)]
=: [(6, 7, 1.0, 3), (122, 16, 1.0, 4)]
=: [(6, 7, 1.0, 3), (122, 16, 1.0, 4), (4, 6, 1.0, 0)]
=: [(6, 7, 1.0, 3), (122, 16, 1.0, 4), (4, 6, 1.0, 0), (119, 17, 1.0, 4)]
=: [(6, 7, 1.0, 3), (122, 16, 1.0, 4), (4, 6, 1.0, 0), (119, 17, 1.0, 4), (30, 12, 1.0, 4)]
using time: 932.2972526550293