>: [(51992, 1, 0.52500000000000002, 2)]
>: [(37605, 2, 0.59999999999999998, 4)]
=: [(37605, 2, 0.59999999999999998, 4), (53867, 3, 0.59999999999999998, 2)]
>: [(5280, 1, 0.69999999999999996, 1)]
=: [(5280, 1, 0.69999999999999996, 1), (49952, 2, 0.69999999999999996, 2)]
>: [(17145, 2, 0.75, 1)]
>: [(2413, 7, 0.875, 2)]
>: [(29, 6, 0.92500000000000004, 3)]
=: [(29, 6, 0.92500000000000004, 3), (820, 9, 0.92500000000000004, 1)]
>: [(816, 18, 0.94999999999999996, 1)]
=: [(816, 18, 0.94999999999999996, 1), (13, 7, 0.94999999999999996, 3)]
=: [(816, 18, 0.94999999999999996, 1), (13, 7, 0.94999999999999996, 3), (473, 8, 0.94999999999999996, 4)]
>: [(25, 9, 1.0, 4)]
=: [(25, 9, 1.0, 4), (0, 10, 1.0, 3)]
=: [(25, 9, 1.0, 4), (0, 10, 1.0, 3), (0, 10, 1.0, 3)]
using time: 12274.136494874954