>: [(2652, 13, 0.83392857142857157, 4)]
>: [(1235, 5, 0.90833333333333344, 3)]
>: [(395, 15, 0.91249999999999998, 1)]
=: [(395, 15, 0.91249999999999998, 1), (475, 11, 0.91249999999999998, 4)]
>: [(307, 9, 0.92500000000000004, 0)]
=: [(307, 9, 0.92500000000000004, 0), (484, 11, 0.92500000000000004, 4)]
=: [(307, 9, 0.92500000000000004, 0), (484, 11, 0.92500000000000004, 4), (670, 11, 0.92500000000000004, 4)]
=: [(307, 9, 0.92500000000000004, 0), (484, 11, 0.92500000000000004, 4), (670, 11, 0.92500000000000004, 4), (321, 8, 0.92500000000000004, 3)]
>: [(563, 8, 0.94999999999999996, 4)]
>: [(98, 9, 0.98750000000000004, 1)]
=: [(98, 9, 0.98750000000000004, 1), (32, 11, 0.98750000000000004, 0)]
=: [(98, 9, 0.98750000000000004, 1), (32, 11, 0.98750000000000004, 0), (94, 11, 0.98750000000000004, 1)]
=: [(98, 9, 0.98750000000000004, 1), (32, 11, 0.98750000000000004, 0), (94, 11, 0.98750000000000004, 1), (125, 11, 0.98750000000000004, 3)]
=: [(98, 9, 0.98750000000000004, 1), (32, 11, 0.98750000000000004, 0), (94, 11, 0.98750000000000004, 1), (125, 11, 0.98750000000000004, 3), (102, 8, 0.98750000000000004, 0)]
=: [(98, 9, 0.98750000000000004, 1), (32, 11, 0.98750000000000004, 0), (94, 11, 0.98750000000000004, 1), (125, 11, 0.98750000000000004, 3), (102, 8, 0.98750000000000004, 0), (11, 6, 0.98750000000000004, 1)]
=: [(98, 9, 0.98750000000000004, 1), (32, 11, 0.98750000000000004, 0), (94, 11, 0.98750000000000004, 1), (125, 11, 0.98750000000000004, 3), (102, 8, 0.98750000000000004, 0), (11, 6, 0.98750000000000004, 1), (93, 10, 0.98750000000000004, 1)]
=: [(98, 9, 0.98750000000000004, 1), (32, 11, 0.98750000000000004, 0), (94, 11, 0.98750000000000004, 1), (125, 11, 0.98750000000000004, 3), (102, 8, 0.98750000000000004, 0), (11, 6, 0.98750000000000004, 1), (93, 10, 0.98750000000000004, 1), (206, 7, 0.98750000000000004, 3)]
=: [(98, 9, 0.98750000000000004, 1), (32, 11, 0.98750000000000004, 0), (94, 11, 0.98750000000000004, 1), (125, 11, 0.98750000000000004, 3), (102, 8, 0.98750000000000004, 0), (11, 6, 0.98750000000000004, 1), (93, 10, 0.98750000000000004, 1), (206, 7, 0.98750000000000004, 3), (101, 13, 0.98750000000000004, 1)]
=: [(98, 9, 0.98750000000000004, 1), (32, 11, 0.98750000000000004, 0), (94, 11, 0.98750000000000004, 1), (125, 11, 0.98750000000000004, 3), (102, 8, 0.98750000000000004, 0), (11, 6, 0.98750000000000004, 1), (93, 10, 0.98750000000000004, 1), (206, 7, 0.98750000000000004, 3), (101, 13, 0.98750000000000004, 1), (35, 8, 0.98750000000000004, 0)]
=: [(98, 9, 0.98750000000000004, 1), (32, 11, 0.98750000000000004, 0), (94, 11, 0.98750000000000004, 1), (125, 11, 0.98750000000000004, 3), (102, 8, 0.98750000000000004, 0), (11, 6, 0.98750000000000004, 1), (93, 10, 0.98750000000000004, 1), (206, 7, 0.98750000000000004, 3), (101, 13, 0.98750000000000004, 1), (35, 8, 0.98750000000000004, 0), (103, 11, 0.98750000000000004, 0)]
=: [(98, 9, 0.98750000000000004, 1), (32, 11, 0.98750000000000004, 0), (94, 11, 0.98750000000000004, 1), (125, 11, 0.98750000000000004, 3), (102, 8, 0.98750000000000004, 0), (11, 6, 0.98750000000000004, 1), (93, 10, 0.98750000000000004, 1), (206, 7, 0.98750000000000004, 3), (101, 13, 0.98750000000000004, 1), (35, 8, 0.98750000000000004, 0), (103, 11, 0.98750000000000004, 0), (365, 23, 0.98750000000000004, 4)]
=: [(98, 9, 0.98750000000000004, 1), (32, 11, 0.98750000000000004, 0), (94, 11, 0.98750000000000004, 1), (125, 11, 0.98750000000000004, 3), (102, 8, 0.98750000000000004, 0), (11, 6, 0.98750000000000004, 1), (93, 10, 0.98750000000000004, 1), (206, 7, 0.98750000000000004, 3), (101, 13, 0.98750000000000004, 1), (35, 8, 0.98750000000000004, 0), (103, 11, 0.98750000000000004, 0), (365, 23, 0.98750000000000004, 4), (97, 11, 0.98750000000000004, 0)]
=: [(98, 9, 0.98750000000000004, 1), (32, 11, 0.98750000000000004, 0), (94, 11, 0.98750000000000004, 1), (125, 11, 0.98750000000000004, 3), (102, 8, 0.98750000000000004, 0), (11, 6, 0.98750000000000004, 1), (93, 10, 0.98750000000000004, 1), (206, 7, 0.98750000000000004, 3), (101, 13, 0.98750000000000004, 1), (35, 8, 0.98750000000000004, 0), (103, 11, 0.98750000000000004, 0), (365, 23, 0.98750000000000004, 4), (97, 11, 0.98750000000000004, 0), (207, 6, 0.98750000000000004, 3)]
using time: 1835.5343434810638