>: [(5305, 2, 0.59909090909090901, 2)]
>: [(2471, 3, 0.65727272727272734, 1)]
>: [(791, 7, 0.73454545454545461, 3)]
>: [(1186, 8, 0.8627272727272729, 4)]
>: [(197, 7, 0.87181818181818183, 3)]
>: [(884, 8, 0.8827272727272728, 0)]
>: [(3, 12, 0.93090909090909091, 1)]
>: [(189, 10, 0.94000000000000006, 4)]
=: [(189, 10, 0.94000000000000006, 4), (192, 6, 0.94000000000000006, 0)]
=: [(189, 10, 0.94000000000000006, 4), (192, 6, 0.94000000000000006, 0), (103, 20, 0.94000000000000006, 4)]
=: [(189, 10, 0.94000000000000006, 4), (192, 6, 0.94000000000000006, 0), (103, 20, 0.94000000000000006, 4), (186, 12, 0.94000000000000006, 3)]
=: [(189, 10, 0.94000000000000006, 4), (192, 6, 0.94000000000000006, 0), (103, 20, 0.94000000000000006, 4), (186, 12, 0.94000000000000006, 3), (188, 11, 0.94000000000000006, 4)]
>: [(6, 6, 0.95090909090909093, 1)]
=: [(6, 6, 0.95090909090909093, 1), (7, 8, 0.95090909090909093, 3)]
using time: 3630.6368894577026