>: [(5305, 1, 0.76043956043956051, 1)]
>: [(2471, 3, 0.78461538461538471, 3)]
>: [(791, 9, 0.95961538461538454, 1)]
>: [(197, 8, 0.99285714285714288, 0)]
>: [(3, 2, 1.0, 4)]
=: [(3, 2, 1.0, 4), (189, 9, 1.0, 1)]
=: [(3, 2, 1.0, 4), (189, 9, 1.0, 1), (17, 3, 1.0, 0)]
=: [(3, 2, 1.0, 4), (189, 9, 1.0, 1), (17, 3, 1.0, 0), (54, 4, 1.0, 4)]
=: [(3, 2, 1.0, 4), (189, 9, 1.0, 1), (17, 3, 1.0, 0), (54, 4, 1.0, 4), (2, 2, 1.0, 0)]
=: [(3, 2, 1.0, 4), (189, 9, 1.0, 1), (17, 3, 1.0, 0), (54, 4, 1.0, 4), (2, 2, 1.0, 0), (22, 3, 1.0, 1)]
=: [(3, 2, 1.0, 4), (189, 9, 1.0, 1), (17, 3, 1.0, 0), (54, 4, 1.0, 4), (2, 2, 1.0, 0), (22, 3, 1.0, 1), (18, 2, 1.0, 0)]
=: [(3, 2, 1.0, 4), (189, 9, 1.0, 1), (17, 3, 1.0, 0), (54, 4, 1.0, 4), (2, 2, 1.0, 0), (22, 3, 1.0, 1), (18, 2, 1.0, 0), (171, 6, 1.0, 0)]
=: [(3, 2, 1.0, 4), (189, 9, 1.0, 1), (17, 3, 1.0, 0), (54, 4, 1.0, 4), (2, 2, 1.0, 0), (22, 3, 1.0, 1), (18, 2, 1.0, 0), (171, 6, 1.0, 0), (110, 5, 1.0, 0)]
=: [(3, 2, 1.0, 4), (189, 9, 1.0, 1), (17, 3, 1.0, 0), (54, 4, 1.0, 4), (2, 2, 1.0, 0), (22, 3, 1.0, 1), (18, 2, 1.0, 0), (171, 6, 1.0, 0), (110, 5, 1.0, 0), (47, 5, 1.0, 3)]
=: [(3, 2, 1.0, 4), (189, 9, 1.0, 1), (17, 3, 1.0, 0), (54, 4, 1.0, 4), (2, 2, 1.0, 0), (22, 3, 1.0, 1), (18, 2, 1.0, 0), (171, 6, 1.0, 0), (110, 5, 1.0, 0), (47, 5, 1.0, 3), (0, 1, 1.0, 0)]
using time: 218.60311889648438