>: [(9361, 1, 0.80934065934065935, 0)]
>: [(533, 3, 0.81062271062271063, 3)]
=: [(533, 3, 0.81062271062271063, 3), (7906, 1, 0.81062271062271063, 1)]
>: [(243, 2, 0.83305860805860799, 1)]
>: [(6354, 3, 0.83489010989010981, 1)]
>: [(2384, 6, 0.83965201465201456, 1)]
>: [(3184, 2, 0.84377289377289377, 1)]
>: [(6860, 1, 0.84972527472527459, 1)]
>: [(57, 7, 0.85036630036630034, 3)]
=: [(57, 7, 0.85036630036630034, 3), (9, 5, 0.85036630036630034, 4)]
>: [(53, 9, 0.87408424908424909, 1)]
using time: 2500.3725476264954