>: [(37447, 2, 0.55000000000000004, 1)]
>: [(2135, 6, 0.77500000000000002, 0)]
>: [(972, 9, 0.80000000000000004, 3)]
>: [(265, 8, 0.90000000000000002, 3)]
=: [(265, 8, 0.90000000000000002, 3), (185, 9, 0.90000000000000002, 1)]
=: [(265, 8, 0.90000000000000002, 3), (185, 9, 0.90000000000000002, 1), (2156, 14, 0.90000000000000002, 3)]
=: [(265, 8, 0.90000000000000002, 3), (185, 9, 0.90000000000000002, 1), (2156, 14, 0.90000000000000002, 3), (1235, 9, 0.90000000000000002, 2)]
=: [(265, 8, 0.90000000000000002, 3), (185, 9, 0.90000000000000002, 1), (2156, 14, 0.90000000000000002, 3), (1235, 9, 0.90000000000000002, 2), (357, 11, 0.90000000000000002, 1)]
>: [(2827, 15, 0.92500000000000004, 4)]
>: [(462, 6, 0.94999999999999996, 1)]
=: [(462, 6, 0.94999999999999996, 1), (560, 10, 0.94999999999999996, 3)]
=: [(462, 6, 0.94999999999999996, 1), (560, 10, 0.94999999999999996, 3), (1239, 5, 0.94999999999999996, 2)]
>: [(562, 17, 0.97499999999999998, 3)]
=: [(562, 17, 0.97499999999999998, 3), (27, 13, 0.97499999999999998, 4)]
=: [(562, 17, 0.97499999999999998, 3), (27, 13, 0.97499999999999998, 4), (26, 8, 0.97499999999999998, 4)]
=: [(562, 17, 0.97499999999999998, 3), (27, 13, 0.97499999999999998, 4), (26, 8, 0.97499999999999998, 4), (782, 18, 0.97499999999999998, 3)]
=: [(562, 17, 0.97499999999999998, 3), (27, 13, 0.97499999999999998, 4), (26, 8, 0.97499999999999998, 4), (782, 18, 0.97499999999999998, 3), (477, 10, 0.97499999999999998, 4)]
=: [(562, 17, 0.97499999999999998, 3), (27, 13, 0.97499999999999998, 4), (26, 8, 0.97499999999999998, 4), (782, 18, 0.97499999999999998, 3), (477, 10, 0.97499999999999998, 4), (254, 7, 0.97499999999999998, 4)]
>: [(0, 10, 1.0, 3)]
=: [(0, 10, 1.0, 3), (0, 10, 1.0, 3)]
using time: 11977.332434892654