>: [(663, 15, 0.82380952380952388, 4)]
>: [(308, 5, 0.82857142857142863, 4)]
>: [(98, 14, 0.90238095238095239, 4)]
>: [(128, 6, 0.91666666666666663, 1)]
=: [(128, 6, 0.91666666666666663, 1), (8, 8, 0.91666666666666663, 1)]
=: [(128, 6, 0.91666666666666663, 1), (8, 8, 0.91666666666666663, 1), (0, 5, 0.91666666666666663, 3)]
=: [(128, 6, 0.91666666666666663, 1), (8, 8, 0.91666666666666663, 1), (0, 5, 0.91666666666666663, 3), (3, 7, 0.91666666666666663, 3)]
>: [(408, 9, 0.92142857142857149, 3)]
=: [(408, 9, 0.92142857142857149, 3), (37, 10, 0.92142857142857149, 2)]
>: [(7, 5, 0.93333333333333335, 3)]
=: [(7, 5, 0.93333333333333335, 3), (273, 12, 0.93333333333333335, 0)]
using time: 576.5672125816345