>: [(1326, 1, 0.66666666666666663, 2)]
>: [(617, 4, 0.80833333333333324, 1)]
>: [(197, 18, 0.97499999999999998, 4)]
>: [(242, 13, 0.98000000000000009, 4)]
=: [(242, 13, 0.98000000000000009, 4), (49, 12, 0.98000000000000009, 0)]
>: [(16, 5, 1.0, 3)]
=: [(16, 5, 1.0, 3), (0, 9, 1.0, 4)]
=: [(16, 5, 1.0, 3), (0, 9, 1.0, 4), (7, 12, 1.0, 0)]
=: [(16, 5, 1.0, 3), (0, 9, 1.0, 4), (7, 12, 1.0, 0), (47, 5, 1.0, 0)]
=: [(16, 5, 1.0, 3), (0, 9, 1.0, 4), (7, 12, 1.0, 0), (47, 5, 1.0, 0), (206, 17, 1.0, 0)]
=: [(16, 5, 1.0, 3), (0, 9, 1.0, 4), (7, 12, 1.0, 0), (47, 5, 1.0, 0), (206, 17, 1.0, 0), (4, 5, 1.0, 0)]
=: [(16, 5, 1.0, 3), (0, 9, 1.0, 4), (7, 12, 1.0, 0), (47, 5, 1.0, 0), (206, 17, 1.0, 0), (4, 5, 1.0, 0), (207, 16, 1.0, 0)]
=: [(16, 5, 1.0, 3), (0, 9, 1.0, 4), (7, 12, 1.0, 0), (47, 5, 1.0, 0), (206, 17, 1.0, 0), (4, 5, 1.0, 0), (207, 16, 1.0, 0), (48, 10, 1.0, 3)]
=: [(16, 5, 1.0, 3), (0, 9, 1.0, 4), (7, 12, 1.0, 0), (47, 5, 1.0, 0), (206, 17, 1.0, 0), (4, 5, 1.0, 0), (207, 16, 1.0, 0), (48, 10, 1.0, 3), (5, 4, 1.0, 1)]
=: [(16, 5, 1.0, 3), (0, 9, 1.0, 4), (7, 12, 1.0, 0), (47, 5, 1.0, 0), (206, 17, 1.0, 0), (4, 5, 1.0, 0), (207, 16, 1.0, 0), (48, 10, 1.0, 3), (5, 4, 1.0, 1), (35, 11, 1.0, 0)]
=: [(16, 5, 1.0, 3), (0, 9, 1.0, 4), (7, 12, 1.0, 0), (47, 5, 1.0, 0), (206, 17, 1.0, 0), (4, 5, 1.0, 0), (207, 16, 1.0, 0), (48, 10, 1.0, 3), (5, 4, 1.0, 1), (35, 11, 1.0, 0), (46, 6, 1.0, 0)]
=: [(16, 5, 1.0, 3), (0, 9, 1.0, 4), (7, 12, 1.0, 0), (47, 5, 1.0, 0), (206, 17, 1.0, 0), (4, 5, 1.0, 0), (207, 16, 1.0, 0), (48, 10, 1.0, 3), (5, 4, 1.0, 1), (35, 11, 1.0, 0), (46, 6, 1.0, 0), (210, 14, 1.0, 4)]
=: [(16, 5, 1.0, 3), (0, 9, 1.0, 4), (7, 12, 1.0, 0), (47, 5, 1.0, 0), (206, 17, 1.0, 0), (4, 5, 1.0, 0), (207, 16, 1.0, 0), (48, 10, 1.0, 3), (5, 4, 1.0, 1), (35, 11, 1.0, 0), (46, 6, 1.0, 0), (210, 14, 1.0, 4), (1, 8, 1.0, 0)]
=: [(16, 5, 1.0, 3), (0, 9, 1.0, 4), (7, 12, 1.0, 0), (47, 5, 1.0, 0), (206, 17, 1.0, 0), (4, 5, 1.0, 0), (207, 16, 1.0, 0), (48, 10, 1.0, 3), (5, 4, 1.0, 1), (35, 11, 1.0, 0), (46, 6, 1.0, 0), (210, 14, 1.0, 4), (1, 8, 1.0, 0), (0, 9, 1.0, 4)]
using time: 1109.2357759475708