>: [(5305, 1, 0.79276960784313721, 0)]
=: [(5305, 1, 0.79276960784313721, 0), (2471, 1, 0.79276960784313721, 0)]
=: [(5305, 1, 0.79276960784313721, 0), (2471, 1, 0.79276960784313721, 0), (6468, 1, 0.79276960784313721, 0)]
=: [(5305, 1, 0.79276960784313721, 0), (2471, 1, 0.79276960784313721, 0), (6468, 1, 0.79276960784313721, 0), (10664, 1, 0.79276960784313721, 0)]
=: [(5305, 1, 0.79276960784313721, 0), (2471, 1, 0.79276960784313721, 0), (6468, 1, 0.79276960784313721, 0), (10664, 1, 0.79276960784313721, 0), (791, 1, 0.79276960784313721, 0)]
>: [(1186, 9, 0.81568627450980391, 1)]
>: [(1542, 11, 0.83823529411764708, 4)]
>: [(642, 11, 0.83892973856209152, 1)]
>: [(369, 15, 0.86948529411764708, 4)]
>: [(67, 17, 0.88611111111111107, 4)]
>: [(110, 11, 0.88615196078431369, 4)]
>: [(1, 18, 0.88684640522875813, 4)]
using time: 3049.904559612274