>: [(3792, 1, 0.65047619047619043, 4)]
=: [(3792, 1, 0.65047619047619043, 4), (5023, 1, 0.65047619047619043, 0)]
=: [(3792, 1, 0.65047619047619043, 4), (5023, 1, 0.65047619047619043, 0), (3058, 1, 0.65047619047619043, 3)]
>: [(2188, 3, 0.70380952380952377, 1)]
>: [(1134, 3, 0.76238095238095238, 2)]
>: [(52, 6, 0.81571428571428584, 1)]
>: [(413, 3, 0.82047619047619058, 1)]
>: [(100, 11, 0.82904761904761914, 4)]
>: [(766, 8, 0.84333333333333338, 1)]
>: [(103, 7, 0.84571428571428575, 4)]
>: [(15, 5, 0.84904761904761905, 4)]
>: [(381, 15, 0.85142857142857165, 4)]
>: [(105, 6, 0.85238095238095257, 4)]
>: [(18, 10, 0.85999999999999999, 3)]
using time: 1486.7041773796082