>: [(15171, 14, 0.78214285714285725, 3)]
>: [(8753, 5, 0.79107142857142854, 0)]
>: [(4539, 19, 0.88214285714285712, 0)]
>: [(6099, 19, 0.90982142857142867, 4)]
>: [(210, 5, 0.96607142857142869, 4)]
>: [(2255, 13, 0.97142857142857153, 0)]
=: [(2255, 13, 0.97142857142857153, 0), (768, 3, 0.97142857142857153, 3)]
=: [(2255, 13, 0.97142857142857153, 0), (768, 3, 0.97142857142857153, 3), (237, 13, 0.97142857142857153, 1)]
=: [(2255, 13, 0.97142857142857153, 0), (768, 3, 0.97142857142857153, 3), (237, 13, 0.97142857142857153, 1), (2256, 12, 0.97142857142857153, 0)]
=: [(2255, 13, 0.97142857142857153, 0), (768, 3, 0.97142857142857153, 3), (237, 13, 0.97142857142857153, 1), (2256, 12, 0.97142857142857153, 0), (1591, 15, 0.97142857142857153, 0)]
=: [(2255, 13, 0.97142857142857153, 0), (768, 3, 0.97142857142857153, 3), (237, 13, 0.97142857142857153, 1), (2256, 12, 0.97142857142857153, 0), (1591, 15, 0.97142857142857153, 0), (2254, 14, 0.97142857142857153, 0)]
=: [(2255, 13, 0.97142857142857153, 0), (768, 3, 0.97142857142857153, 3), (237, 13, 0.97142857142857153, 1), (2256, 12, 0.97142857142857153, 0), (1591, 15, 0.97142857142857153, 0), (2254, 14, 0.97142857142857153, 0), (2031, 20, 0.97142857142857153, 0)]
=: [(2255, 13, 0.97142857142857153, 0), (768, 3, 0.97142857142857153, 3), (237, 13, 0.97142857142857153, 1), (2256, 12, 0.97142857142857153, 0), (1591, 15, 0.97142857142857153, 0), (2254, 14, 0.97142857142857153, 0), (2031, 20, 0.97142857142857153, 0), (211, 5, 0.97142857142857153, 3)]
>: [(1676, 10, 0.97857142857142865, 1)]
using time: 12836.98842215538