>: [(14823, 13, 0.79880952380952386, 0)]
>: [(14805, 20, 0.82261904761904758, 4)]
>: [(6222, 15, 0.85357142857142843, 1)]
>: [(6050, 13, 0.87023809523809526, 0)]
>: [(14633, 21, 0.89523809523809528, 1)]
>: [(2971, 6, 0.91785714285714293, 0)]
>: [(1372, 6, 0.94166666666666665, 0)]
>: [(491, 6, 0.98333333333333317, 1)]
>: [(17, 3, 1.0, 4)]
=: [(17, 3, 1.0, 4), (810, 4, 1.0, 0)]
=: [(17, 3, 1.0, 4), (810, 4, 1.0, 0), (387, 19, 1.0, 0)]
=: [(17, 3, 1.0, 4), (810, 4, 1.0, 0), (387, 19, 1.0, 0), (505, 11, 1.0, 0)]
=: [(17, 3, 1.0, 4), (810, 4, 1.0, 0), (387, 19, 1.0, 0), (505, 11, 1.0, 0), (738, 16, 1.0, 4)]
=: [(17, 3, 1.0, 4), (810, 4, 1.0, 0), (387, 19, 1.0, 0), (505, 11, 1.0, 0), (738, 16, 1.0, 4), (1230, 14, 1.0, 0)]
=: [(17, 3, 1.0, 4), (810, 4, 1.0, 0), (387, 19, 1.0, 0), (505, 11, 1.0, 0), (738, 16, 1.0, 4), (1230, 14, 1.0, 0), (359, 10, 1.0, 1)]
=: [(17, 3, 1.0, 4), (810, 4, 1.0, 0), (387, 19, 1.0, 0), (505, 11, 1.0, 0), (738, 16, 1.0, 4), (1230, 14, 1.0, 0), (359, 10, 1.0, 1), (501, 15, 1.0, 0)]
=: [(17, 3, 1.0, 4), (810, 4, 1.0, 0), (387, 19, 1.0, 0), (505, 11, 1.0, 0), (738, 16, 1.0, 4), (1230, 14, 1.0, 0), (359, 10, 1.0, 1), (501, 15, 1.0, 0), (386, 20, 1.0, 0)]
=: [(17, 3, 1.0, 4), (810, 4, 1.0, 0), (387, 19, 1.0, 0), (505, 11, 1.0, 0), (738, 16, 1.0, 4), (1230, 14, 1.0, 0), (359, 10, 1.0, 1), (501, 15, 1.0, 0), (386, 20, 1.0, 0), (4218, 18, 1.0, 3)]
=: [(17, 3, 1.0, 4), (810, 4, 1.0, 0), (387, 19, 1.0, 0), (505, 11, 1.0, 0), (738, 16, 1.0, 4), (1230, 14, 1.0, 0), (359, 10, 1.0, 1), (501, 15, 1.0, 0), (386, 20, 1.0, 0), (4218, 18, 1.0, 3), (653, 10, 1.0, 3)]
using time: 12117.188220262527