>: [(3915, 3, 0.61166666666666658, 2)]
>: [(3535, 3, 0.70499999999999996, 1)]
>: [(231, 5, 0.8716666666666667, 3)]
>: [(375, 21, 0.97499999999999998, 3)]
=: [(375, 21, 0.97499999999999998, 3), (96, 14, 0.97499999999999998, 3)]
=: [(375, 21, 0.97499999999999998, 3), (96, 14, 0.97499999999999998, 3), (276, 15, 0.97499999999999998, 4)]
=: [(375, 21, 0.97499999999999998, 3), (96, 14, 0.97499999999999998, 3), (276, 15, 0.97499999999999998, 4), (86, 5, 0.97499999999999998, 4)]
>: [(7, 12, 1.0, 0)]
=: [(7, 12, 1.0, 0), (209, 14, 1.0, 3)]
=: [(7, 12, 1.0, 0), (209, 14, 1.0, 3), (47, 5, 1.0, 0)]
=: [(7, 12, 1.0, 0), (209, 14, 1.0, 3), (47, 5, 1.0, 0), (36, 10, 1.0, 0)]
=: [(7, 12, 1.0, 0), (209, 14, 1.0, 3), (47, 5, 1.0, 0), (36, 10, 1.0, 0), (207, 16, 1.0, 0)]
=: [(7, 12, 1.0, 0), (209, 14, 1.0, 3), (47, 5, 1.0, 0), (36, 10, 1.0, 0), (207, 16, 1.0, 0), (38, 8, 1.0, 4)]
=: [(7, 12, 1.0, 0), (209, 14, 1.0, 3), (47, 5, 1.0, 0), (36, 10, 1.0, 0), (207, 16, 1.0, 0), (38, 8, 1.0, 4), (5, 4, 1.0, 1)]
=: [(7, 12, 1.0, 0), (209, 14, 1.0, 3), (47, 5, 1.0, 0), (36, 10, 1.0, 0), (207, 16, 1.0, 0), (38, 8, 1.0, 4), (5, 4, 1.0, 1), (46, 6, 1.0, 0)]
=: [(7, 12, 1.0, 0), (209, 14, 1.0, 3), (47, 5, 1.0, 0), (36, 10, 1.0, 0), (207, 16, 1.0, 0), (38, 8, 1.0, 4), (5, 4, 1.0, 1), (46, 6, 1.0, 0), (2, 7, 1.0, 0)]
=: [(7, 12, 1.0, 0), (209, 14, 1.0, 3), (47, 5, 1.0, 0), (36, 10, 1.0, 0), (207, 16, 1.0, 0), (38, 8, 1.0, 4), (5, 4, 1.0, 1), (46, 6, 1.0, 0), (2, 7, 1.0, 0), (0, 9, 1.0, 4)]
using time: 1138.985196352005