>: [(15550, 6, 0.63238095238095238, 2)]
>: [(8814, 13, 0.76238095238095238, 4)]
>: [(4672, 6, 0.76333333333333331, 4)]
>: [(355, 2, 0.89523809523809528, 1)]
>: [(54, 4, 0.94047619047619047, 0)]
=: [(54, 4, 0.94047619047619047, 0), (282, 5, 0.94047619047619047, 1)]
=: [(54, 4, 0.94047619047619047, 0), (282, 5, 0.94047619047619047, 1), (253, 6, 0.94047619047619047, 3)]
>: [(275, 12, 0.95714285714285707, 1)]
=: [(275, 12, 0.95714285714285707, 1), (265, 17, 0.95714285714285707, 0)]
=: [(275, 12, 0.95714285714285707, 1), (265, 17, 0.95714285714285707, 0), (272, 11, 0.95714285714285707, 0)]
>: [(326, 6, 0.98333333333333339, 2)]
>: [(14, 2, 0.98571428571428577, 0)]
=: [(14, 2, 0.98571428571428577, 0), (5, 3, 0.98571428571428577, 0)]
=: [(14, 2, 0.98571428571428577, 0), (5, 3, 0.98571428571428577, 0), (87, 8, 0.98571428571428577, 3)]
=: [(14, 2, 0.98571428571428577, 0), (5, 3, 0.98571428571428577, 0), (87, 8, 0.98571428571428577, 3), (3, 5, 0.98571428571428577, 1)]
using time: 7178.14874458313