>: [(1943, 4, 0.68035714285714288, 4)]
>: [(1101, 8, 0.78214285714285714, 3)]
>: [(584, 22, 0.93154761904761896, 0)]
>: [(6, 7, 1.0, 3)]
=: [(6, 7, 1.0, 3), (31, 10, 1.0, 3)]
=: [(6, 7, 1.0, 3), (31, 10, 1.0, 3), (33, 9, 1.0, 3)]
=: [(6, 7, 1.0, 3), (31, 10, 1.0, 3), (33, 9, 1.0, 3), (197, 13, 1.0, 4)]
=: [(6, 7, 1.0, 3), (31, 10, 1.0, 3), (33, 9, 1.0, 3), (197, 13, 1.0, 4), (8, 8, 1.0, 4)]
=: [(6, 7, 1.0, 3), (31, 10, 1.0, 3), (33, 9, 1.0, 3), (197, 13, 1.0, 4), (8, 8, 1.0, 4), (4, 6, 1.0, 0)]
=: [(6, 7, 1.0, 3), (31, 10, 1.0, 3), (33, 9, 1.0, 3), (197, 13, 1.0, 4), (8, 8, 1.0, 4), (4, 6, 1.0, 0), (122, 16, 1.0, 4)]
=: [(6, 7, 1.0, 3), (31, 10, 1.0, 3), (33, 9, 1.0, 3), (197, 13, 1.0, 4), (8, 8, 1.0, 4), (4, 6, 1.0, 0), (122, 16, 1.0, 4), (117, 19, 1.0, 4)]
=: [(6, 7, 1.0, 3), (31, 10, 1.0, 3), (33, 9, 1.0, 3), (197, 13, 1.0, 4), (8, 8, 1.0, 4), (4, 6, 1.0, 0), (122, 16, 1.0, 4), (117, 19, 1.0, 4), (256, 19, 1.0, 4)]
using time: 898.3056039810181