>: [(10611, 3, 0.7954995246737534, 0)]
>: [(10611, 1, 0.79374513870884111, 0)]
=: [(10611, 1, 0.79374513870884111, 0), (4943, 1, 0.79374513870884111, 0)]
=: [(10611, 1, 0.79374513870884111, 0), (4943, 1, 0.79374513870884111, 0), (12937, 1, 0.79374513870884111, 0)]
=: [(10611, 1, 0.79374513870884111, 0), (4943, 1, 0.79374513870884111, 0), (12937, 1, 0.79374513870884111, 0), (1582, 1, 0.79374513870884111, 0)]
=: [(10611, 1, 0.79374513870884111, 0), (4943, 1, 0.79374513870884111, 0), (12937, 1, 0.79374513870884111, 0), (1582, 1, 0.79374513870884111, 0), (2373, 1, 0.79374513870884111, 0)]
=: [(10611, 1, 0.79374513870884111, 0), (4943, 1, 0.79374513870884111, 0), (12937, 1, 0.79374513870884111, 0), (1582, 1, 0.79374513870884111, 0), (2373, 1, 0.79374513870884111, 0), (17559, 1, 0.79374513870884111, 0)]
=: [(10611, 1, 0.79374513870884111, 0), (4943, 1, 0.79374513870884111, 0), (12937, 1, 0.79374513870884111, 0), (1582, 1, 0.79374513870884111, 0), (2373, 1, 0.79374513870884111, 0), (17559, 1, 0.79374513870884111, 0), (3084, 1, 0.79374513870884111, 0)]
=: [(10611, 1, 0.79374513870884111, 0), (4943, 1, 0.79374513870884111, 0), (12937, 1, 0.79374513870884111, 0), (1582, 1, 0.79374513870884111, 0), (2373, 1, 0.79374513870884111, 0), (17559, 1, 0.79374513870884111, 0), (3084, 1, 0.79374513870884111, 0), (11982, 1, 0.79374513870884111, 0)]
=: [(10611, 1, 0.79374513870884111, 0), (4943, 1, 0.79374513870884111, 0), (12937, 1, 0.79374513870884111, 0), (1582, 1, 0.79374513870884111, 0), (2373, 1, 0.79374513870884111, 0), (17559, 1, 0.79374513870884111, 0), (3084, 1, 0.79374513870884111, 0), (11982, 1, 0.79374513870884111, 0), (1900, 1, 0.79374513870884111, 0)]
=: [(10611, 1, 0.79374513870884111, 0), (4943, 1, 0.79374513870884111, 0), (12937, 1, 0.79374513870884111, 0), (1582, 1, 0.79374513870884111, 0), (2373, 1, 0.79374513870884111, 0), (17559, 1, 0.79374513870884111, 0), (3084, 1, 0.79374513870884111, 0), (11982, 1, 0.79374513870884111, 0), (1900, 1, 0.79374513870884111, 0), (16627, 1, 0.79374513870884111, 0)]
=: [(10611, 1, 0.79374513870884111, 0), (4943, 1, 0.79374513870884111, 0), (12937, 1, 0.79374513870884111, 0), (1582, 1, 0.79374513870884111, 0), (2373, 1, 0.79374513870884111, 0), (17559, 1, 0.79374513870884111, 0), (3084, 1, 0.79374513870884111, 0), (11982, 1, 0.79374513870884111, 0), (1900, 1, 0.79374513870884111, 0), (16627, 1, 0.79374513870884111, 0), (7035, 1, 0.79374513870884111, 0)]
>: [(1228, 3, 0.79546927663987554, 4)]
>: [(1526, 8, 0.79552977270763114, 4)]
>: [(10611, 1, 0.79374513870884111, 0)]
=: [(10611, 1, 0.79374513870884111, 0), (4943, 1, 0.79374513870884111, 0)]
=: [(10611, 1, 0.79374513870884111, 0), (4943, 1, 0.79374513870884111, 0), (12937, 1, 0.79374513870884111, 0)]
=: [(10611, 1, 0.79374513870884111, 0), (4943, 1, 0.79374513870884111, 0), (12937, 1, 0.79374513870884111, 0), (1582, 1, 0.79374513870884111, 0)]
=: [(10611, 1, 0.79374513870884111, 0), (4943, 1, 0.79374513870884111, 0), (12937, 1, 0.79374513870884111, 0), (1582, 1, 0.79374513870884111, 0), (2373, 1, 0.79374513870884111, 0)]
=: [(10611, 1, 0.79374513870884111, 0), (4943, 1, 0.79374513870884111, 0), (12937, 1, 0.79374513870884111, 0), (1582, 1, 0.79374513870884111, 0), (2373, 1, 0.79374513870884111, 0), (17559, 1, 0.79374513870884111, 0)]
=: [(10611, 1, 0.79374513870884111, 0), (4943, 1, 0.79374513870884111, 0), (12937, 1, 0.79374513870884111, 0), (1582, 1, 0.79374513870884111, 0), (2373, 1, 0.79374513870884111, 0), (17559, 1, 0.79374513870884111, 0), (3084, 1, 0.79374513870884111, 0)]
