>: [(5305, 1, 0.76999999999999991, 0)]
>: [(2471, 6, 0.91999999999999993, 4)]
>: [(1186, 6, 0.93333333333333324, 3)]
=: [(1186, 6, 0.93333333333333324, 3), (614, 7, 0.93333333333333324, 1)]
>: [(1408, 9, 0.95999999999999996, 4)]
>: [(1486, 10, 0.96666666666666679, 4)]
=: [(1486, 10, 0.96666666666666679, 4), (1359, 6, 0.96666666666666679, 3)]
=: [(1486, 10, 0.96666666666666679, 4), (1359, 6, 0.96666666666666679, 3), (67, 2, 0.96666666666666679, 0)]
=: [(1486, 10, 0.96666666666666679, 4), (1359, 6, 0.96666666666666679, 3), (67, 2, 0.96666666666666679, 0), (861, 7, 0.96666666666666679, 0)]
=: [(1486, 10, 0.96666666666666679, 4), (1359, 6, 0.96666666666666679, 3), (67, 2, 0.96666666666666679, 0), (861, 7, 0.96666666666666679, 0), (3, 1, 0.96666666666666679, 0)]
