>: [(4243, 1, 0.80934065934065935, 0)]
=: [(4243, 1, 0.80934065934065935, 0), (4763, 1, 0.80934065934065935, 0)]
=: [(4243, 1, 0.80934065934065935, 0), (4763, 1, 0.80934065934065935, 0), (11227, 1, 0.80934065934065935, 0)]
=: [(4243, 1, 0.80934065934065935, 0), (4763, 1, 0.80934065934065935, 0), (11227, 1, 0.80934065934065935, 0), (11207, 1, 0.80934065934065935, 0)]
=: [(4243, 1, 0.80934065934065935, 0), (4763, 1, 0.80934065934065935, 0), (11227, 1, 0.80934065934065935, 0), (11207, 1, 0.80934065934065935, 0), (3042, 1, 0.80934065934065935, 0)]
=: [(4243, 1, 0.80934065934065935, 0), (4763, 1, 0.80934065934065935, 0), (11227, 1, 0.80934065934065935, 0), (11207, 1, 0.80934065934065935, 0), (3042, 1, 0.80934065934065935, 0), (10682, 1, 0.80934065934065935, 0)]
=: [(4243, 1, 0.80934065934065935, 0), (4763, 1, 0.80934065934065935, 0), (11227, 1, 0.80934065934065935, 0), (11207, 1, 0.80934065934065935, 0), (3042, 1, 0.80934065934065935, 0), (10682, 1, 0.80934065934065935, 0), (3777, 1, 0.80934065934065935, 0)]
=: [(4243, 1, 0.80934065934065935, 0), (4763, 1, 0.80934065934065935, 0), (11227, 1, 0.80934065934065935, 0), (11207, 1, 0.80934065934065935, 0), (3042, 1, 0.80934065934065935, 0), (10682, 1, 0.80934065934065935, 0), (3777, 1, 0.80934065934065935, 0), (10914, 1, 0.80934065934065935, 0)]
=: [(4243, 1, 0.80934065934065935, 0), (4763, 1, 0.80934065934065935, 0), (11227, 1, 0.80934065934065935, 0), (11207, 1, 0.80934065934065935, 0), (3042, 1, 0.80934065934065935, 0), (10682, 1, 0.80934065934065935, 0), (3777, 1, 0.80934065934065935, 0), (10914, 1, 0.80934065934065935, 0), (2411, 1, 0.80934065934065935, 0)]
>: [(3689, 1, 0.80998168498168499, 3)]
>: [(10501, 1, 0.82600732600732596, 1)]
>: [(3069, 4, 0.83195970695970689, 1)]
>: [(236, 4, 0.87115384615384617, 1)]
>: [(53, 9, 0.87408424908424909, 1)]
using time: 2550.0557420253754