>: [(8487, 6, 0.85446428571428557, 0)]
>: [(9527, 13, 0.88214285714285734, 0)]
>: [(4822, 8, 0.88749999999999996, 0)]
>: [(6139, 11, 0.90178571428571419, 1)]
>: [(4266, 8, 0.9303571428571431, 0)]
>: [(982, 6, 0.95803571428571443, 1)]
>: [(71, 5, 0.95892857142857157, 3)]
=: [(71, 5, 0.95892857142857157, 3), (1394, 14, 0.95892857142857157, 4)]
>: [(2247, 21, 0.96428571428571441, 0)]
>: [(134, 7, 0.96517857142857155, 0)]
=: [(134, 7, 0.96517857142857155, 0), (120, 7, 0.96517857142857155, 1)]
=: [(134, 7, 0.96517857142857155, 0), (120, 7, 0.96517857142857155, 1), (416, 9, 0.96517857142857155, 0)]
=: [(134, 7, 0.96517857142857155, 0), (120, 7, 0.96517857142857155, 1), (416, 9, 0.96517857142857155, 0), (859, 9, 0.96517857142857155, 1)]
=: [(134, 7, 0.96517857142857155, 0), (120, 7, 0.96517857142857155, 1), (416, 9, 0.96517857142857155, 0), (859, 9, 0.96517857142857155, 1), (39, 5, 0.96517857142857155, 3)]
=: [(134, 7, 0.96517857142857155, 0), (120, 7, 0.96517857142857155, 1), (416, 9, 0.96517857142857155, 0), (859, 9, 0.96517857142857155, 1), (39, 5, 0.96517857142857155, 3), (1465, 16, 0.96517857142857155, 0)]
=: [(134, 7, 0.96517857142857155, 0), (120, 7, 0.96517857142857155, 1), (416, 9, 0.96517857142857155, 0), (859, 9, 0.96517857142857155, 1), (39, 5, 0.96517857142857155, 3), (1465, 16, 0.96517857142857155, 0), (212, 5, 0.96517857142857155, 1)]
=: [(134, 7, 0.96517857142857155, 0), (120, 7, 0.96517857142857155, 1), (416, 9, 0.96517857142857155, 0), (859, 9, 0.96517857142857155, 1), (39, 5, 0.96517857142857155, 3), (1465, 16, 0.96517857142857155, 0), (212, 5, 0.96517857142857155, 1), (378, 8, 0.96517857142857155, 0)]
=: [(134, 7, 0.96517857142857155, 0), (120, 7, 0.96517857142857155, 1), (416, 9, 0.96517857142857155, 0), (859, 9, 0.96517857142857155, 1), (39, 5, 0.96517857142857155, 3), (1465, 16, 0.96517857142857155, 0), (212, 5, 0.96517857142857155, 1), (378, 8, 0.96517857142857155, 0), (2227, 10, 0.96517857142857155, 0)]
=: [(134, 7, 0.96517857142857155, 0), (120, 7, 0.96517857142857155, 1), (416, 9, 0.96517857142857155, 0), (859, 9, 0.96517857142857155, 1), (39, 5, 0.96517857142857155, 3), (1465, 16, 0.96517857142857155, 0), (212, 5, 0.96517857142857155, 1), (378, 8, 0.96517857142857155, 0), (2227, 10, 0.96517857142857155, 0), (404, 8, 0.96517857142857155, 0)]
=: [(134, 7, 0.96517857142857155, 0), (120, 7, 0.96517857142857155, 1), (416, 9, 0.96517857142857155, 0), (859, 9, 0.96517857142857155, 1), (39, 5, 0.96517857142857155, 3), (1465, 16, 0.96517857142857155, 0), (212, 5, 0.96517857142857155, 1), (378, 8, 0.96517857142857155, 0), (2227, 10, 0.96517857142857155, 0), (404, 8, 0.96517857142857155, 0), (3113, 17, 0.96517857142857155, 4)]
=: [(134, 7, 0.96517857142857155, 0), (120, 7, 0.96517857142857155, 1), (416, 9, 0.96517857142857155, 0), (859, 9, 0.96517857142857155, 1), (39, 5, 0.96517857142857155, 3), (1465, 16, 0.96517857142857155, 0), (212, 5, 0.96517857142857155, 1), (378, 8, 0.96517857142857155, 0), (2227, 10, 0.96517857142857155, 0), (404, 8, 0.96517857142857155, 0), (3113, 17, 0.96517857142857155, 4), (1542, 13, 0.96517857142857155, 1)]
=: [(134, 7, 0.96517857142857155, 0), (120, 7, 0.96517857142857155, 1), (416, 9, 0.96517857142857155, 0), (859, 9, 0.96517857142857155, 1), (39, 5, 0.96517857142857155, 3), (1465, 16, 0.96517857142857155, 0), (212, 5, 0.96517857142857155, 1), (378, 8, 0.96517857142857155, 0), (2227, 10, 0.96517857142857155, 0), (404, 8, 0.96517857142857155, 0), (3113, 17, 0.96517857142857155, 4), (1542, 13, 0.96517857142857155, 1), (2216, 21, 0.96517857142857155, 0)]
=: [(134, 7, 0.96517857142857155, 0), (120, 7, 0.96517857142857155, 1), (416, 9, 0.96517857142857155, 0), (859, 9, 0.96517857142857155, 1), (39, 5, 0.96517857142857155, 3), (1465, 16, 0.96517857142857155, 0), (212, 5, 0.96517857142857155, 1), (378, 8, 0.96517857142857155, 0), (2227, 10, 0.96517857142857155, 0), (404, 8, 0.96517857142857155, 0), (3113, 17, 0.96517857142857155, 4), (1542, 13, 0.96517857142857155, 1), (2216, 21, 0.96517857142857155, 0), (1053, 16, 0.96517857142857155, 0)]
=: [(134, 7, 0.96517857142857155, 0), (120, 7, 0.96517857142857155, 1), (416, 9, 0.96517857142857155, 0), (859, 9, 0.96517857142857155, 1), (39, 5, 0.96517857142857155, 3), (1465, 16, 0.96517857142857155, 0), (212, 5, 0.96517857142857155, 1), (378, 8, 0.96517857142857155, 0), (2227, 10, 0.96517857142857155, 0), (404, 8, 0.96517857142857155, 0), (3113, 17, 0.96517857142857155, 4), (1542, 13, 0.96517857142857155, 1), (2216, 21, 0.96517857142857155, 0), (1053, 16, 0.96517857142857155, 0), (478, 8, 0.96517857142857155, 0)]
>: [(115, 9, 0.97142857142857153, 4)]
=: [(115, 9, 0.97142857142857153, 4), (520, 5, 0.97142857142857153, 1)]
=: [(115, 9, 0.97142857142857153, 4), (520, 5, 0.97142857142857153, 1), (444, 14, 0.97142857142857153, 1)]
=: [(115, 9, 0.97142857142857153, 4), (520, 5, 0.97142857142857153, 1), (444, 14, 0.97142857142857153, 1), (757, 16, 0.97142857142857153, 4)]
=: [(115, 9, 0.97142857142857153, 4), (520, 5, 0.97142857142857153, 1), (444, 14, 0.97142857142857153, 1), (757, 16, 0.97142857142857153, 4), (756, 17, 0.97142857142857153, 4)]
=: [(115, 9, 0.97142857142857153, 4), (520, 5, 0.97142857142857153, 1), (444, 14, 0.97142857142857153, 1), (757, 16, 0.97142857142857153, 4), (756, 17, 0.97142857142857153, 4), (117, 6, 0.97142857142857153, 4)]
=: [(115, 9, 0.97142857142857153, 4), (520, 5, 0.97142857142857153, 1), (444, 14, 0.97142857142857153, 1), (757, 16, 0.97142857142857153, 4), (756, 17, 0.97142857142857153, 4), (117, 6, 0.97142857142857153, 4), (447, 14, 0.97142857142857153, 1)]
=: [(115, 9, 0.97142857142857153, 4), (520, 5, 0.97142857142857153, 1), (444, 14, 0.97142857142857153, 1), (757, 16, 0.97142857142857153, 4), (756, 17, 0.97142857142857153, 4), (117, 6, 0.97142857142857153, 4), (447, 14, 0.97142857142857153, 1), (449, 8, 0.97142857142857153, 1)]
=: [(115, 9, 0.97142857142857153, 4), (520, 5, 0.97142857142857153, 1), (444, 14, 0.97142857142857153, 1), (757, 16, 0.97142857142857153, 4), (756, 17, 0.97142857142857153, 4), (117, 6, 0.97142857142857153, 4), (447, 14, 0.97142857142857153, 1), (449, 8, 0.97142857142857153, 1), (240, 7, 0.97142857142857153, 4)]
>: [(1676, 10, 0.97857142857142865, 1)]
using time: 12962.420446872711