>: [(8487, 18, 0.90952380952380951, 0)]
>: [(6085, 21, 0.919047619047619, 4)]
>: [(7378, 14, 0.93452380952380965, 0)]
>: [(6139, 10, 0.94166666666666665, 3)]
>: [(4266, 10, 0.95952380952380967, 1)]
>: [(472, 19, 0.99166666666666659, 0)]
>: [(510, 9, 1.0, 3)]
=: [(510, 9, 1.0, 3), (501, 15, 1.0, 0)]
=: [(510, 9, 1.0, 3), (501, 15, 1.0, 0), (17, 3, 1.0, 4)]
=: [(510, 9, 1.0, 3), (501, 15, 1.0, 0), (17, 3, 1.0, 4), (425, 11, 1.0, 1)]
=: [(510, 9, 1.0, 3), (501, 15, 1.0, 0), (17, 3, 1.0, 4), (425, 11, 1.0, 1), (653, 10, 1.0, 3)]
=: [(510, 9, 1.0, 3), (501, 15, 1.0, 0), (17, 3, 1.0, 4), (425, 11, 1.0, 1), (653, 10, 1.0, 3), (1230, 14, 1.0, 0)]
=: [(510, 9, 1.0, 3), (501, 15, 1.0, 0), (17, 3, 1.0, 4), (425, 11, 1.0, 1), (653, 10, 1.0, 3), (1230, 14, 1.0, 0), (393, 11, 1.0, 4)]
=: [(510, 9, 1.0, 3), (501, 15, 1.0, 0), (17, 3, 1.0, 4), (425, 11, 1.0, 1), (653, 10, 1.0, 3), (1230, 14, 1.0, 0), (393, 11, 1.0, 4), (392, 12, 1.0, 4)]
=: [(510, 9, 1.0, 3), (501, 15, 1.0, 0), (17, 3, 1.0, 4), (425, 11, 1.0, 1), (653, 10, 1.0, 3), (1230, 14, 1.0, 0), (393, 11, 1.0, 4), (392, 12, 1.0, 4), (4224, 14, 1.0, 3)]
=: [(510, 9, 1.0, 3), (501, 15, 1.0, 0), (17, 3, 1.0, 4), (425, 11, 1.0, 1), (653, 10, 1.0, 3), (1230, 14, 1.0, 0), (393, 11, 1.0, 4), (392, 12, 1.0, 4), (4224, 14, 1.0, 3), (397, 9, 1.0, 0)]
=: [(510, 9, 1.0, 3), (501, 15, 1.0, 0), (17, 3, 1.0, 4), (425, 11, 1.0, 1), (653, 10, 1.0, 3), (1230, 14, 1.0, 0), (393, 11, 1.0, 4), (392, 12, 1.0, 4), (4224, 14, 1.0, 3), (397, 9, 1.0, 0), (432, 10, 1.0, 3)]
=: [(510, 9, 1.0, 3), (501, 15, 1.0, 0), (17, 3, 1.0, 4), (425, 11, 1.0, 1), (653, 10, 1.0, 3), (1230, 14, 1.0, 0), (393, 11, 1.0, 4), (392, 12, 1.0, 4), (4224, 14, 1.0, 3), (397, 9, 1.0, 0), (432, 10, 1.0, 3), (394, 10, 1.0, 4)]
=: [(510, 9, 1.0, 3), (501, 15, 1.0, 0), (17, 3, 1.0, 4), (425, 11, 1.0, 1), (653, 10, 1.0, 3), (1230, 14, 1.0, 0), (393, 11, 1.0, 4), (392, 12, 1.0, 4), (4224, 14, 1.0, 3), (397, 9, 1.0, 0), (432, 10, 1.0, 3), (394, 10, 1.0, 4), (398, 8, 1.0, 0)]
=: [(510, 9, 1.0, 3), (501, 15, 1.0, 0), (17, 3, 1.0, 4), (425, 11, 1.0, 1), (653, 10, 1.0, 3), (1230, 14, 1.0, 0), (393, 11, 1.0, 4), (392, 12, 1.0, 4), (4224, 14, 1.0, 3), (397, 9, 1.0, 0), (432, 10, 1.0, 3), (394, 10, 1.0, 4), (398, 8, 1.0, 0), (810, 4, 1.0, 0)]
=: [(510, 9, 1.0, 3), (501, 15, 1.0, 0), (17, 3, 1.0, 4), (425, 11, 1.0, 1), (653, 10, 1.0, 3), (1230, 14, 1.0, 0), (393, 11, 1.0, 4), (392, 12, 1.0, 4), (4224, 14, 1.0, 3), (397, 9, 1.0, 0), (432, 10, 1.0, 3), (394, 10, 1.0, 4), (398, 8, 1.0, 0), (810, 4, 1.0, 0), (492, 20, 1.0, 3)]
=: [(510, 9, 1.0, 3), (501, 15, 1.0, 0), (17, 3, 1.0, 4), (425, 11, 1.0, 1), (653, 10, 1.0, 3), (1230, 14, 1.0, 0), (393, 11, 1.0, 4), (392, 12, 1.0, 4), (4224, 14, 1.0, 3), (397, 9, 1.0, 0), (432, 10, 1.0, 3), (394, 10, 1.0, 4), (398, 8, 1.0, 0), (810, 4, 1.0, 0), (492, 20, 1.0, 3), (387, 19, 1.0, 0)]
=: [(510, 9, 1.0, 3), (501, 15, 1.0, 0), (17, 3, 1.0, 4), (425, 11, 1.0, 1), (653, 10, 1.0, 3), (1230, 14, 1.0, 0), (393, 11, 1.0, 4), (392, 12, 1.0, 4), (4224, 14, 1.0, 3), (397, 9, 1.0, 0), (432, 10, 1.0, 3), (394, 10, 1.0, 4), (398, 8, 1.0, 0), (810, 4, 1.0, 0), (492, 20, 1.0, 3), (387, 19, 1.0, 0), (738, 16, 1.0, 4)]
=: [(510, 9, 1.0, 3), (501, 15, 1.0, 0), (17, 3, 1.0, 4), (425, 11, 1.0, 1), (653, 10, 1.0, 3), (1230, 14, 1.0, 0), (393, 11, 1.0, 4), (392, 12, 1.0, 4), (4224, 14, 1.0, 3), (397, 9, 1.0, 0), (432, 10, 1.0, 3), (394, 10, 1.0, 4), (398, 8, 1.0, 0), (810, 4, 1.0, 0), (492, 20, 1.0, 3), (387, 19, 1.0, 0), (738, 16, 1.0, 4), (399, 5, 1.0, 4)]
=: [(510, 9, 1.0, 3), (501, 15, 1.0, 0), (17, 3, 1.0, 4), (425, 11, 1.0, 1), (653, 10, 1.0, 3), (1230, 14, 1.0, 0), (393, 11, 1.0, 4), (392, 12, 1.0, 4), (4224, 14, 1.0, 3), (397, 9, 1.0, 0), (432, 10, 1.0, 3), (394, 10, 1.0, 4), (398, 8, 1.0, 0), (810, 4, 1.0, 0), (492, 20, 1.0, 3), (387, 19, 1.0, 0), (738, 16, 1.0, 4), (399, 5, 1.0, 4), (360, 8, 1.0, 0)]
=: [(510, 9, 1.0, 3), (501, 15, 1.0, 0), (17, 3, 1.0, 4), (425, 11, 1.0, 1), (653, 10, 1.0, 3), (1230, 14, 1.0, 0), (393, 11, 1.0, 4), (392, 12, 1.0, 4), (4224, 14, 1.0, 3), (397, 9, 1.0, 0), (432, 10, 1.0, 3), (394, 10, 1.0, 4), (398, 8, 1.0, 0), (810, 4, 1.0, 0), (492, 20, 1.0, 3), (387, 19, 1.0, 0), (738, 16, 1.0, 4), (399, 5, 1.0, 4), (360, 8, 1.0, 0), (396, 9, 1.0, 0)]
=: [(510, 9, 1.0, 3), (501, 15, 1.0, 0), (17, 3, 1.0, 4), (425, 11, 1.0, 1), (653, 10, 1.0, 3), (1230, 14, 1.0, 0), (393, 11, 1.0, 4), (392, 12, 1.0, 4), (4224, 14, 1.0, 3), (397, 9, 1.0, 0), (432, 10, 1.0, 3), (394, 10, 1.0, 4), (398, 8, 1.0, 0), (810, 4, 1.0, 0), (492, 20, 1.0, 3), (387, 19, 1.0, 0), (738, 16, 1.0, 4), (399, 5, 1.0, 4), (360, 8, 1.0, 0), (396, 9, 1.0, 0), (506, 10, 1.0, 0)]
=: [(510, 9, 1.0, 3), (501, 15, 1.0, 0), (17, 3, 1.0, 4), (425, 11, 1.0, 1), (653, 10, 1.0, 3), (1230, 14, 1.0, 0), (393, 11, 1.0, 4), (392, 12, 1.0, 4), (4224, 14, 1.0, 3), (397, 9, 1.0, 0), (432, 10, 1.0, 3), (394, 10, 1.0, 4), (398, 8, 1.0, 0), (810, 4, 1.0, 0), (492, 20, 1.0, 3), (387, 19, 1.0, 0), (738, 16, 1.0, 4), (399, 5, 1.0, 4), (360, 8, 1.0, 0), (396, 9, 1.0, 0), (506, 10, 1.0, 0), (739, 15, 1.0, 4)]
using time: 12022.842685461044