>: [(1060, 3, 0.76785714285714279, 0)]
>: [(1190, 6, 0.7946428571428571, 3)]
>: [(760, 17, 0.84226190476190477, 4)]
>: [(533, 8, 0.86488095238095242, 1)]
>: [(122, 16, 1.0, 4)]
=: [(122, 16, 1.0, 4), (8, 8, 1.0, 4)]
=: [(122, 16, 1.0, 4), (8, 8, 1.0, 4), (119, 17, 1.0, 4)]
=: [(122, 16, 1.0, 4), (8, 8, 1.0, 4), (119, 17, 1.0, 4), (4, 6, 1.0, 0)]
=: [(122, 16, 1.0, 4), (8, 8, 1.0, 4), (119, 17, 1.0, 4), (4, 6, 1.0, 0), (32, 9, 1.0, 3)]
=: [(122, 16, 1.0, 4), (8, 8, 1.0, 4), (119, 17, 1.0, 4), (4, 6, 1.0, 0), (32, 9, 1.0, 3), (197, 13, 1.0, 4)]
=: [(122, 16, 1.0, 4), (8, 8, 1.0, 4), (119, 17, 1.0, 4), (4, 6, 1.0, 0), (32, 9, 1.0, 3), (197, 13, 1.0, 4), (33, 9, 1.0, 3)]
=: [(122, 16, 1.0, 4), (8, 8, 1.0, 4), (119, 17, 1.0, 4), (4, 6, 1.0, 0), (32, 9, 1.0, 3), (197, 13, 1.0, 4), (33, 9, 1.0, 3), (117, 19, 1.0, 4)]
using time: 944.4033007621765