>: [(1100, 8, 0.88154761904761902, 0)]
>: [(232, 7, 0.92321428571428577, 0)]
>: [(17, 21, 0.97499999999999998, 4)]
=: [(17, 21, 0.97499999999999998, 4), (208, 8, 0.97499999999999998, 0)]
>: [(100, 10, 0.98750000000000004, 3)]
=: [(100, 10, 0.98750000000000004, 3), (101, 13, 0.98750000000000004, 1)]
=: [(100, 10, 0.98750000000000004, 3), (101, 13, 0.98750000000000004, 1), (32, 11, 0.98750000000000004, 0)]
=: [(100, 10, 0.98750000000000004, 3), (101, 13, 0.98750000000000004, 1), (32, 11, 0.98750000000000004, 0), (97, 11, 0.98750000000000004, 0)]
=: [(100, 10, 0.98750000000000004, 3), (101, 13, 0.98750000000000004, 1), (32, 11, 0.98750000000000004, 0), (97, 11, 0.98750000000000004, 0), (99, 8, 0.98750000000000004, 3)]
=: [(100, 10, 0.98750000000000004, 3), (101, 13, 0.98750000000000004, 1), (32, 11, 0.98750000000000004, 0), (97, 11, 0.98750000000000004, 0), (99, 8, 0.98750000000000004, 3), (130, 8, 0.98750000000000004, 1)]
=: [(100, 10, 0.98750000000000004, 3), (101, 13, 0.98750000000000004, 1), (32, 11, 0.98750000000000004, 0), (97, 11, 0.98750000000000004, 0), (99, 8, 0.98750000000000004, 3), (130, 8, 0.98750000000000004, 1), (11, 6, 0.98750000000000004, 1)]
=: [(100, 10, 0.98750000000000004, 3), (101, 13, 0.98750000000000004, 1), (32, 11, 0.98750000000000004, 0), (97, 11, 0.98750000000000004, 0), (99, 8, 0.98750000000000004, 3), (130, 8, 0.98750000000000004, 1), (11, 6, 0.98750000000000004, 1), (98, 9, 0.98750000000000004, 1)]
=: [(100, 10, 0.98750000000000004, 3), (101, 13, 0.98750000000000004, 1), (32, 11, 0.98750000000000004, 0), (97, 11, 0.98750000000000004, 0), (99, 8, 0.98750000000000004, 3), (130, 8, 0.98750000000000004, 1), (11, 6, 0.98750000000000004, 1), (98, 9, 0.98750000000000004, 1), (162, 12, 0.98750000000000004, 3)]
=: [(100, 10, 0.98750000000000004, 3), (101, 13, 0.98750000000000004, 1), (32, 11, 0.98750000000000004, 0), (97, 11, 0.98750000000000004, 0), (99, 8, 0.98750000000000004, 3), (130, 8, 0.98750000000000004, 1), (11, 6, 0.98750000000000004, 1), (98, 9, 0.98750000000000004, 1), (162, 12, 0.98750000000000004, 3), (105, 11, 0.98750000000000004, 0)]
using time: 1859.8259472846985