>: [(4402, 14, 0.93035714285714288, 4)]
>: [(3075, 13, 0.95089285714285732, 0)]
>: [(69, 7, 0.95892857142857157, 3)]
>: [(301, 13, 0.96428571428571441, 4)]
=: [(301, 13, 0.96428571428571441, 4), (704, 8, 0.96428571428571441, 1)]
>: [(1424, 12, 0.96607142857142869, 0)]
>: [(1591, 15, 0.97142857142857153, 0)]
=: [(1591, 15, 0.97142857142857153, 0), (2042, 9, 0.97142857142857153, 0)]
=: [(1591, 15, 0.97142857142857153, 0), (2042, 9, 0.97142857142857153, 0), (115, 9, 0.97142857142857153, 4)]
=: [(1591, 15, 0.97142857142857153, 0), (2042, 9, 0.97142857142857153, 0), (115, 9, 0.97142857142857153, 4), (2255, 13, 0.97142857142857153, 0)]
>: [(209, 6, 0.97232142857142867, 4)]
using time: 12633.421618461609