>: [(4402, 7, 0.88809523809523794, 0)]
>: [(2067, 12, 0.91071428571428559, 0)]
>: [(3075, 16, 0.95833333333333326, 4)]
>: [(928, 14, 0.98452380952380947, 1)]
>: [(69, 5, 0.99166666666666659, 3)]
=: [(69, 5, 0.99166666666666659, 3), (301, 13, 0.99166666666666659, 3)]
=: [(69, 5, 0.99166666666666659, 3), (301, 13, 0.99166666666666659, 3), (403, 8, 0.99166666666666659, 0)]
=: [(69, 5, 0.99166666666666659, 3), (301, 13, 0.99166666666666659, 3), (403, 8, 0.99166666666666659, 0), (477, 8, 0.99166666666666659, 0)]
=: [(69, 5, 0.99166666666666659, 3), (301, 13, 0.99166666666666659, 3), (403, 8, 0.99166666666666659, 0), (477, 8, 0.99166666666666659, 0), (1226, 18, 0.99166666666666659, 1)]
=: [(69, 5, 0.99166666666666659, 3), (301, 13, 0.99166666666666659, 3), (403, 8, 0.99166666666666659, 0), (477, 8, 0.99166666666666659, 0), (1226, 18, 0.99166666666666659, 1), (476, 9, 0.99166666666666659, 0)]
=: [(69, 5, 0.99166666666666659, 3), (301, 13, 0.99166666666666659, 3), (403, 8, 0.99166666666666659, 0), (477, 8, 0.99166666666666659, 0), (1226, 18, 0.99166666666666659, 1), (476, 9, 0.99166666666666659, 0), (356, 12, 0.99166666666666659, 4)]
>: [(619, 13, 0.99285714285714288, 0)]
=: [(619, 13, 0.99285714285714288, 0), (433, 11, 0.99285714285714288, 4)]
>: [(505, 11, 1.0, 0)]
=: [(505, 11, 1.0, 0), (4224, 14, 1.0, 3)]
=: [(505, 11, 1.0, 0), (4224, 14, 1.0, 3), (398, 8, 1.0, 0)]
=: [(505, 11, 1.0, 0), (4224, 14, 1.0, 3), (398, 8, 1.0, 0), (392, 12, 1.0, 4)]
=: [(505, 11, 1.0, 0), (4224, 14, 1.0, 3), (398, 8, 1.0, 0), (392, 12, 1.0, 4), (360, 8, 1.0, 0)]
=: [(505, 11, 1.0, 0), (4224, 14, 1.0, 3), (398, 8, 1.0, 0), (392, 12, 1.0, 4), (360, 8, 1.0, 0), (386, 20, 1.0, 0)]
=: [(505, 11, 1.0, 0), (4224, 14, 1.0, 3), (398, 8, 1.0, 0), (392, 12, 1.0, 4), (360, 8, 1.0, 0), (386, 20, 1.0, 0), (4218, 18, 1.0, 3)]
=: [(505, 11, 1.0, 0), (4224, 14, 1.0, 3), (398, 8, 1.0, 0), (392, 12, 1.0, 4), (360, 8, 1.0, 0), (386, 20, 1.0, 0), (4218, 18, 1.0, 3), (17, 3, 1.0, 4)]
=: [(505, 11, 1.0, 0), (4224, 14, 1.0, 3), (398, 8, 1.0, 0), (392, 12, 1.0, 4), (360, 8, 1.0, 0), (386, 20, 1.0, 0), (4218, 18, 1.0, 3), (17, 3, 1.0, 4), (396, 9, 1.0, 0)]
=: [(505, 11, 1.0, 0), (4224, 14, 1.0, 3), (398, 8, 1.0, 0), (392, 12, 1.0, 4), (360, 8, 1.0, 0), (386, 20, 1.0, 0), (4218, 18, 1.0, 3), (17, 3, 1.0, 4), (396, 9, 1.0, 0), (432, 10, 1.0, 3)]
=: [(505, 11, 1.0, 0), (4224, 14, 1.0, 3), (398, 8, 1.0, 0), (392, 12, 1.0, 4), (360, 8, 1.0, 0), (386, 20, 1.0, 0), (4218, 18, 1.0, 3), (17, 3, 1.0, 4), (396, 9, 1.0, 0), (432, 10, 1.0, 3), (738, 16, 1.0, 4)]
using time: 11646.39561510086