>: [(2773, 1, 0.58833333333333326, 3)]
>: [(177, 10, 0.90000000000000002, 4)]
>: [(607, 17, 0.94666666666666666, 4)]
>: [(93, 11, 0.94999999999999996, 3)]
>: [(11, 8, 0.97499999999999998, 1)]
>: [(35, 11, 1.0, 0)]
=: [(35, 11, 1.0, 0), (53, 16, 1.0, 3)]
=: [(35, 11, 1.0, 0), (53, 16, 1.0, 3), (16, 5, 1.0, 3)]
=: [(35, 11, 1.0, 0), (53, 16, 1.0, 3), (16, 5, 1.0, 3), (84, 13, 1.0, 1)]
=: [(35, 11, 1.0, 0), (53, 16, 1.0, 3), (16, 5, 1.0, 3), (84, 13, 1.0, 1), (1, 8, 1.0, 0)]
=: [(35, 11, 1.0, 0), (53, 16, 1.0, 3), (16, 5, 1.0, 3), (84, 13, 1.0, 1), (1, 8, 1.0, 0), (0, 9, 1.0, 4)]
=: [(35, 11, 1.0, 0), (53, 16, 1.0, 3), (16, 5, 1.0, 3), (84, 13, 1.0, 1), (1, 8, 1.0, 0), (0, 9, 1.0, 4), (37, 9, 1.0, 0)]
=: [(35, 11, 1.0, 0), (53, 16, 1.0, 3), (16, 5, 1.0, 3), (84, 13, 1.0, 1), (1, 8, 1.0, 0), (0, 9, 1.0, 4), (37, 9, 1.0, 0), (210, 14, 1.0, 4)]
=: [(35, 11, 1.0, 0), (53, 16, 1.0, 3), (16, 5, 1.0, 3), (84, 13, 1.0, 1), (1, 8, 1.0, 0), (0, 9, 1.0, 4), (37, 9, 1.0, 0), (210, 14, 1.0, 4), (7, 12, 1.0, 0)]
=: [(35, 11, 1.0, 0), (53, 16, 1.0, 3), (16, 5, 1.0, 3), (84, 13, 1.0, 1), (1, 8, 1.0, 0), (0, 9, 1.0, 4), (37, 9, 1.0, 0), (210, 14, 1.0, 4), (7, 12, 1.0, 0), (48, 10, 1.0, 3)]
=: [(35, 11, 1.0, 0), (53, 16, 1.0, 3), (16, 5, 1.0, 3), (84, 13, 1.0, 1), (1, 8, 1.0, 0), (0, 9, 1.0, 4), (37, 9, 1.0, 0), (210, 14, 1.0, 4), (7, 12, 1.0, 0), (48, 10, 1.0, 3), (0, 9, 1.0, 4)]
using time: 1131.8658480644226