>: [(44376, 1, 0.67500000000000004, 2)]
>: [(2834, 11, 0.875, 4)]
=: [(2834, 11, 0.875, 4), (187, 4, 0.875, 1)]
>: [(1056, 15, 0.90000000000000002, 3)]
>: [(1733, 12, 0.92500000000000004, 3)]
>: [(1239, 5, 0.94999999999999996, 2)]
=: [(1239, 5, 0.94999999999999996, 2), (20, 5, 0.94999999999999996, 3)]
=: [(1239, 5, 0.94999999999999996, 2), (20, 5, 0.94999999999999996, 3), (1238, 6, 0.94999999999999996, 2)]
>: [(561, 19, 1.0, 3)]
=: [(561, 19, 1.0, 3), (0, 10, 1.0, 3)]
=: [(561, 19, 1.0, 3), (0, 10, 1.0, 3), (25, 9, 1.0, 4)]
=: [(561, 19, 1.0, 3), (0, 10, 1.0, 3), (25, 9, 1.0, 4), (0, 10, 1.0, 3)]
using time: 12445.029557704926