>: [(5547, 4, 0.7583333333333333, 1)]
>: [(354, 9, 0.89821428571428574, 3)]
>: [(187, 3, 0.92321428571428577, 2)]
>: [(1651, 6, 0.92500000000000004, 1)]
>: [(137, 7, 0.96250000000000002, 0)]
>: [(56, 3, 0.97499999999999998, 3)]
=: [(56, 3, 0.97499999999999998, 3), (201, 10, 0.97499999999999998, 0)]
=: [(56, 3, 0.97499999999999998, 3), (201, 10, 0.97499999999999998, 0), (333, 6, 0.97499999999999998, 0)]
=: [(56, 3, 0.97499999999999998, 3), (201, 10, 0.97499999999999998, 0), (333, 6, 0.97499999999999998, 0), (16, 22, 0.97499999999999998, 4)]
=: [(56, 3, 0.97499999999999998, 3), (201, 10, 0.97499999999999998, 0), (333, 6, 0.97499999999999998, 0), (16, 22, 0.97499999999999998, 4), (205, 5, 0.97499999999999998, 0)]
>: [(101, 13, 0.98750000000000004, 1)]
=: [(101, 13, 0.98750000000000004, 1), (32, 11, 0.98750000000000004, 0)]
=: [(101, 13, 0.98750000000000004, 1), (32, 11, 0.98750000000000004, 0), (125, 11, 0.98750000000000004, 3)]
=: [(101, 13, 0.98750000000000004, 1), (32, 11, 0.98750000000000004, 0), (125, 11, 0.98750000000000004, 3), (99, 8, 0.98750000000000004, 3)]
=: [(101, 13, 0.98750000000000004, 1), (32, 11, 0.98750000000000004, 0), (125, 11, 0.98750000000000004, 3), (99, 8, 0.98750000000000004, 3), (130, 8, 0.98750000000000004, 1)]
=: [(101, 13, 0.98750000000000004, 1), (32, 11, 0.98750000000000004, 0), (125, 11, 0.98750000000000004, 3), (99, 8, 0.98750000000000004, 3), (130, 8, 0.98750000000000004, 1), (106, 9, 0.98750000000000004, 0)]
=: [(101, 13, 0.98750000000000004, 1), (32, 11, 0.98750000000000004, 0), (125, 11, 0.98750000000000004, 3), (99, 8, 0.98750000000000004, 3), (130, 8, 0.98750000000000004, 1), (106, 9, 0.98750000000000004, 0), (97, 11, 0.98750000000000004, 0)]
=: [(101, 13, 0.98750000000000004, 1), (32, 11, 0.98750000000000004, 0), (125, 11, 0.98750000000000004, 3), (99, 8, 0.98750000000000004, 3), (130, 8, 0.98750000000000004, 1), (106, 9, 0.98750000000000004, 0), (97, 11, 0.98750000000000004, 0), (100, 10, 0.98750000000000004, 3)]
=: [(101, 13, 0.98750000000000004, 1), (32, 11, 0.98750000000000004, 0), (125, 11, 0.98750000000000004, 3), (99, 8, 0.98750000000000004, 3), (130, 8, 0.98750000000000004, 1), (106, 9, 0.98750000000000004, 0), (97, 11, 0.98750000000000004, 0), (100, 10, 0.98750000000000004, 3), (103, 11, 0.98750000000000004, 0)]
=: [(101, 13, 0.98750000000000004, 1), (32, 11, 0.98750000000000004, 0), (125, 11, 0.98750000000000004, 3), (99, 8, 0.98750000000000004, 3), (130, 8, 0.98750000000000004, 1), (106, 9, 0.98750000000000004, 0), (97, 11, 0.98750000000000004, 0), (100, 10, 0.98750000000000004, 3), (103, 11, 0.98750000000000004, 0), (11, 6, 0.98750000000000004, 1)]
=: [(101, 13, 0.98750000000000004, 1), (32, 11, 0.98750000000000004, 0), (125, 11, 0.98750000000000004, 3), (99, 8, 0.98750000000000004, 3), (130, 8, 0.98750000000000004, 1), (106, 9, 0.98750000000000004, 0), (97, 11, 0.98750000000000004, 0), (100, 10, 0.98750000000000004, 3), (103, 11, 0.98750000000000004, 0), (11, 6, 0.98750000000000004, 1), (95, 10, 0.98750000000000004, 1)]
=: [(101, 13, 0.98750000000000004, 1), (32, 11, 0.98750000000000004, 0), (125, 11, 0.98750000000000004, 3), (99, 8, 0.98750000000000004, 3), (130, 8, 0.98750000000000004, 1), (106, 9, 0.98750000000000004, 0), (97, 11, 0.98750000000000004, 0), (100, 10, 0.98750000000000004, 3), (103, 11, 0.98750000000000004, 0), (11, 6, 0.98750000000000004, 1), (95, 10, 0.98750000000000004, 1), (93, 10, 0.98750000000000004, 1)]
=: [(101, 13, 0.98750000000000004, 1), (32, 11, 0.98750000000000004, 0), (125, 11, 0.98750000000000004, 3), (99, 8, 0.98750000000000004, 3), (130, 8, 0.98750000000000004, 1), (106, 9, 0.98750000000000004, 0), (97, 11, 0.98750000000000004, 0), (100, 10, 0.98750000000000004, 3), (103, 11, 0.98750000000000004, 0), (11, 6, 0.98750000000000004, 1), (95, 10, 0.98750000000000004, 1), (93, 10, 0.98750000000000004, 1), (105, 11, 0.98750000000000004, 0)]
=: [(101, 13, 0.98750000000000004, 1), (32, 11, 0.98750000000000004, 0), (125, 11, 0.98750000000000004, 3), (99, 8, 0.98750000000000004, 3), (130, 8, 0.98750000000000004, 1), (106, 9, 0.98750000000000004, 0), (97, 11, 0.98750000000000004, 0), (100, 10, 0.98750000000000004, 3), (103, 11, 0.98750000000000004, 0), (11, 6, 0.98750000000000004, 1), (95, 10, 0.98750000000000004, 1), (93, 10, 0.98750000000000004, 1), (105, 11, 0.98750000000000004, 0), (35, 8, 0.98750000000000004, 0)]
using time: 1864.1656799316406