>: [(22188, 14, 0.65357142857142847, 3)]
>: [(1417, 12, 0.95803571428571443, 4)]
=: [(1417, 12, 0.95803571428571443, 4), (93, 5, 0.95803571428571443, 0)]
>: [(1485, 16, 0.95892857142857157, 0)]
>: [(2227, 10, 0.96517857142857155, 0)]
=: [(2227, 10, 0.96517857142857155, 0), (404, 8, 0.96517857142857155, 0)]
=: [(2227, 10, 0.96517857142857155, 0), (404, 8, 0.96517857142857155, 0), (762, 12, 0.96517857142857155, 3)]
>: [(211, 5, 0.97142857142857153, 3)]
=: [(211, 5, 0.97142857142857153, 3), (756, 17, 0.97142857142857153, 4)]
=: [(211, 5, 0.97142857142857153, 3), (756, 17, 0.97142857142857153, 4), (768, 3, 0.97142857142857153, 3)]
=: [(211, 5, 0.97142857142857153, 3), (756, 17, 0.97142857142857153, 4), (768, 3, 0.97142857142857153, 3), (449, 8, 0.97142857142857153, 1)]
=: [(211, 5, 0.97142857142857153, 3), (756, 17, 0.97142857142857153, 4), (768, 3, 0.97142857142857153, 3), (449, 8, 0.97142857142857153, 1), (520, 5, 0.97142857142857153, 1)]
=: [(211, 5, 0.97142857142857153, 3), (756, 17, 0.97142857142857153, 4), (768, 3, 0.97142857142857153, 3), (449, 8, 0.97142857142857153, 1), (520, 5, 0.97142857142857153, 1), (1329, 10, 0.97142857142857153, 0)]
=: [(211, 5, 0.97142857142857153, 3), (756, 17, 0.97142857142857153, 4), (768, 3, 0.97142857142857153, 3), (449, 8, 0.97142857142857153, 1), (520, 5, 0.97142857142857153, 1), (1329, 10, 0.97142857142857153, 0), (119, 13, 0.97142857142857153, 4)]
=: [(211, 5, 0.97142857142857153, 3), (756, 17, 0.97142857142857153, 4), (768, 3, 0.97142857142857153, 3), (449, 8, 0.97142857142857153, 1), (520, 5, 0.97142857142857153, 1), (1329, 10, 0.97142857142857153, 0), (119, 13, 0.97142857142857153, 4), (1054, 15, 0.97142857142857153, 4)]
=: [(211, 5, 0.97142857142857153, 3), (756, 17, 0.97142857142857153, 4), (768, 3, 0.97142857142857153, 3), (449, 8, 0.97142857142857153, 1), (520, 5, 0.97142857142857153, 1), (1329, 10, 0.97142857142857153, 0), (119, 13, 0.97142857142857153, 4), (1054, 15, 0.97142857142857153, 4), (757, 16, 0.97142857142857153, 4)]
=: [(211, 5, 0.97142857142857153, 3), (756, 17, 0.97142857142857153, 4), (768, 3, 0.97142857142857153, 3), (449, 8, 0.97142857142857153, 1), (520, 5, 0.97142857142857153, 1), (1329, 10, 0.97142857142857153, 0), (119, 13, 0.97142857142857153, 4), (1054, 15, 0.97142857142857153, 4), (757, 16, 0.97142857142857153, 4), (2256, 12, 0.97142857142857153, 0)]
=: [(211, 5, 0.97142857142857153, 3), (756, 17, 0.97142857142857153, 4), (768, 3, 0.97142857142857153, 3), (449, 8, 0.97142857142857153, 1), (520, 5, 0.97142857142857153, 1), (1329, 10, 0.97142857142857153, 0), (119, 13, 0.97142857142857153, 4), (1054, 15, 0.97142857142857153, 4), (757, 16, 0.97142857142857153, 4), (2256, 12, 0.97142857142857153, 0), (447, 14, 0.97142857142857153, 1)]
=: [(211, 5, 0.97142857142857153, 3), (756, 17, 0.97142857142857153, 4), (768, 3, 0.97142857142857153, 3), (449, 8, 0.97142857142857153, 1), (520, 5, 0.97142857142857153, 1), (1329, 10, 0.97142857142857153, 0), (119, 13, 0.97142857142857153, 4), (1054, 15, 0.97142857142857153, 4), (757, 16, 0.97142857142857153, 4), (2256, 12, 0.97142857142857153, 0), (447, 14, 0.97142857142857153, 1), (2254, 14, 0.97142857142857153, 0)]
=: [(211, 5, 0.97142857142857153, 3), (756, 17, 0.97142857142857153, 4), (768, 3, 0.97142857142857153, 3), (449, 8, 0.97142857142857153, 1), (520, 5, 0.97142857142857153, 1), (1329, 10, 0.97142857142857153, 0), (119, 13, 0.97142857142857153, 4), (1054, 15, 0.97142857142857153, 4), (757, 16, 0.97142857142857153, 4), (2256, 12, 0.97142857142857153, 0), (447, 14, 0.97142857142857153, 1), (2254, 14, 0.97142857142857153, 0), (2031, 20, 0.97142857142857153, 0)]
=: [(211, 5, 0.97142857142857153, 3), (756, 17, 0.97142857142857153, 4), (768, 3, 0.97142857142857153, 3), (449, 8, 0.97142857142857153, 1), (520, 5, 0.97142857142857153, 1), (1329, 10, 0.97142857142857153, 0), (119, 13, 0.97142857142857153, 4), (1054, 15, 0.97142857142857153, 4), (757, 16, 0.97142857142857153, 4), (2256, 12, 0.97142857142857153, 0), (447, 14, 0.97142857142857153, 1), (2254, 14, 0.97142857142857153, 0), (2031, 20, 0.97142857142857153, 0), (417, 11, 0.97142857142857153, 4)]
=: [(211, 5, 0.97142857142857153, 3), (756, 17, 0.97142857142857153, 4), (768, 3, 0.97142857142857153, 3), (449, 8, 0.97142857142857153, 1), (520, 5, 0.97142857142857153, 1), (1329, 10, 0.97142857142857153, 0), (119, 13, 0.97142857142857153, 4), (1054, 15, 0.97142857142857153, 4), (757, 16, 0.97142857142857153, 4), (2256, 12, 0.97142857142857153, 0), (447, 14, 0.97142857142857153, 1), (2254, 14, 0.97142857142857153, 0), (2031, 20, 0.97142857142857153, 0), (417, 11, 0.97142857142857153, 4), (2255, 13, 0.97142857142857153, 0)]
=: [(211, 5, 0.97142857142857153, 3), (756, 17, 0.97142857142857153, 4), (768, 3, 0.97142857142857153, 3), (449, 8, 0.97142857142857153, 1), (520, 5, 0.97142857142857153, 1), (1329, 10, 0.97142857142857153, 0), (119, 13, 0.97142857142857153, 4), (1054, 15, 0.97142857142857153, 4), (757, 16, 0.97142857142857153, 4), (2256, 12, 0.97142857142857153, 0), (447, 14, 0.97142857142857153, 1), (2254, 14, 0.97142857142857153, 0), (2031, 20, 0.97142857142857153, 0), (417, 11, 0.97142857142857153, 4), (2255, 13, 0.97142857142857153, 0), (444, 14, 0.97142857142857153, 1)]
=: [(211, 5, 0.97142857142857153, 3), (756, 17, 0.97142857142857153, 4), (768, 3, 0.97142857142857153, 3), (449, 8, 0.97142857142857153, 1), (520, 5, 0.97142857142857153, 1), (1329, 10, 0.97142857142857153, 0), (119, 13, 0.97142857142857153, 4), (1054, 15, 0.97142857142857153, 4), (757, 16, 0.97142857142857153, 4), (2256, 12, 0.97142857142857153, 0), (447, 14, 0.97142857142857153, 1), (2254, 14, 0.97142857142857153, 0), (2031, 20, 0.97142857142857153, 0), (417, 11, 0.97142857142857153, 4), (2255, 13, 0.97142857142857153, 0), (444, 14, 0.97142857142857153, 1), (137, 4, 0.97142857142857153, 1)]
=: [(211, 5, 0.97142857142857153, 3), (756, 17, 0.97142857142857153, 4), (768, 3, 0.97142857142857153, 3), (449, 8, 0.97142857142857153, 1), (520, 5, 0.97142857142857153, 1), (1329, 10, 0.97142857142857153, 0), (119, 13, 0.97142857142857153, 4), (1054, 15, 0.97142857142857153, 4), (757, 16, 0.97142857142857153, 4), (2256, 12, 0.97142857142857153, 0), (447, 14, 0.97142857142857153, 1), (2254, 14, 0.97142857142857153, 0), (2031, 20, 0.97142857142857153, 0), (417, 11, 0.97142857142857153, 4), (2255, 13, 0.97142857142857153, 0), (444, 14, 0.97142857142857153, 1), (137, 4, 0.97142857142857153, 1), (1592, 12, 0.97142857142857153, 0)]
>: [(1676, 10, 0.97857142857142865, 1)]
using time: 13051.728590011597