>: [(5305, 1, 0.76043956043956051, 1)]
>: [(2471, 9, 0.86785714285714266, 4)]
>: [(791, 9, 0.95961538461538454, 1)]
>: [(369, 9, 0.98333333333333339, 3)]
>: [(197, 8, 0.99285714285714288, 0)]
>: [(3, 2, 1.0, 4)]
=: [(3, 2, 1.0, 4), (31, 7, 1.0, 3)]
=: [(3, 2, 1.0, 4), (31, 7, 1.0, 3), (64, 9, 1.0, 0)]
=: [(3, 2, 1.0, 4), (31, 7, 1.0, 3), (64, 9, 1.0, 0), (275, 8, 1.0, 3)]
=: [(3, 2, 1.0, 4), (31, 7, 1.0, 3), (64, 9, 1.0, 0), (275, 8, 1.0, 3), (189, 9, 1.0, 1)]
=: [(3, 2, 1.0, 4), (31, 7, 1.0, 3), (64, 9, 1.0, 0), (275, 8, 1.0, 3), (189, 9, 1.0, 1), (17, 3, 1.0, 0)]
=: [(3, 2, 1.0, 4), (31, 7, 1.0, 3), (64, 9, 1.0, 0), (275, 8, 1.0, 3), (189, 9, 1.0, 1), (17, 3, 1.0, 0), (54, 4, 1.0, 4)]
=: [(3, 2, 1.0, 4), (31, 7, 1.0, 3), (64, 9, 1.0, 0), (275, 8, 1.0, 3), (189, 9, 1.0, 1), (17, 3, 1.0, 0), (54, 4, 1.0, 4), (406, 14, 1.0, 4)]
=: [(3, 2, 1.0, 4), (31, 7, 1.0, 3), (64, 9, 1.0, 0), (275, 8, 1.0, 3), (189, 9, 1.0, 1), (17, 3, 1.0, 0), (54, 4, 1.0, 4), (406, 14, 1.0, 4), (58, 6, 1.0, 3)]
=: [(3, 2, 1.0, 4), (31, 7, 1.0, 3), (64, 9, 1.0, 0), (275, 8, 1.0, 3), (189, 9, 1.0, 1), (17, 3, 1.0, 0), (54, 4, 1.0, 4), (406, 14, 1.0, 4), (58, 6, 1.0, 3), (28, 5, 1.0, 0)]
=: [(3, 2, 1.0, 4), (31, 7, 1.0, 3), (64, 9, 1.0, 0), (275, 8, 1.0, 3), (189, 9, 1.0, 1), (17, 3, 1.0, 0), (54, 4, 1.0, 4), (406, 14, 1.0, 4), (58, 6, 1.0, 3), (28, 5, 1.0, 0), (192, 7, 1.0, 0)]
=: [(3, 2, 1.0, 4), (31, 7, 1.0, 3), (64, 9, 1.0, 0), (275, 8, 1.0, 3), (189, 9, 1.0, 1), (17, 3, 1.0, 0), (54, 4, 1.0, 4), (406, 14, 1.0, 4), (58, 6, 1.0, 3), (28, 5, 1.0, 0), (192, 7, 1.0, 0), (2, 2, 1.0, 0)]
=: [(3, 2, 1.0, 4), (31, 7, 1.0, 3), (64, 9, 1.0, 0), (275, 8, 1.0, 3), (189, 9, 1.0, 1), (17, 3, 1.0, 0), (54, 4, 1.0, 4), (406, 14, 1.0, 4), (58, 6, 1.0, 3), (28, 5, 1.0, 0), (192, 7, 1.0, 0), (2, 2, 1.0, 0), (22, 3, 1.0, 1)]
=: [(3, 2, 1.0, 4), (31, 7, 1.0, 3), (64, 9, 1.0, 0), (275, 8, 1.0, 3), (189, 9, 1.0, 1), (17, 3, 1.0, 0), (54, 4, 1.0, 4), (406, 14, 1.0, 4), (58, 6, 1.0, 3), (28, 5, 1.0, 0), (192, 7, 1.0, 0), (2, 2, 1.0, 0), (22, 3, 1.0, 1), (18, 2, 1.0, 0)]
=: [(3, 2, 1.0, 4), (31, 7, 1.0, 3), (64, 9, 1.0, 0), (275, 8, 1.0, 3), (189, 9, 1.0, 1), (17, 3, 1.0, 0), (54, 4, 1.0, 4), (406, 14, 1.0, 4), (58, 6, 1.0, 3), (28, 5, 1.0, 0), (192, 7, 1.0, 0), (2, 2, 1.0, 0), (22, 3, 1.0, 1), (18, 2, 1.0, 0), (171, 6, 1.0, 0)]
=: [(3, 2, 1.0, 4), (31, 7, 1.0, 3), (64, 9, 1.0, 0), (275, 8, 1.0, 3), (189, 9, 1.0, 1), (17, 3, 1.0, 0), (54, 4, 1.0, 4), (406, 14, 1.0, 4), (58, 6, 1.0, 3), (28, 5, 1.0, 0), (192, 7, 1.0, 0), (2, 2, 1.0, 0), (22, 3, 1.0, 1), (18, 2, 1.0, 0), (171, 6, 1.0, 0), (110, 5, 1.0, 0)]
=: [(3, 2, 1.0, 4), (31, 7, 1.0, 3), (64, 9, 1.0, 0), (275, 8, 1.0, 3), (189, 9, 1.0, 1), (17, 3, 1.0, 0), (54, 4, 1.0, 4), (406, 14, 1.0, 4), (58, 6, 1.0, 3), (28, 5, 1.0, 0), (192, 7, 1.0, 0), (2, 2, 1.0, 0), (22, 3, 1.0, 1), (18, 2, 1.0, 0), (171, 6, 1.0, 0), (110, 5, 1.0, 0), (47, 5, 1.0, 3)]
=: [(3, 2, 1.0, 4), (31, 7, 1.0, 3), (64, 9, 1.0, 0), (275, 8, 1.0, 3), (189, 9, 1.0, 1), (17, 3, 1.0, 0), (54, 4, 1.0, 4), (406, 14, 1.0, 4), (58, 6, 1.0, 3), (28, 5, 1.0, 0), (192, 7, 1.0, 0), (2, 2, 1.0, 0), (22, 3, 1.0, 1), (18, 2, 1.0, 0), (171, 6, 1.0, 0), (110, 5, 1.0, 0), (47, 5, 1.0, 3), (0, 1, 1.0, 0)]
using time: 388.736305475235