>: [(1711, 6, 0.81904761904761902, 3)]
>: [(95, 10, 0.98750000000000004, 1)]
=: [(95, 10, 0.98750000000000004, 1), (37, 8, 0.98750000000000004, 0)]
=: [(95, 10, 0.98750000000000004, 1), (37, 8, 0.98750000000000004, 0), (98, 9, 0.98750000000000004, 1)]
=: [(95, 10, 0.98750000000000004, 1), (37, 8, 0.98750000000000004, 0), (98, 9, 0.98750000000000004, 1), (105, 11, 0.98750000000000004, 0)]
=: [(95, 10, 0.98750000000000004, 1), (37, 8, 0.98750000000000004, 0), (98, 9, 0.98750000000000004, 1), (105, 11, 0.98750000000000004, 0), (365, 23, 0.98750000000000004, 4)]
=: [(95, 10, 0.98750000000000004, 1), (37, 8, 0.98750000000000004, 0), (98, 9, 0.98750000000000004, 1), (105, 11, 0.98750000000000004, 0), (365, 23, 0.98750000000000004, 4), (103, 11, 0.98750000000000004, 0)]
=: [(95, 10, 0.98750000000000004, 1), (37, 8, 0.98750000000000004, 0), (98, 9, 0.98750000000000004, 1), (105, 11, 0.98750000000000004, 0), (365, 23, 0.98750000000000004, 4), (103, 11, 0.98750000000000004, 0), (100, 10, 0.98750000000000004, 3)]
=: [(95, 10, 0.98750000000000004, 1), (37, 8, 0.98750000000000004, 0), (98, 9, 0.98750000000000004, 1), (105, 11, 0.98750000000000004, 0), (365, 23, 0.98750000000000004, 4), (103, 11, 0.98750000000000004, 0), (100, 10, 0.98750000000000004, 3), (364, 24, 0.98750000000000004, 4)]
=: [(95, 10, 0.98750000000000004, 1), (37, 8, 0.98750000000000004, 0), (98, 9, 0.98750000000000004, 1), (105, 11, 0.98750000000000004, 0), (365, 23, 0.98750000000000004, 4), (103, 11, 0.98750000000000004, 0), (100, 10, 0.98750000000000004, 3), (364, 24, 0.98750000000000004, 4), (32, 11, 0.98750000000000004, 0)]
=: [(95, 10, 0.98750000000000004, 1), (37, 8, 0.98750000000000004, 0), (98, 9, 0.98750000000000004, 1), (105, 11, 0.98750000000000004, 0), (365, 23, 0.98750000000000004, 4), (103, 11, 0.98750000000000004, 0), (100, 10, 0.98750000000000004, 3), (364, 24, 0.98750000000000004, 4), (32, 11, 0.98750000000000004, 0), (130, 8, 0.98750000000000004, 1)]
=: [(95, 10, 0.98750000000000004, 1), (37, 8, 0.98750000000000004, 0), (98, 9, 0.98750000000000004, 1), (105, 11, 0.98750000000000004, 0), (365, 23, 0.98750000000000004, 4), (103, 11, 0.98750000000000004, 0), (100, 10, 0.98750000000000004, 3), (364, 24, 0.98750000000000004, 4), (32, 11, 0.98750000000000004, 0), (130, 8, 0.98750000000000004, 1), (11, 6, 0.98750000000000004, 1)]
=: [(95, 10, 0.98750000000000004, 1), (37, 8, 0.98750000000000004, 0), (98, 9, 0.98750000000000004, 1), (105, 11, 0.98750000000000004, 0), (365, 23, 0.98750000000000004, 4), (103, 11, 0.98750000000000004, 0), (100, 10, 0.98750000000000004, 3), (364, 24, 0.98750000000000004, 4), (32, 11, 0.98750000000000004, 0), (130, 8, 0.98750000000000004, 1), (11, 6, 0.98750000000000004, 1), (93, 10, 0.98750000000000004, 1)]
=: [(95, 10, 0.98750000000000004, 1), (37, 8, 0.98750000000000004, 0), (98, 9, 0.98750000000000004, 1), (105, 11, 0.98750000000000004, 0), (365, 23, 0.98750000000000004, 4), (103, 11, 0.98750000000000004, 0), (100, 10, 0.98750000000000004, 3), (364, 24, 0.98750000000000004, 4), (32, 11, 0.98750000000000004, 0), (130, 8, 0.98750000000000004, 1), (11, 6, 0.98750000000000004, 1), (93, 10, 0.98750000000000004, 1), (125, 11, 0.98750000000000004, 3)]
=: [(95, 10, 0.98750000000000004, 1), (37, 8, 0.98750000000000004, 0), (98, 9, 0.98750000000000004, 1), (105, 11, 0.98750000000000004, 0), (365, 23, 0.98750000000000004, 4), (103, 11, 0.98750000000000004, 0), (100, 10, 0.98750000000000004, 3), (364, 24, 0.98750000000000004, 4), (32, 11, 0.98750000000000004, 0), (130, 8, 0.98750000000000004, 1), (11, 6, 0.98750000000000004, 1), (93, 10, 0.98750000000000004, 1), (125, 11, 0.98750000000000004, 3), (162, 12, 0.98750000000000004, 3)]
=: [(95, 10, 0.98750000000000004, 1), (37, 8, 0.98750000000000004, 0), (98, 9, 0.98750000000000004, 1), (105, 11, 0.98750000000000004, 0), (365, 23, 0.98750000000000004, 4), (103, 11, 0.98750000000000004, 0), (100, 10, 0.98750000000000004, 3), (364, 24, 0.98750000000000004, 4), (32, 11, 0.98750000000000004, 0), (130, 8, 0.98750000000000004, 1), (11, 6, 0.98750000000000004, 1), (93, 10, 0.98750000000000004, 1), (125, 11, 0.98750000000000004, 3), (162, 12, 0.98750000000000004, 3), (206, 7, 0.98750000000000004, 3)]
=: [(95, 10, 0.98750000000000004, 1), (37, 8, 0.98750000000000004, 0), (98, 9, 0.98750000000000004, 1), (105, 11, 0.98750000000000004, 0), (365, 23, 0.98750000000000004, 4), (103, 11, 0.98750000000000004, 0), (100, 10, 0.98750000000000004, 3), (364, 24, 0.98750000000000004, 4), (32, 11, 0.98750000000000004, 0), (130, 8, 0.98750000000000004, 1), (11, 6, 0.98750000000000004, 1), (93, 10, 0.98750000000000004, 1), (125, 11, 0.98750000000000004, 3), (162, 12, 0.98750000000000004, 3), (206, 7, 0.98750000000000004, 3), (128, 11, 0.98750000000000004, 1)]
using time: 1893.053517818451