>: [(6847, 13, 0.87589285714285714, 0)]
>: [(381, 5, 0.94553571428571437, 1)]
=: [(381, 5, 0.94553571428571437, 1), (1185, 14, 0.94553571428571437, 4)]
>: [(553, 13, 0.96428571428571441, 0)]
=: [(553, 13, 0.96428571428571441, 0), (2157, 17, 0.96428571428571441, 0)]
>: [(1410, 23, 0.96517857142857155, 0)]
>: [(292, 10, 0.97142857142857153, 0)]
=: [(292, 10, 0.97142857142857153, 0), (443, 16, 0.97142857142857153, 1)]
=: [(292, 10, 0.97142857142857153, 0), (443, 16, 0.97142857142857153, 1), (137, 4, 0.97142857142857153, 1)]
=: [(292, 10, 0.97142857142857153, 0), (443, 16, 0.97142857142857153, 1), (137, 4, 0.97142857142857153, 1), (1592, 12, 0.97142857142857153, 0)]
=: [(292, 10, 0.97142857142857153, 0), (443, 16, 0.97142857142857153, 1), (137, 4, 0.97142857142857153, 1), (1592, 12, 0.97142857142857153, 0), (115, 9, 0.97142857142857153, 4)]
=: [(292, 10, 0.97142857142857153, 0), (443, 16, 0.97142857142857153, 1), (137, 4, 0.97142857142857153, 1), (1592, 12, 0.97142857142857153, 0), (115, 9, 0.97142857142857153, 4), (1054, 15, 0.97142857142857153, 4)]
=: [(292, 10, 0.97142857142857153, 0), (443, 16, 0.97142857142857153, 1), (137, 4, 0.97142857142857153, 1), (1592, 12, 0.97142857142857153, 0), (115, 9, 0.97142857142857153, 4), (1054, 15, 0.97142857142857153, 4), (845, 17, 0.97142857142857153, 4)]
=: [(292, 10, 0.97142857142857153, 0), (443, 16, 0.97142857142857153, 1), (137, 4, 0.97142857142857153, 1), (1592, 12, 0.97142857142857153, 0), (115, 9, 0.97142857142857153, 4), (1054, 15, 0.97142857142857153, 4), (845, 17, 0.97142857142857153, 4), (1055, 17, 0.97142857142857153, 4)]
=: [(292, 10, 0.97142857142857153, 0), (443, 16, 0.97142857142857153, 1), (137, 4, 0.97142857142857153, 1), (1592, 12, 0.97142857142857153, 0), (115, 9, 0.97142857142857153, 4), (1054, 15, 0.97142857142857153, 4), (845, 17, 0.97142857142857153, 4), (1055, 17, 0.97142857142857153, 4), (816, 10, 0.97142857142857153, 0)]
=: [(292, 10, 0.97142857142857153, 0), (443, 16, 0.97142857142857153, 1), (137, 4, 0.97142857142857153, 1), (1592, 12, 0.97142857142857153, 0), (115, 9, 0.97142857142857153, 4), (1054, 15, 0.97142857142857153, 4), (845, 17, 0.97142857142857153, 4), (1055, 17, 0.97142857142857153, 4), (816, 10, 0.97142857142857153, 0), (237, 13, 0.97142857142857153, 1)]
=: [(292, 10, 0.97142857142857153, 0), (443, 16, 0.97142857142857153, 1), (137, 4, 0.97142857142857153, 1), (1592, 12, 0.97142857142857153, 0), (115, 9, 0.97142857142857153, 4), (1054, 15, 0.97142857142857153, 4), (845, 17, 0.97142857142857153, 4), (1055, 17, 0.97142857142857153, 4), (816, 10, 0.97142857142857153, 0), (237, 13, 0.97142857142857153, 1), (1591, 15, 0.97142857142857153, 0)]
=: [(292, 10, 0.97142857142857153, 0), (443, 16, 0.97142857142857153, 1), (137, 4, 0.97142857142857153, 1), (1592, 12, 0.97142857142857153, 0), (115, 9, 0.97142857142857153, 4), (1054, 15, 0.97142857142857153, 4), (845, 17, 0.97142857142857153, 4), (1055, 17, 0.97142857142857153, 4), (816, 10, 0.97142857142857153, 0), (237, 13, 0.97142857142857153, 1), (1591, 15, 0.97142857142857153, 0), (2256, 12, 0.97142857142857153, 0)]
=: [(292, 10, 0.97142857142857153, 0), (443, 16, 0.97142857142857153, 1), (137, 4, 0.97142857142857153, 1), (1592, 12, 0.97142857142857153, 0), (115, 9, 0.97142857142857153, 4), (1054, 15, 0.97142857142857153, 4), (845, 17, 0.97142857142857153, 4), (1055, 17, 0.97142857142857153, 4), (816, 10, 0.97142857142857153, 0), (237, 13, 0.97142857142857153, 1), (1591, 15, 0.97142857142857153, 0), (2256, 12, 0.97142857142857153, 0), (419, 9, 0.97142857142857153, 4)]
=: [(292, 10, 0.97142857142857153, 0), (443, 16, 0.97142857142857153, 1), (137, 4, 0.97142857142857153, 1), (1592, 12, 0.97142857142857153, 0), (115, 9, 0.97142857142857153, 4), (1054, 15, 0.97142857142857153, 4), (845, 17, 0.97142857142857153, 4), (1055, 17, 0.97142857142857153, 4), (816, 10, 0.97142857142857153, 0), (237, 13, 0.97142857142857153, 1), (1591, 15, 0.97142857142857153, 0), (2256, 12, 0.97142857142857153, 0), (419, 9, 0.97142857142857153, 4), (2254, 14, 0.97142857142857153, 0)]
=: [(292, 10, 0.97142857142857153, 0), (443, 16, 0.97142857142857153, 1), (137, 4, 0.97142857142857153, 1), (1592, 12, 0.97142857142857153, 0), (115, 9, 0.97142857142857153, 4), (1054, 15, 0.97142857142857153, 4), (845, 17, 0.97142857142857153, 4), (1055, 17, 0.97142857142857153, 4), (816, 10, 0.97142857142857153, 0), (237, 13, 0.97142857142857153, 1), (1591, 15, 0.97142857142857153, 0), (2256, 12, 0.97142857142857153, 0), (419, 9, 0.97142857142857153, 4), (2254, 14, 0.97142857142857153, 0), (240, 7, 0.97142857142857153, 4)]
=: [(292, 10, 0.97142857142857153, 0), (443, 16, 0.97142857142857153, 1), (137, 4, 0.97142857142857153, 1), (1592, 12, 0.97142857142857153, 0), (115, 9, 0.97142857142857153, 4), (1054, 15, 0.97142857142857153, 4), (845, 17, 0.97142857142857153, 4), (1055, 17, 0.97142857142857153, 4), (816, 10, 0.97142857142857153, 0), (237, 13, 0.97142857142857153, 1), (1591, 15, 0.97142857142857153, 0), (2256, 12, 0.97142857142857153, 0), (419, 9, 0.97142857142857153, 4), (2254, 14, 0.97142857142857153, 0), (240, 7, 0.97142857142857153, 4), (211, 5, 0.97142857142857153, 3)]
=: [(292, 10, 0.97142857142857153, 0), (443, 16, 0.97142857142857153, 1), (137, 4, 0.97142857142857153, 1), (1592, 12, 0.97142857142857153, 0), (115, 9, 0.97142857142857153, 4), (1054, 15, 0.97142857142857153, 4), (845, 17, 0.97142857142857153, 4), (1055, 17, 0.97142857142857153, 4), (816, 10, 0.97142857142857153, 0), (237, 13, 0.97142857142857153, 1), (1591, 15, 0.97142857142857153, 0), (2256, 12, 0.97142857142857153, 0), (419, 9, 0.97142857142857153, 4), (2254, 14, 0.97142857142857153, 0), (240, 7, 0.97142857142857153, 4), (211, 5, 0.97142857142857153, 3), (449, 8, 0.97142857142857153, 1)]
>: [(209, 6, 0.97232142857142867, 4)]
using time: 12972.681967496872