>: [(1949, 1, 0.72904761904761906, 2)]
>: [(4961, 1, 0.75142857142857145, 0)]
>: [(124, 8, 0.76238095238095227, 4)]
>: [(2207, 7, 0.80619047619047612, 2)]
>: [(362, 7, 0.81666666666666676, 2)]
>: [(61, 5, 0.81904761904761902, 3)]
>: [(409, 7, 0.82047619047619058, 1)]
>: [(146, 8, 0.83142857142857152, 3)]
=: [(146, 8, 0.83142857142857152, 3), (7016, 1, 0.83142857142857152, 1)]
>: [(56, 6, 0.84333333333333338, 4)]
=: [(56, 6, 0.84333333333333338, 4), (19, 9, 0.84333333333333338, 3)]
>: [(15, 5, 0.84904761904761905, 4)]
>: [(381, 15, 0.85142857142857165, 4)]
>: [(237, 8, 0.88809523809523827, 4)]
using time: 1450.2053134441376