>: [(1949, 15, 0.84821428571428581, 4)]
>: [(1068, 9, 0.89583333333333337, 1)]
>: [(107, 4, 0.9375, 0)]
>: [(124, 11, 0.97499999999999998, 3)]
=: [(124, 11, 0.97499999999999998, 3), (59, 8, 0.97499999999999998, 0)]
>: [(93, 10, 0.98750000000000004, 1)]
=: [(93, 10, 0.98750000000000004, 1), (162, 12, 0.98750000000000004, 3)]
=: [(93, 10, 0.98750000000000004, 1), (162, 12, 0.98750000000000004, 3), (95, 10, 0.98750000000000004, 1)]
=: [(93, 10, 0.98750000000000004, 1), (162, 12, 0.98750000000000004, 3), (95, 10, 0.98750000000000004, 1), (97, 11, 0.98750000000000004, 0)]
=: [(93, 10, 0.98750000000000004, 1), (162, 12, 0.98750000000000004, 3), (95, 10, 0.98750000000000004, 1), (97, 11, 0.98750000000000004, 0), (94, 11, 0.98750000000000004, 1)]
=: [(93, 10, 0.98750000000000004, 1), (162, 12, 0.98750000000000004, 3), (95, 10, 0.98750000000000004, 1), (97, 11, 0.98750000000000004, 0), (94, 11, 0.98750000000000004, 1), (11, 6, 0.98750000000000004, 1)]
=: [(93, 10, 0.98750000000000004, 1), (162, 12, 0.98750000000000004, 3), (95, 10, 0.98750000000000004, 1), (97, 11, 0.98750000000000004, 0), (94, 11, 0.98750000000000004, 1), (11, 6, 0.98750000000000004, 1), (364, 24, 0.98750000000000004, 4)]
=: [(93, 10, 0.98750000000000004, 1), (162, 12, 0.98750000000000004, 3), (95, 10, 0.98750000000000004, 1), (97, 11, 0.98750000000000004, 0), (94, 11, 0.98750000000000004, 1), (11, 6, 0.98750000000000004, 1), (364, 24, 0.98750000000000004, 4), (98, 9, 0.98750000000000004, 1)]
=: [(93, 10, 0.98750000000000004, 1), (162, 12, 0.98750000000000004, 3), (95, 10, 0.98750000000000004, 1), (97, 11, 0.98750000000000004, 0), (94, 11, 0.98750000000000004, 1), (11, 6, 0.98750000000000004, 1), (364, 24, 0.98750000000000004, 4), (98, 9, 0.98750000000000004, 1), (106, 9, 0.98750000000000004, 0)]
=: [(93, 10, 0.98750000000000004, 1), (162, 12, 0.98750000000000004, 3), (95, 10, 0.98750000000000004, 1), (97, 11, 0.98750000000000004, 0), (94, 11, 0.98750000000000004, 1), (11, 6, 0.98750000000000004, 1), (364, 24, 0.98750000000000004, 4), (98, 9, 0.98750000000000004, 1), (106, 9, 0.98750000000000004, 0), (100, 10, 0.98750000000000004, 3)]
=: [(93, 10, 0.98750000000000004, 1), (162, 12, 0.98750000000000004, 3), (95, 10, 0.98750000000000004, 1), (97, 11, 0.98750000000000004, 0), (94, 11, 0.98750000000000004, 1), (11, 6, 0.98750000000000004, 1), (364, 24, 0.98750000000000004, 4), (98, 9, 0.98750000000000004, 1), (106, 9, 0.98750000000000004, 0), (100, 10, 0.98750000000000004, 3), (128, 11, 0.98750000000000004, 1)]
=: [(93, 10, 0.98750000000000004, 1), (162, 12, 0.98750000000000004, 3), (95, 10, 0.98750000000000004, 1), (97, 11, 0.98750000000000004, 0), (94, 11, 0.98750000000000004, 1), (11, 6, 0.98750000000000004, 1), (364, 24, 0.98750000000000004, 4), (98, 9, 0.98750000000000004, 1), (106, 9, 0.98750000000000004, 0), (100, 10, 0.98750000000000004, 3), (128, 11, 0.98750000000000004, 1), (207, 6, 0.98750000000000004, 3)]
using time: 1772.7182838916779