>: [(3898, 1, 0.79276960784313721, 0)]
=: [(3898, 1, 0.79276960784313721, 0), (9709, 1, 0.79276960784313721, 0)]
=: [(3898, 1, 0.79276960784313721, 0), (9709, 1, 0.79276960784313721, 0), (8916, 1, 0.79276960784313721, 0)]
=: [(3898, 1, 0.79276960784313721, 0), (9709, 1, 0.79276960784313721, 0), (8916, 1, 0.79276960784313721, 0), (2136, 1, 0.79276960784313721, 0)]
>: [(6061, 3, 0.79832516339869275, 1)]
=: [(6061, 3, 0.79832516339869275, 1), (1073, 3, 0.79832516339869275, 0)]
>: [(215, 8, 0.83300653594771246, 4)]
>: [(248, 11, 0.84342320261437909, 3)]
>: [(1091, 14, 0.86809640522875819, 3)]
>: [(529, 20, 0.88578431372549016, 0)]
>: [(1, 18, 0.88684640522875813, 4)]
>: [(179, 13, 0.89031862745098034, 0)]
using time: 3030.2127418518066