>: [(926, 3, 0.70714285714285718, 4)]
>: [(925, 13, 0.74523809523809526, 4)]
>: [(388, 9, 0.83809523809523812, 0)]
>: [(378, 9, 0.85714285714285732, 0)]
>: [(381, 9, 0.88809523809523816, 4)]
>: [(185, 12, 0.89047619047619053, 3)]
>: [(129, 5, 0.90000000000000002, 0)]
=: [(129, 5, 0.90000000000000002, 0), (9, 4, 0.90000000000000002, 0)]
>: [(170, 3, 0.90238095238095239, 1)]
>: [(520, 15, 0.91904761904761911, 4)]
=: [(520, 15, 0.91904761904761911, 4), (268, 17, 0.91904761904761911, 3)]
>: [(40, 3, 0.93333333333333335, 0)]
=: [(40, 3, 0.93333333333333335, 0), (273, 12, 0.93333333333333335, 0)]
using time: 599.827605009079