>: [(1852, 2, 0.75714285714285723, 1)]
>: [(777, 2, 0.79821428571428565, 1)]
>: [(385, 13, 0.93154761904761896, 4)]
>: [(171, 13, 0.97499999999999998, 1)]
>: [(258, 20, 0.98750000000000004, 3)]
=: [(258, 20, 0.98750000000000004, 3), (123, 18, 0.98750000000000004, 0)]
=: [(258, 20, 0.98750000000000004, 3), (123, 18, 0.98750000000000004, 0), (69, 10, 0.98750000000000004, 0)]
=: [(258, 20, 0.98750000000000004, 3), (123, 18, 0.98750000000000004, 0), (69, 10, 0.98750000000000004, 0), (299, 20, 0.98750000000000004, 4)]
=: [(258, 20, 0.98750000000000004, 3), (123, 18, 0.98750000000000004, 0), (69, 10, 0.98750000000000004, 0), (299, 20, 0.98750000000000004, 4), (245, 12, 0.98750000000000004, 3)]
=: [(258, 20, 0.98750000000000004, 3), (123, 18, 0.98750000000000004, 0), (69, 10, 0.98750000000000004, 0), (299, 20, 0.98750000000000004, 4), (245, 12, 0.98750000000000004, 3), (1, 2, 0.98750000000000004, 3)]
=: [(258, 20, 0.98750000000000004, 3), (123, 18, 0.98750000000000004, 0), (69, 10, 0.98750000000000004, 0), (299, 20, 0.98750000000000004, 4), (245, 12, 0.98750000000000004, 3), (1, 2, 0.98750000000000004, 3), (194, 18, 0.98750000000000004, 4)]
=: [(258, 20, 0.98750000000000004, 3), (123, 18, 0.98750000000000004, 0), (69, 10, 0.98750000000000004, 0), (299, 20, 0.98750000000000004, 4), (245, 12, 0.98750000000000004, 3), (1, 2, 0.98750000000000004, 3), (194, 18, 0.98750000000000004, 4), (67, 10, 0.98750000000000004, 1)]
=: [(258, 20, 0.98750000000000004, 3), (123, 18, 0.98750000000000004, 0), (69, 10, 0.98750000000000004, 0), (299, 20, 0.98750000000000004, 4), (245, 12, 0.98750000000000004, 3), (1, 2, 0.98750000000000004, 3), (194, 18, 0.98750000000000004, 4), (67, 10, 0.98750000000000004, 1), (73, 9, 0.98750000000000004, 4)]
=: [(258, 20, 0.98750000000000004, 3), (123, 18, 0.98750000000000004, 0), (69, 10, 0.98750000000000004, 0), (299, 20, 0.98750000000000004, 4), (245, 12, 0.98750000000000004, 3), (1, 2, 0.98750000000000004, 3), (194, 18, 0.98750000000000004, 4), (67, 10, 0.98750000000000004, 1), (73, 9, 0.98750000000000004, 4), (182, 15, 0.98750000000000004, 1)]
>: [(122, 16, 1.0, 4)]
=: [(122, 16, 1.0, 4), (31, 10, 1.0, 3)]
=: [(122, 16, 1.0, 4), (31, 10, 1.0, 3), (33, 9, 1.0, 3)]
using time: 990.3886952400208