>: [(1852, 3, 0.65833333333333344, 3)]
>: [(1850, 5, 0.67666666666666664, 0)]
>: [(2080, 6, 0.70499999999999996, 2)]
>: [(777, 11, 0.77833333333333332, 2)]
>: [(756, 16, 0.84333333333333338, 4)]
>: [(762, 8, 0.8683333333333334, 0)]
>: [(385, 10, 0.94999999999999996, 0)]
=: [(385, 10, 0.94999999999999996, 0), (371, 20, 0.94999999999999996, 4)]
=: [(385, 10, 0.94999999999999996, 0), (371, 20, 0.94999999999999996, 4), (61, 12, 0.94999999999999996, 3)]
>: [(243, 12, 0.98000000000000009, 4)]
=: [(243, 12, 0.98000000000000009, 4), (18, 8, 0.98000000000000009, 1)]
>: [(2, 7, 1.0, 0)]
=: [(2, 7, 1.0, 0), (44, 10, 1.0, 4)]
=: [(2, 7, 1.0, 0), (44, 10, 1.0, 4), (1, 8, 1.0, 0)]
=: [(2, 7, 1.0, 0), (44, 10, 1.0, 4), (1, 8, 1.0, 0), (39, 6, 1.0, 4)]
=: [(2, 7, 1.0, 0), (44, 10, 1.0, 4), (1, 8, 1.0, 0), (39, 6, 1.0, 4), (46, 6, 1.0, 0)]
=: [(2, 7, 1.0, 0), (44, 10, 1.0, 4), (1, 8, 1.0, 0), (39, 6, 1.0, 4), (46, 6, 1.0, 0), (48, 10, 1.0, 3)]
=: [(2, 7, 1.0, 0), (44, 10, 1.0, 4), (1, 8, 1.0, 0), (39, 6, 1.0, 4), (46, 6, 1.0, 0), (48, 10, 1.0, 3), (54, 15, 1.0, 3)]
=: [(2, 7, 1.0, 0), (44, 10, 1.0, 4), (1, 8, 1.0, 0), (39, 6, 1.0, 4), (46, 6, 1.0, 0), (48, 10, 1.0, 3), (54, 15, 1.0, 3), (206, 17, 1.0, 0)]
=: [(2, 7, 1.0, 0), (44, 10, 1.0, 4), (1, 8, 1.0, 0), (39, 6, 1.0, 4), (46, 6, 1.0, 0), (48, 10, 1.0, 3), (54, 15, 1.0, 3), (206, 17, 1.0, 0), (38, 8, 1.0, 4)]
=: [(2, 7, 1.0, 0), (44, 10, 1.0, 4), (1, 8, 1.0, 0), (39, 6, 1.0, 4), (46, 6, 1.0, 0), (48, 10, 1.0, 3), (54, 15, 1.0, 3), (206, 17, 1.0, 0), (38, 8, 1.0, 4), (41, 7, 1.0, 0)]
=: [(2, 7, 1.0, 0), (44, 10, 1.0, 4), (1, 8, 1.0, 0), (39, 6, 1.0, 4), (46, 6, 1.0, 0), (48, 10, 1.0, 3), (54, 15, 1.0, 3), (206, 17, 1.0, 0), (38, 8, 1.0, 4), (41, 7, 1.0, 0), (5, 4, 1.0, 1)]
=: [(2, 7, 1.0, 0), (44, 10, 1.0, 4), (1, 8, 1.0, 0), (39, 6, 1.0, 4), (46, 6, 1.0, 0), (48, 10, 1.0, 3), (54, 15, 1.0, 3), (206, 17, 1.0, 0), (38, 8, 1.0, 4), (41, 7, 1.0, 0), (5, 4, 1.0, 1), (0, 9, 1.0, 4)]
using time: 1174.694791316986