>: [(7411, 1, 0.79276960784313721, 0)]
=: [(7411, 1, 0.79276960784313721, 0), (9171, 1, 0.79276960784313721, 0)]
=: [(7411, 1, 0.79276960784313721, 0), (9171, 1, 0.79276960784313721, 0), (7629, 1, 0.79276960784313721, 0)]
>: [(7402, 5, 0.79346405228758177, 3)]
>: [(7794, 3, 0.82295751633986924, 1)]
>: [(1542, 11, 0.83823529411764708, 4)]
>: [(487, 9, 0.84934640522875815, 4)]
>: [(8, 12, 0.86601307189542476, 4)]
>: [(179, 13, 0.89031862745098034, 0)]
>: [(63, 21, 0.89064542483660125, 4)]
>: [(379, 27, 0.89791666666666681, 4)]
using time: 3203.4453077316284