>: [(16974, 5, 0.72499999999999998, 4)]
=: [(16974, 5, 0.72499999999999998, 4), (14756, 2, 0.72499999999999998, 2)]
>: [(8533, 7, 0.75, 1)]
>: [(1964, 10, 0.82499999999999996, 0)]
=: [(1964, 10, 0.82499999999999996, 0), (142, 4, 0.82499999999999996, 0)]
=: [(1964, 10, 0.82499999999999996, 0), (142, 4, 0.82499999999999996, 0), (4531, 3, 0.82499999999999996, 1)]
=: [(1964, 10, 0.82499999999999996, 0), (142, 4, 0.82499999999999996, 0), (4531, 3, 0.82499999999999996, 1), (194, 3, 0.82499999999999996, 0)]
>: [(374, 5, 0.875, 0)]
=: [(374, 5, 0.875, 0), (2988, 9, 0.875, 3)]
>: [(268, 6, 0.92500000000000004, 3)]
=: [(268, 6, 0.92500000000000004, 3), (10485, 4, 0.92500000000000004, 1)]
=: [(268, 6, 0.92500000000000004, 3), (10485, 4, 0.92500000000000004, 1), (79, 8, 0.92500000000000004, 3)]
=: [(268, 6, 0.92500000000000004, 3), (10485, 4, 0.92500000000000004, 1), (79, 8, 0.92500000000000004, 3), (127, 4, 0.92500000000000004, 2)]
>: [(46, 9, 0.94999999999999996, 3)]
>: [(782, 18, 0.97499999999999998, 3)]
>: [(25, 9, 1.0, 4)]
=: [(25, 9, 1.0, 4), (561, 19, 1.0, 3)]
=: [(25, 9, 1.0, 4), (561, 19, 1.0, 3), (0, 10, 1.0, 3)]
using time: 12412.390828609467