>: [(926, 12, 0.85272727272727278, 2)]
>: [(137, 5, 0.86090909090909096, 3)]
>: [(415, 8, 0.87181818181818183, 0)]
>: [(31, 12, 0.93000000000000005, 1)]
>: [(190, 7, 0.94000000000000006, 0)]
=: [(190, 7, 0.94000000000000006, 0), (188, 11, 0.94000000000000006, 4)]
=: [(190, 7, 0.94000000000000006, 0), (188, 11, 0.94000000000000006, 4), (184, 15, 0.94000000000000006, 4)]
>: [(9, 6, 0.94090909090909081, 3)]
=: [(9, 6, 0.94090909090909081, 3), (8, 7, 0.94090909090909081, 3)]
>: [(7, 8, 0.95090909090909093, 3)]
using time: 3791.4218974113464