>: [(3706, 9, 0.75, 0)]
>: [(2341, 3, 0.77500000000000002, 3)]
>: [(2354, 9, 0.80000000000000004, 2)]
=: [(2354, 9, 0.80000000000000004, 2), (10563, 4, 0.80000000000000004, 1)]
>: [(551, 10, 0.875, 3)]
>: [(126, 4, 0.92500000000000004, 2)]
=: [(126, 4, 0.92500000000000004, 2), (349, 12, 0.92500000000000004, 0)]
=: [(126, 4, 0.92500000000000004, 2), (349, 12, 0.92500000000000004, 0), (2829, 17, 0.92500000000000004, 4)]
=: [(126, 4, 0.92500000000000004, 2), (349, 12, 0.92500000000000004, 0), (2829, 17, 0.92500000000000004, 4), (98, 4, 0.92500000000000004, 1)]
=: [(126, 4, 0.92500000000000004, 2), (349, 12, 0.92500000000000004, 0), (2829, 17, 0.92500000000000004, 4), (98, 4, 0.92500000000000004, 1), (2562, 7, 0.92500000000000004, 2)]
=: [(126, 4, 0.92500000000000004, 2), (349, 12, 0.92500000000000004, 0), (2829, 17, 0.92500000000000004, 4), (98, 4, 0.92500000000000004, 1), (2562, 7, 0.92500000000000004, 2), (94, 13, 0.92500000000000004, 0)]
=: [(126, 4, 0.92500000000000004, 2), (349, 12, 0.92500000000000004, 0), (2829, 17, 0.92500000000000004, 4), (98, 4, 0.92500000000000004, 1), (2562, 7, 0.92500000000000004, 2), (94, 13, 0.92500000000000004, 0), (452, 6, 0.92500000000000004, 1)]
>: [(484, 14, 0.97499999999999998, 4)]
=: [(484, 14, 0.97499999999999998, 4), (26, 8, 0.97499999999999998, 4)]
>: [(0, 10, 1.0, 3)]
=: [(0, 10, 1.0, 3), (25, 9, 1.0, 4)]
=: [(0, 10, 1.0, 3), (25, 9, 1.0, 4), (561, 19, 1.0, 3)]
=: [(0, 10, 1.0, 3), (25, 9, 1.0, 4), (561, 19, 1.0, 3), (0, 10, 1.0, 3)]
using time: 12702.059879541397