>: [(1484, 1, 0.79047619047619044, 1)]
>: [(1006, 5, 0.82142857142857151, 1)]
>: [(1498, 13, 0.88749999999999996, 4)]
=: [(1498, 13, 0.88749999999999996, 4), (2657, 21, 0.88749999999999996, 1)]
>: [(1640, 15, 0.91249999999999998, 3)]
=: [(1640, 15, 0.91249999999999998, 3), (4159, 15, 0.91249999999999998, 1)]
>: [(54, 4, 0.96250000000000002, 0)]
>: [(51, 10, 0.97499999999999998, 0)]
=: [(51, 10, 0.97499999999999998, 0), (1067, 19, 0.97499999999999998, 4)]
=: [(51, 10, 0.97499999999999998, 0), (1067, 19, 0.97499999999999998, 4), (90, 10, 0.97499999999999998, 1)]
>: [(105, 11, 0.98750000000000004, 0)]
=: [(105, 11, 0.98750000000000004, 0), (99, 8, 0.98750000000000004, 3)]
=: [(105, 11, 0.98750000000000004, 0), (99, 8, 0.98750000000000004, 3), (95, 10, 0.98750000000000004, 1)]
=: [(105, 11, 0.98750000000000004, 0), (99, 8, 0.98750000000000004, 3), (95, 10, 0.98750000000000004, 1), (32, 11, 0.98750000000000004, 0)]
=: [(105, 11, 0.98750000000000004, 0), (99, 8, 0.98750000000000004, 3), (95, 10, 0.98750000000000004, 1), (32, 11, 0.98750000000000004, 0), (101, 13, 0.98750000000000004, 1)]
=: [(105, 11, 0.98750000000000004, 0), (99, 8, 0.98750000000000004, 3), (95, 10, 0.98750000000000004, 1), (32, 11, 0.98750000000000004, 0), (101, 13, 0.98750000000000004, 1), (102, 8, 0.98750000000000004, 0)]
=: [(105, 11, 0.98750000000000004, 0), (99, 8, 0.98750000000000004, 3), (95, 10, 0.98750000000000004, 1), (32, 11, 0.98750000000000004, 0), (101, 13, 0.98750000000000004, 1), (102, 8, 0.98750000000000004, 0), (93, 10, 0.98750000000000004, 1)]
=: [(105, 11, 0.98750000000000004, 0), (99, 8, 0.98750000000000004, 3), (95, 10, 0.98750000000000004, 1), (32, 11, 0.98750000000000004, 0), (101, 13, 0.98750000000000004, 1), (102, 8, 0.98750000000000004, 0), (93, 10, 0.98750000000000004, 1), (103, 11, 0.98750000000000004, 0)]
=: [(105, 11, 0.98750000000000004, 0), (99, 8, 0.98750000000000004, 3), (95, 10, 0.98750000000000004, 1), (32, 11, 0.98750000000000004, 0), (101, 13, 0.98750000000000004, 1), (102, 8, 0.98750000000000004, 0), (93, 10, 0.98750000000000004, 1), (103, 11, 0.98750000000000004, 0), (128, 11, 0.98750000000000004, 1)]
=: [(105, 11, 0.98750000000000004, 0), (99, 8, 0.98750000000000004, 3), (95, 10, 0.98750000000000004, 1), (32, 11, 0.98750000000000004, 0), (101, 13, 0.98750000000000004, 1), (102, 8, 0.98750000000000004, 0), (93, 10, 0.98750000000000004, 1), (103, 11, 0.98750000000000004, 0), (128, 11, 0.98750000000000004, 1), (11, 6, 0.98750000000000004, 1)]
=: [(105, 11, 0.98750000000000004, 0), (99, 8, 0.98750000000000004, 3), (95, 10, 0.98750000000000004, 1), (32, 11, 0.98750000000000004, 0), (101, 13, 0.98750000000000004, 1), (102, 8, 0.98750000000000004, 0), (93, 10, 0.98750000000000004, 1), (103, 11, 0.98750000000000004, 0), (128, 11, 0.98750000000000004, 1), (11, 6, 0.98750000000000004, 1), (98, 9, 0.98750000000000004, 1)]
=: [(105, 11, 0.98750000000000004, 0), (99, 8, 0.98750000000000004, 3), (95, 10, 0.98750000000000004, 1), (32, 11, 0.98750000000000004, 0), (101, 13, 0.98750000000000004, 1), (102, 8, 0.98750000000000004, 0), (93, 10, 0.98750000000000004, 1), (103, 11, 0.98750000000000004, 0), (128, 11, 0.98750000000000004, 1), (11, 6, 0.98750000000000004, 1), (98, 9, 0.98750000000000004, 1), (206, 7, 0.98750000000000004, 3)]
using time: 1860.8118016719818