>: [(5939, 8, 0.90267857142857155, 1)]
>: [(4024, 13, 0.91607142857142865, 4)]
>: [(6486, 16, 0.92321428571428577, 4)]
>: [(5712, 36, 0.95892857142857157, 0)]
=: [(5712, 36, 0.95892857142857157, 0), (218, 3, 0.95892857142857157, 0)]
>: [(206, 8, 0.96517857142857155, 1)]
>: [(292, 10, 0.97142857142857153, 0)]
=: [(292, 10, 0.97142857142857153, 0), (756, 17, 0.97142857142857153, 4)]
=: [(292, 10, 0.97142857142857153, 0), (756, 17, 0.97142857142857153, 4), (1592, 12, 0.97142857142857153, 0)]
=: [(292, 10, 0.97142857142857153, 0), (756, 17, 0.97142857142857153, 4), (1592, 12, 0.97142857142857153, 0), (116, 7, 0.97142857142857153, 4)]
=: [(292, 10, 0.97142857142857153, 0), (756, 17, 0.97142857142857153, 4), (1592, 12, 0.97142857142857153, 0), (116, 7, 0.97142857142857153, 4), (443, 16, 0.97142857142857153, 1)]
=: [(292, 10, 0.97142857142857153, 0), (756, 17, 0.97142857142857153, 4), (1592, 12, 0.97142857142857153, 0), (116, 7, 0.97142857142857153, 4), (443, 16, 0.97142857142857153, 1), (117, 6, 0.97142857142857153, 4)]
=: [(292, 10, 0.97142857142857153, 0), (756, 17, 0.97142857142857153, 4), (1592, 12, 0.97142857142857153, 0), (116, 7, 0.97142857142857153, 4), (443, 16, 0.97142857142857153, 1), (117, 6, 0.97142857142857153, 4), (1329, 10, 0.97142857142857153, 0)]
=: [(292, 10, 0.97142857142857153, 0), (756, 17, 0.97142857142857153, 4), (1592, 12, 0.97142857142857153, 0), (116, 7, 0.97142857142857153, 4), (443, 16, 0.97142857142857153, 1), (117, 6, 0.97142857142857153, 4), (1329, 10, 0.97142857142857153, 0), (1054, 15, 0.97142857142857153, 4)]
=: [(292, 10, 0.97142857142857153, 0), (756, 17, 0.97142857142857153, 4), (1592, 12, 0.97142857142857153, 0), (116, 7, 0.97142857142857153, 4), (443, 16, 0.97142857142857153, 1), (117, 6, 0.97142857142857153, 4), (1329, 10, 0.97142857142857153, 0), (1054, 15, 0.97142857142857153, 4), (755, 18, 0.97142857142857153, 4)]
=: [(292, 10, 0.97142857142857153, 0), (756, 17, 0.97142857142857153, 4), (1592, 12, 0.97142857142857153, 0), (116, 7, 0.97142857142857153, 4), (443, 16, 0.97142857142857153, 1), (117, 6, 0.97142857142857153, 4), (1329, 10, 0.97142857142857153, 0), (1054, 15, 0.97142857142857153, 4), (755, 18, 0.97142857142857153, 4), (418, 10, 0.97142857142857153, 4)]
>: [(209, 6, 0.97232142857142867, 4)]
>: [(1676, 10, 0.97857142857142865, 1)]
using time: 12845.265553712845