>: [(742, 7, 0.81964285714285712, 2)]
>: [(503, 6, 0.85238095238095235, 0)]
>: [(803, 10, 0.88988095238095255, 4)]
>: [(27, 14, 0.98750000000000004, 3)]
=: [(27, 14, 0.98750000000000004, 3), (71, 11, 0.98750000000000004, 4)]
=: [(27, 14, 0.98750000000000004, 3), (71, 11, 0.98750000000000004, 4), (75, 7, 0.98750000000000004, 4)]
>: [(119, 17, 1.0, 4)]
=: [(119, 17, 1.0, 4), (117, 19, 1.0, 4)]
=: [(119, 17, 1.0, 4), (117, 19, 1.0, 4), (256, 19, 1.0, 4)]
=: [(119, 17, 1.0, 4), (117, 19, 1.0, 4), (256, 19, 1.0, 4), (4, 6, 1.0, 0)]
=: [(119, 17, 1.0, 4), (117, 19, 1.0, 4), (256, 19, 1.0, 4), (4, 6, 1.0, 0), (6, 7, 1.0, 3)]
=: [(119, 17, 1.0, 4), (117, 19, 1.0, 4), (256, 19, 1.0, 4), (4, 6, 1.0, 0), (6, 7, 1.0, 3), (30, 12, 1.0, 4)]
=: [(119, 17, 1.0, 4), (117, 19, 1.0, 4), (256, 19, 1.0, 4), (4, 6, 1.0, 0), (6, 7, 1.0, 3), (30, 12, 1.0, 4), (28, 12, 1.0, 4)]
=: [(119, 17, 1.0, 4), (117, 19, 1.0, 4), (256, 19, 1.0, 4), (4, 6, 1.0, 0), (6, 7, 1.0, 3), (30, 12, 1.0, 4), (28, 12, 1.0, 4), (5, 7, 1.0, 3)]
using time: 928.71000623703