>: [(11879, 2, 0.75, 1)]
=: [(11879, 2, 0.75, 1), (41168, 4, 0.75, 2)]
>: [(7733, 1, 0.77500000000000002, 1)]
=: [(7733, 1, 0.77500000000000002, 1), (49551, 7, 0.77500000000000002, 2)]
>: [(14162, 5, 0.80000000000000004, 2)]
>: [(436, 4, 0.82499999999999996, 0)]
>: [(413, 9, 0.875, 3)]
=: [(413, 9, 0.875, 3), (374, 5, 0.875, 0)]
>: [(573, 5, 0.90000000000000002, 1)]
>: [(76, 8, 0.92500000000000004, 3)]
>: [(19, 7, 0.97499999999999998, 1)]
=: [(19, 7, 0.97499999999999998, 1), (26, 8, 0.97499999999999998, 4)]
>: [(561, 19, 1.0, 3)]
=: [(561, 19, 1.0, 3), (0, 10, 1.0, 3)]
=: [(561, 19, 1.0, 3), (0, 10, 1.0, 3), (25, 9, 1.0, 4)]
=: [(561, 19, 1.0, 3), (0, 10, 1.0, 3), (25, 9, 1.0, 4), (0, 10, 1.0, 3)]
using time: 12201.316752195358