>: [(5923, 1, 0.81703296703296702, 1)]
>: [(95, 1, 0.81767399267399266, 3)]
=: [(95, 1, 0.81767399267399266, 3), (165, 8, 0.81767399267399266, 4)]
>: [(363, 2, 0.81831501831501829, 3)]
>: [(4153, 2, 0.82472527472527468, 1)]
>: [(333, 6, 0.82536630036630032, 3)]
>: [(2522, 8, 0.83315018315018319, 1)]
>: [(372, 3, 0.83369963369963374, 3)]
>: [(182, 1, 0.83434065934065926, 1)]
>: [(6480, 1, 0.8414835164835166, 1)]
>: [(952, 5, 0.84972527472527482, 3)]
=: [(952, 5, 0.84972527472527482, 3), (0, 4, 0.84972527472527482, 3)]
>: [(3408, 8, 0.85155677655677664, 1)]
>: [(54, 17, 0.85631868131868139, 1)]
>: [(434, 4, 0.86346153846153828, 1)]
>: [(236, 4, 0.87115384615384617, 1)]
using time: 2434.852525949478