>: [(11846, 19, 0.85357142857142865, 0)]
>: [(9336, 21, 0.93035714285714288, 0)]
>: [(191, 7, 0.95267857142857149, 3)]
>: [(896, 8, 0.95803571428571443, 0)]
>: [(458, 11, 0.96428571428571441, 0)]
=: [(458, 11, 0.96428571428571441, 0), (299, 15, 0.96428571428571441, 4)]
=: [(458, 11, 0.96428571428571441, 0), (299, 15, 0.96428571428571441, 4), (555, 14, 0.96428571428571441, 0)]
>: [(134, 7, 0.96517857142857155, 0)]
>: [(117, 6, 0.97142857142857153, 4)]
=: [(117, 6, 0.97142857142857153, 4), (757, 16, 0.97142857142857153, 4)]
=: [(117, 6, 0.97142857142857153, 4), (757, 16, 0.97142857142857153, 4), (238, 9, 0.97142857142857153, 4)]
=: [(117, 6, 0.97142857142857153, 4), (757, 16, 0.97142857142857153, 4), (238, 9, 0.97142857142857153, 4), (922, 7, 0.97142857142857153, 0)]
=: [(117, 6, 0.97142857142857153, 4), (757, 16, 0.97142857142857153, 4), (238, 9, 0.97142857142857153, 4), (922, 7, 0.97142857142857153, 0), (768, 3, 0.97142857142857153, 3)]
=: [(117, 6, 0.97142857142857153, 4), (757, 16, 0.97142857142857153, 4), (238, 9, 0.97142857142857153, 4), (922, 7, 0.97142857142857153, 0), (768, 3, 0.97142857142857153, 3), (237, 13, 0.97142857142857153, 1)]
=: [(117, 6, 0.97142857142857153, 4), (757, 16, 0.97142857142857153, 4), (238, 9, 0.97142857142857153, 4), (922, 7, 0.97142857142857153, 0), (768, 3, 0.97142857142857153, 3), (237, 13, 0.97142857142857153, 1), (2256, 12, 0.97142857142857153, 0)]
=: [(117, 6, 0.97142857142857153, 4), (757, 16, 0.97142857142857153, 4), (238, 9, 0.97142857142857153, 4), (922, 7, 0.97142857142857153, 0), (768, 3, 0.97142857142857153, 3), (237, 13, 0.97142857142857153, 1), (2256, 12, 0.97142857142857153, 0), (447, 14, 0.97142857142857153, 1)]
=: [(117, 6, 0.97142857142857153, 4), (757, 16, 0.97142857142857153, 4), (238, 9, 0.97142857142857153, 4), (922, 7, 0.97142857142857153, 0), (768, 3, 0.97142857142857153, 3), (237, 13, 0.97142857142857153, 1), (2256, 12, 0.97142857142857153, 0), (447, 14, 0.97142857142857153, 1), (112, 11, 0.97142857142857153, 4)]
=: [(117, 6, 0.97142857142857153, 4), (757, 16, 0.97142857142857153, 4), (238, 9, 0.97142857142857153, 4), (922, 7, 0.97142857142857153, 0), (768, 3, 0.97142857142857153, 3), (237, 13, 0.97142857142857153, 1), (2256, 12, 0.97142857142857153, 0), (447, 14, 0.97142857142857153, 1), (112, 11, 0.97142857142857153, 4), (519, 6, 0.97142857142857153, 1)]
=: [(117, 6, 0.97142857142857153, 4), (757, 16, 0.97142857142857153, 4), (238, 9, 0.97142857142857153, 4), (922, 7, 0.97142857142857153, 0), (768, 3, 0.97142857142857153, 3), (237, 13, 0.97142857142857153, 1), (2256, 12, 0.97142857142857153, 0), (447, 14, 0.97142857142857153, 1), (112, 11, 0.97142857142857153, 4), (519, 6, 0.97142857142857153, 1), (444, 14, 0.97142857142857153, 1)]
=: [(117, 6, 0.97142857142857153, 4), (757, 16, 0.97142857142857153, 4), (238, 9, 0.97142857142857153, 4), (922, 7, 0.97142857142857153, 0), (768, 3, 0.97142857142857153, 3), (237, 13, 0.97142857142857153, 1), (2256, 12, 0.97142857142857153, 0), (447, 14, 0.97142857142857153, 1), (112, 11, 0.97142857142857153, 4), (519, 6, 0.97142857142857153, 1), (444, 14, 0.97142857142857153, 1), (517, 5, 0.97142857142857153, 0)]
=: [(117, 6, 0.97142857142857153, 4), (757, 16, 0.97142857142857153, 4), (238, 9, 0.97142857142857153, 4), (922, 7, 0.97142857142857153, 0), (768, 3, 0.97142857142857153, 3), (237, 13, 0.97142857142857153, 1), (2256, 12, 0.97142857142857153, 0), (447, 14, 0.97142857142857153, 1), (112, 11, 0.97142857142857153, 4), (519, 6, 0.97142857142857153, 1), (444, 14, 0.97142857142857153, 1), (517, 5, 0.97142857142857153, 0), (758, 15, 0.97142857142857153, 4)]
=: [(117, 6, 0.97142857142857153, 4), (757, 16, 0.97142857142857153, 4), (238, 9, 0.97142857142857153, 4), (922, 7, 0.97142857142857153, 0), (768, 3, 0.97142857142857153, 3), (237, 13, 0.97142857142857153, 1), (2256, 12, 0.97142857142857153, 0), (447, 14, 0.97142857142857153, 1), (112, 11, 0.97142857142857153, 4), (519, 6, 0.97142857142857153, 1), (444, 14, 0.97142857142857153, 1), (517, 5, 0.97142857142857153, 0), (758, 15, 0.97142857142857153, 4), (2266, 12, 0.97142857142857153, 1)]
=: [(117, 6, 0.97142857142857153, 4), (757, 16, 0.97142857142857153, 4), (238, 9, 0.97142857142857153, 4), (922, 7, 0.97142857142857153, 0), (768, 3, 0.97142857142857153, 3), (237, 13, 0.97142857142857153, 1), (2256, 12, 0.97142857142857153, 0), (447, 14, 0.97142857142857153, 1), (112, 11, 0.97142857142857153, 4), (519, 6, 0.97142857142857153, 1), (444, 14, 0.97142857142857153, 1), (517, 5, 0.97142857142857153, 0), (758, 15, 0.97142857142857153, 4), (2266, 12, 0.97142857142857153, 1), (2031, 20, 0.97142857142857153, 0)]
=: [(117, 6, 0.97142857142857153, 4), (757, 16, 0.97142857142857153, 4), (238, 9, 0.97142857142857153, 4), (922, 7, 0.97142857142857153, 0), (768, 3, 0.97142857142857153, 3), (237, 13, 0.97142857142857153, 1), (2256, 12, 0.97142857142857153, 0), (447, 14, 0.97142857142857153, 1), (112, 11, 0.97142857142857153, 4), (519, 6, 0.97142857142857153, 1), (444, 14, 0.97142857142857153, 1), (517, 5, 0.97142857142857153, 0), (758, 15, 0.97142857142857153, 4), (2266, 12, 0.97142857142857153, 1), (2031, 20, 0.97142857142857153, 0), (118, 9, 0.97142857142857153, 4)]
=: [(117, 6, 0.97142857142857153, 4), (757, 16, 0.97142857142857153, 4), (238, 9, 0.97142857142857153, 4), (922, 7, 0.97142857142857153, 0), (768, 3, 0.97142857142857153, 3), (237, 13, 0.97142857142857153, 1), (2256, 12, 0.97142857142857153, 0), (447, 14, 0.97142857142857153, 1), (112, 11, 0.97142857142857153, 4), (519, 6, 0.97142857142857153, 1), (444, 14, 0.97142857142857153, 1), (517, 5, 0.97142857142857153, 0), (758, 15, 0.97142857142857153, 4), (2266, 12, 0.97142857142857153, 1), (2031, 20, 0.97142857142857153, 0), (118, 9, 0.97142857142857153, 4), (1592, 12, 0.97142857142857153, 0)]
=: [(117, 6, 0.97142857142857153, 4), (757, 16, 0.97142857142857153, 4), (238, 9, 0.97142857142857153, 4), (922, 7, 0.97142857142857153, 0), (768, 3, 0.97142857142857153, 3), (237, 13, 0.97142857142857153, 1), (2256, 12, 0.97142857142857153, 0), (447, 14, 0.97142857142857153, 1), (112, 11, 0.97142857142857153, 4), (519, 6, 0.97142857142857153, 1), (444, 14, 0.97142857142857153, 1), (517, 5, 0.97142857142857153, 0), (758, 15, 0.97142857142857153, 4), (2266, 12, 0.97142857142857153, 1), (2031, 20, 0.97142857142857153, 0), (118, 9, 0.97142857142857153, 4), (1592, 12, 0.97142857142857153, 0), (1593, 13, 0.97142857142857153, 0)]
=: [(117, 6, 0.97142857142857153, 4), (757, 16, 0.97142857142857153, 4), (238, 9, 0.97142857142857153, 4), (922, 7, 0.97142857142857153, 0), (768, 3, 0.97142857142857153, 3), (237, 13, 0.97142857142857153, 1), (2256, 12, 0.97142857142857153, 0), (447, 14, 0.97142857142857153, 1), (112, 11, 0.97142857142857153, 4), (519, 6, 0.97142857142857153, 1), (444, 14, 0.97142857142857153, 1), (517, 5, 0.97142857142857153, 0), (758, 15, 0.97142857142857153, 4), (2266, 12, 0.97142857142857153, 1), (2031, 20, 0.97142857142857153, 0), (118, 9, 0.97142857142857153, 4), (1592, 12, 0.97142857142857153, 0), (1593, 13, 0.97142857142857153, 0), (446, 13, 0.97142857142857153, 1)]
=: [(117, 6, 0.97142857142857153, 4), (757, 16, 0.97142857142857153, 4), (238, 9, 0.97142857142857153, 4), (922, 7, 0.97142857142857153, 0), (768, 3, 0.97142857142857153, 3), (237, 13, 0.97142857142857153, 1), (2256, 12, 0.97142857142857153, 0), (447, 14, 0.97142857142857153, 1), (112, 11, 0.97142857142857153, 4), (519, 6, 0.97142857142857153, 1), (444, 14, 0.97142857142857153, 1), (517, 5, 0.97142857142857153, 0), (758, 15, 0.97142857142857153, 4), (2266, 12, 0.97142857142857153, 1), (2031, 20, 0.97142857142857153, 0), (118, 9, 0.97142857142857153, 4), (1592, 12, 0.97142857142857153, 0), (1593, 13, 0.97142857142857153, 0), (446, 13, 0.97142857142857153, 1), (520, 5, 0.97142857142857153, 1)]
=: [(117, 6, 0.97142857142857153, 4), (757, 16, 0.97142857142857153, 4), (238, 9, 0.97142857142857153, 4), (922, 7, 0.97142857142857153, 0), (768, 3, 0.97142857142857153, 3), (237, 13, 0.97142857142857153, 1), (2256, 12, 0.97142857142857153, 0), (447, 14, 0.97142857142857153, 1), (112, 11, 0.97142857142857153, 4), (519, 6, 0.97142857142857153, 1), (444, 14, 0.97142857142857153, 1), (517, 5, 0.97142857142857153, 0), (758, 15, 0.97142857142857153, 4), (2266, 12, 0.97142857142857153, 1), (2031, 20, 0.97142857142857153, 0), (118, 9, 0.97142857142857153, 4), (1592, 12, 0.97142857142857153, 0), (1593, 13, 0.97142857142857153, 0), (446, 13, 0.97142857142857153, 1), (520, 5, 0.97142857142857153, 1), (137, 4, 0.97142857142857153, 1)]
>: [(209, 6, 0.97232142857142867, 4)]
>: [(1676, 10, 0.97857142857142865, 1)]
using time: 12509.658922195435