>: [(11846, 7, 0.77142857142857146, 4)]
>: [(9336, 6, 0.77904761904761899, 4)]
>: [(191, 10, 0.94047619047619047, 1)]
=: [(191, 10, 0.94047619047619047, 1), (428, 17, 0.94047619047619047, 0)]
>: [(6, 6, 0.95714285714285707, 3)]
>: [(0, 6, 0.97142857142857153, 3)]
>: [(323, 9, 0.98333333333333339, 2)]
>: [(14, 2, 0.98571428571428577, 0)]
=: [(14, 2, 0.98571428571428577, 0), (5, 3, 0.98571428571428577, 0)]
=: [(14, 2, 0.98571428571428577, 0), (5, 3, 0.98571428571428577, 0), (3, 5, 0.98571428571428577, 1)]
>: [(1, 8, 1.0, 4)]
=: [(1, 8, 1.0, 4), (2, 7, 1.0, 1)]
using time: 7101.538257360458