>: [(1480, 3, 0.70999999999999996, 0)]
>: [(1968, 1, 0.72166666666666668, 1)]
>: [(1167, 6, 0.7433333333333334, 0)]
>: [(23, 15, 0.97499999999999998, 0)]
>: [(41, 7, 1.0, 0)]
=: [(41, 7, 1.0, 0), (53, 16, 1.0, 3)]
=: [(41, 7, 1.0, 0), (53, 16, 1.0, 3), (37, 9, 1.0, 0)]
=: [(41, 7, 1.0, 0), (53, 16, 1.0, 3), (37, 9, 1.0, 0), (0, 9, 1.0, 4)]
=: [(41, 7, 1.0, 0), (53, 16, 1.0, 3), (37, 9, 1.0, 0), (0, 9, 1.0, 4), (210, 14, 1.0, 4)]
=: [(41, 7, 1.0, 0), (53, 16, 1.0, 3), (37, 9, 1.0, 0), (0, 9, 1.0, 4), (210, 14, 1.0, 4), (4, 5, 1.0, 0)]
=: [(41, 7, 1.0, 0), (53, 16, 1.0, 3), (37, 9, 1.0, 0), (0, 9, 1.0, 4), (210, 14, 1.0, 4), (4, 5, 1.0, 0), (16, 5, 1.0, 3)]
=: [(41, 7, 1.0, 0), (53, 16, 1.0, 3), (37, 9, 1.0, 0), (0, 9, 1.0, 4), (210, 14, 1.0, 4), (4, 5, 1.0, 0), (16, 5, 1.0, 3), (44, 10, 1.0, 4)]
=: [(41, 7, 1.0, 0), (53, 16, 1.0, 3), (37, 9, 1.0, 0), (0, 9, 1.0, 4), (210, 14, 1.0, 4), (4, 5, 1.0, 0), (16, 5, 1.0, 3), (44, 10, 1.0, 4), (1, 8, 1.0, 0)]
=: [(41, 7, 1.0, 0), (53, 16, 1.0, 3), (37, 9, 1.0, 0), (0, 9, 1.0, 4), (210, 14, 1.0, 4), (4, 5, 1.0, 0), (16, 5, 1.0, 3), (44, 10, 1.0, 4), (1, 8, 1.0, 0), (40, 6, 1.0, 0)]
=: [(41, 7, 1.0, 0), (53, 16, 1.0, 3), (37, 9, 1.0, 0), (0, 9, 1.0, 4), (210, 14, 1.0, 4), (4, 5, 1.0, 0), (16, 5, 1.0, 3), (44, 10, 1.0, 4), (1, 8, 1.0, 0), (40, 6, 1.0, 0), (460, 26, 1.0, 4)]
=: [(41, 7, 1.0, 0), (53, 16, 1.0, 3), (37, 9, 1.0, 0), (0, 9, 1.0, 4), (210, 14, 1.0, 4), (4, 5, 1.0, 0), (16, 5, 1.0, 3), (44, 10, 1.0, 4), (1, 8, 1.0, 0), (40, 6, 1.0, 0), (460, 26, 1.0, 4), (3, 6, 1.0, 0)]
=: [(41, 7, 1.0, 0), (53, 16, 1.0, 3), (37, 9, 1.0, 0), (0, 9, 1.0, 4), (210, 14, 1.0, 4), (4, 5, 1.0, 0), (16, 5, 1.0, 3), (44, 10, 1.0, 4), (1, 8, 1.0, 0), (40, 6, 1.0, 0), (460, 26, 1.0, 4), (3, 6, 1.0, 0), (35, 11, 1.0, 0)]
=: [(41, 7, 1.0, 0), (53, 16, 1.0, 3), (37, 9, 1.0, 0), (0, 9, 1.0, 4), (210, 14, 1.0, 4), (4, 5, 1.0, 0), (16, 5, 1.0, 3), (44, 10, 1.0, 4), (1, 8, 1.0, 0), (40, 6, 1.0, 0), (460, 26, 1.0, 4), (3, 6, 1.0, 0), (35, 11, 1.0, 0), (206, 17, 1.0, 0)]
=: [(41, 7, 1.0, 0), (53, 16, 1.0, 3), (37, 9, 1.0, 0), (0, 9, 1.0, 4), (210, 14, 1.0, 4), (4, 5, 1.0, 0), (16, 5, 1.0, 3), (44, 10, 1.0, 4), (1, 8, 1.0, 0), (40, 6, 1.0, 0), (460, 26, 1.0, 4), (3, 6, 1.0, 0), (35, 11, 1.0, 0), (206, 17, 1.0, 0), (38, 8, 1.0, 4)]
=: [(41, 7, 1.0, 0), (53, 16, 1.0, 3), (37, 9, 1.0, 0), (0, 9, 1.0, 4), (210, 14, 1.0, 4), (4, 5, 1.0, 0), (16, 5, 1.0, 3), (44, 10, 1.0, 4), (1, 8, 1.0, 0), (40, 6, 1.0, 0), (460, 26, 1.0, 4), (3, 6, 1.0, 0), (35, 11, 1.0, 0), (206, 17, 1.0, 0), (38, 8, 1.0, 4), (54, 15, 1.0, 3)]
=: [(41, 7, 1.0, 0), (53, 16, 1.0, 3), (37, 9, 1.0, 0), (0, 9, 1.0, 4), (210, 14, 1.0, 4), (4, 5, 1.0, 0), (16, 5, 1.0, 3), (44, 10, 1.0, 4), (1, 8, 1.0, 0), (40, 6, 1.0, 0), (460, 26, 1.0, 4), (3, 6, 1.0, 0), (35, 11, 1.0, 0), (206, 17, 1.0, 0), (38, 8, 1.0, 4), (54, 15, 1.0, 3), (208, 16, 1.0, 4)]
=: [(41, 7, 1.0, 0), (53, 16, 1.0, 3), (37, 9, 1.0, 0), (0, 9, 1.0, 4), (210, 14, 1.0, 4), (4, 5, 1.0, 0), (16, 5, 1.0, 3), (44, 10, 1.0, 4), (1, 8, 1.0, 0), (40, 6, 1.0, 0), (460, 26, 1.0, 4), (3, 6, 1.0, 0), (35, 11, 1.0, 0), (206, 17, 1.0, 0), (38, 8, 1.0, 4), (54, 15, 1.0, 3), (208, 16, 1.0, 4), (0, 9, 1.0, 4)]
using time: 1079.838359117508