>: [(23692, 2, 0.67500000000000004, 4)]
>: [(31488, 2, 0.69999999999999996, 4)]
>: [(383, 9, 0.84999999999999998, 4)]
=: [(383, 9, 0.84999999999999998, 4), (663, 8, 0.84999999999999998, 0)]
>: [(405, 5, 0.875, 3)]
>: [(916, 14, 0.92500000000000004, 3)]
>: [(13, 7, 0.94999999999999996, 3)]
=: [(13, 7, 0.94999999999999996, 3), (1, 2, 0.94999999999999996, 1)]
=: [(13, 7, 0.94999999999999996, 3), (1, 2, 0.94999999999999996, 1), (69, 7, 0.94999999999999996, 0)]
>: [(561, 19, 1.0, 3)]
=: [(561, 19, 1.0, 3), (25, 9, 1.0, 4)]
=: [(561, 19, 1.0, 3), (25, 9, 1.0, 4), (0, 10, 1.0, 3)]
using time: 11648.9787774086