>: [(8805, 8, 0.72499999999999998, 3)]
>: [(52577, 2, 0.77500000000000002, 2)]
=: [(52577, 2, 0.77500000000000002, 2), (4135, 3, 0.77500000000000002, 0)]
=: [(52577, 2, 0.77500000000000002, 2), (4135, 3, 0.77500000000000002, 0), (6151, 9, 0.77500000000000002, 1)]
>: [(138, 3, 0.875, 3)]
>: [(603, 11, 0.90000000000000002, 1)]
=: [(603, 11, 0.90000000000000002, 1), (103, 10, 0.90000000000000002, 1)]
=: [(603, 11, 0.90000000000000002, 1), (103, 10, 0.90000000000000002, 1), (954, 10, 0.90000000000000002, 1)]
>: [(555, 11, 0.92500000000000004, 3)]
>: [(1239, 5, 0.94999999999999996, 2)]
>: [(561, 19, 1.0, 3)]
=: [(561, 19, 1.0, 3), (0, 10, 1.0, 3)]
using time: 12213.254998922348