>: [(8487, 8, 0.72047619047619038, 3)]
>: [(6085, 11, 0.77428571428571424, 1)]
>: [(4822, 9, 0.84666666666666668, 1)]
>: [(2320, 9, 0.89285714285714268, 1)]
>: [(71, 6, 0.95714285714285707, 0)]
=: [(71, 6, 0.95714285714285707, 0), (314, 4, 0.95714285714285707, 0)]
=: [(71, 6, 0.95714285714285707, 0), (314, 4, 0.95714285714285707, 0), (369, 15, 0.95714285714285707, 4)]
>: [(17, 7, 0.97142857142857153, 0)]
>: [(326, 6, 0.98333333333333339, 2)]
>: [(5, 3, 0.98571428571428577, 0)]
=: [(5, 3, 0.98571428571428577, 0), (3, 5, 0.98571428571428577, 1)]
=: [(5, 3, 0.98571428571428577, 0), (3, 5, 0.98571428571428577, 1), (86, 10, 0.98571428571428577, 3)]
=: [(5, 3, 0.98571428571428577, 0), (3, 5, 0.98571428571428577, 1), (86, 10, 0.98571428571428577, 3), (14, 2, 0.98571428571428577, 0)]
>: [(2, 7, 1.0, 1)]
using time: 7441.437161207199