>: [(1060, 9, 0.79666666666666663, 0)]
>: [(944, 17, 0.81333333333333324, 4)]
>: [(602, 10, 0.85166666666666657, 0)]
>: [(533, 19, 0.85833333333333339, 0)]
>: [(290, 18, 0.90166666666666662, 3)]
>: [(59, 7, 0.95500000000000007, 0)]
>: [(12, 11, 0.97499999999999998, 0)]
=: [(12, 11, 0.97499999999999998, 0), (23, 15, 0.97499999999999998, 0)]
>: [(16, 5, 1.0, 3)]
=: [(16, 5, 1.0, 3), (458, 28, 1.0, 3)]
=: [(16, 5, 1.0, 3), (458, 28, 1.0, 3), (39, 6, 1.0, 4)]
=: [(16, 5, 1.0, 3), (458, 28, 1.0, 3), (39, 6, 1.0, 4), (208, 16, 1.0, 4)]
=: [(16, 5, 1.0, 3), (458, 28, 1.0, 3), (39, 6, 1.0, 4), (208, 16, 1.0, 4), (46, 6, 1.0, 0)]
=: [(16, 5, 1.0, 3), (458, 28, 1.0, 3), (39, 6, 1.0, 4), (208, 16, 1.0, 4), (46, 6, 1.0, 0), (4, 5, 1.0, 0)]
=: [(16, 5, 1.0, 3), (458, 28, 1.0, 3), (39, 6, 1.0, 4), (208, 16, 1.0, 4), (46, 6, 1.0, 0), (4, 5, 1.0, 0), (54, 15, 1.0, 3)]
=: [(16, 5, 1.0, 3), (458, 28, 1.0, 3), (39, 6, 1.0, 4), (208, 16, 1.0, 4), (46, 6, 1.0, 0), (4, 5, 1.0, 0), (54, 15, 1.0, 3), (7, 12, 1.0, 0)]
=: [(16, 5, 1.0, 3), (458, 28, 1.0, 3), (39, 6, 1.0, 4), (208, 16, 1.0, 4), (46, 6, 1.0, 0), (4, 5, 1.0, 0), (54, 15, 1.0, 3), (7, 12, 1.0, 0), (2, 7, 1.0, 0)]
=: [(16, 5, 1.0, 3), (458, 28, 1.0, 3), (39, 6, 1.0, 4), (208, 16, 1.0, 4), (46, 6, 1.0, 0), (4, 5, 1.0, 0), (54, 15, 1.0, 3), (7, 12, 1.0, 0), (2, 7, 1.0, 0), (84, 13, 1.0, 1)]
=: [(16, 5, 1.0, 3), (458, 28, 1.0, 3), (39, 6, 1.0, 4), (208, 16, 1.0, 4), (46, 6, 1.0, 0), (4, 5, 1.0, 0), (54, 15, 1.0, 3), (7, 12, 1.0, 0), (2, 7, 1.0, 0), (84, 13, 1.0, 1), (3, 6, 1.0, 0)]
=: [(16, 5, 1.0, 3), (458, 28, 1.0, 3), (39, 6, 1.0, 4), (208, 16, 1.0, 4), (46, 6, 1.0, 0), (4, 5, 1.0, 0), (54, 15, 1.0, 3), (7, 12, 1.0, 0), (2, 7, 1.0, 0), (84, 13, 1.0, 1), (3, 6, 1.0, 0), (47, 5, 1.0, 0)]
=: [(16, 5, 1.0, 3), (458, 28, 1.0, 3), (39, 6, 1.0, 4), (208, 16, 1.0, 4), (46, 6, 1.0, 0), (4, 5, 1.0, 0), (54, 15, 1.0, 3), (7, 12, 1.0, 0), (2, 7, 1.0, 0), (84, 13, 1.0, 1), (3, 6, 1.0, 0), (47, 5, 1.0, 0), (53, 16, 1.0, 3)]
=: [(16, 5, 1.0, 3), (458, 28, 1.0, 3), (39, 6, 1.0, 4), (208, 16, 1.0, 4), (46, 6, 1.0, 0), (4, 5, 1.0, 0), (54, 15, 1.0, 3), (7, 12, 1.0, 0), (2, 7, 1.0, 0), (84, 13, 1.0, 1), (3, 6, 1.0, 0), (47, 5, 1.0, 0), (53, 16, 1.0, 3), (37, 9, 1.0, 0)]
=: [(16, 5, 1.0, 3), (458, 28, 1.0, 3), (39, 6, 1.0, 4), (208, 16, 1.0, 4), (46, 6, 1.0, 0), (4, 5, 1.0, 0), (54, 15, 1.0, 3), (7, 12, 1.0, 0), (2, 7, 1.0, 0), (84, 13, 1.0, 1), (3, 6, 1.0, 0), (47, 5, 1.0, 0), (53, 16, 1.0, 3), (37, 9, 1.0, 0), (460, 26, 1.0, 4)]
=: [(16, 5, 1.0, 3), (458, 28, 1.0, 3), (39, 6, 1.0, 4), (208, 16, 1.0, 4), (46, 6, 1.0, 0), (4, 5, 1.0, 0), (54, 15, 1.0, 3), (7, 12, 1.0, 0), (2, 7, 1.0, 0), (84, 13, 1.0, 1), (3, 6, 1.0, 0), (47, 5, 1.0, 0), (53, 16, 1.0, 3), (37, 9, 1.0, 0), (460, 26, 1.0, 4), (206, 17, 1.0, 0)]
=: [(16, 5, 1.0, 3), (458, 28, 1.0, 3), (39, 6, 1.0, 4), (208, 16, 1.0, 4), (46, 6, 1.0, 0), (4, 5, 1.0, 0), (54, 15, 1.0, 3), (7, 12, 1.0, 0), (2, 7, 1.0, 0), (84, 13, 1.0, 1), (3, 6, 1.0, 0), (47, 5, 1.0, 0), (53, 16, 1.0, 3), (37, 9, 1.0, 0), (460, 26, 1.0, 4), (206, 17, 1.0, 0), (40, 6, 1.0, 0)]
=: [(16, 5, 1.0, 3), (458, 28, 1.0, 3), (39, 6, 1.0, 4), (208, 16, 1.0, 4), (46, 6, 1.0, 0), (4, 5, 1.0, 0), (54, 15, 1.0, 3), (7, 12, 1.0, 0), (2, 7, 1.0, 0), (84, 13, 1.0, 1), (3, 6, 1.0, 0), (47, 5, 1.0, 0), (53, 16, 1.0, 3), (37, 9, 1.0, 0), (460, 26, 1.0, 4), (206, 17, 1.0, 0), (40, 6, 1.0, 0), (48, 10, 1.0, 3)]
=: [(16, 5, 1.0, 3), (458, 28, 1.0, 3), (39, 6, 1.0, 4), (208, 16, 1.0, 4), (46, 6, 1.0, 0), (4, 5, 1.0, 0), (54, 15, 1.0, 3), (7, 12, 1.0, 0), (2, 7, 1.0, 0), (84, 13, 1.0, 1), (3, 6, 1.0, 0), (47, 5, 1.0, 0), (53, 16, 1.0, 3), (37, 9, 1.0, 0), (460, 26, 1.0, 4), (206, 17, 1.0, 0), (40, 6, 1.0, 0), (48, 10, 1.0, 3), (207, 16, 1.0, 0)]
=: [(16, 5, 1.0, 3), (458, 28, 1.0, 3), (39, 6, 1.0, 4), (208, 16, 1.0, 4), (46, 6, 1.0, 0), (4, 5, 1.0, 0), (54, 15, 1.0, 3), (7, 12, 1.0, 0), (2, 7, 1.0, 0), (84, 13, 1.0, 1), (3, 6, 1.0, 0), (47, 5, 1.0, 0), (53, 16, 1.0, 3), (37, 9, 1.0, 0), (460, 26, 1.0, 4), (206, 17, 1.0, 0), (40, 6, 1.0, 0), (48, 10, 1.0, 3), (207, 16, 1.0, 0), (210, 14, 1.0, 4)]
=: [(16, 5, 1.0, 3), (458, 28, 1.0, 3), (39, 6, 1.0, 4), (208, 16, 1.0, 4), (46, 6, 1.0, 0), (4, 5, 1.0, 0), (54, 15, 1.0, 3), (7, 12, 1.0, 0), (2, 7, 1.0, 0), (84, 13, 1.0, 1), (3, 6, 1.0, 0), (47, 5, 1.0, 0), (53, 16, 1.0, 3), (37, 9, 1.0, 0), (460, 26, 1.0, 4), (206, 17, 1.0, 0), (40, 6, 1.0, 0), (48, 10, 1.0, 3), (207, 16, 1.0, 0), (210, 14, 1.0, 4), (1, 8, 1.0, 0)]
=: [(16, 5, 1.0, 3), (458, 28, 1.0, 3), (39, 6, 1.0, 4), (208, 16, 1.0, 4), (46, 6, 1.0, 0), (4, 5, 1.0, 0), (54, 15, 1.0, 3), (7, 12, 1.0, 0), (2, 7, 1.0, 0), (84, 13, 1.0, 1), (3, 6, 1.0, 0), (47, 5, 1.0, 0), (53, 16, 1.0, 3), (37, 9, 1.0, 0), (460, 26, 1.0, 4), (206, 17, 1.0, 0), (40, 6, 1.0, 0), (48, 10, 1.0, 3), (207, 16, 1.0, 0), (210, 14, 1.0, 4), (1, 8, 1.0, 0), (0, 9, 1.0, 4)]
using time: 1161.3462562561035