>: [(437, 8, 0.88333333333333341, 4)]
>: [(484, 15, 0.89166666666666683, 0)]
>: [(43, 3, 0.92500000000000004, 1)]
=: [(43, 3, 0.92500000000000004, 1), (113, 14, 0.92500000000000004, 4)]
>: [(386, 11, 0.94999999999999996, 1)]
>: [(387, 10, 0.97499999999999998, 0)]
=: [(387, 10, 0.97499999999999998, 0), (78, 17, 0.97499999999999998, 3)]
=: [(387, 10, 0.97499999999999998, 0), (78, 17, 0.97499999999999998, 3), (85, 6, 0.97499999999999998, 1)]
=: [(387, 10, 0.97499999999999998, 0), (78, 17, 0.97499999999999998, 3), (85, 6, 0.97499999999999998, 1), (175, 12, 0.97499999999999998, 4)]
>: [(1, 8, 1.0, 0)]
=: [(1, 8, 1.0, 0), (7, 12, 1.0, 0)]
=: [(1, 8, 1.0, 0), (7, 12, 1.0, 0), (208, 16, 1.0, 4)]
=: [(1, 8, 1.0, 0), (7, 12, 1.0, 0), (208, 16, 1.0, 4), (210, 14, 1.0, 4)]
=: [(1, 8, 1.0, 0), (7, 12, 1.0, 0), (208, 16, 1.0, 4), (210, 14, 1.0, 4), (0, 9, 1.0, 4)]
=: [(1, 8, 1.0, 0), (7, 12, 1.0, 0), (208, 16, 1.0, 4), (210, 14, 1.0, 4), (0, 9, 1.0, 4), (2, 7, 1.0, 0)]
=: [(1, 8, 1.0, 0), (7, 12, 1.0, 0), (208, 16, 1.0, 4), (210, 14, 1.0, 4), (0, 9, 1.0, 4), (2, 7, 1.0, 0), (41, 7, 1.0, 0)]
=: [(1, 8, 1.0, 0), (7, 12, 1.0, 0), (208, 16, 1.0, 4), (210, 14, 1.0, 4), (0, 9, 1.0, 4), (2, 7, 1.0, 0), (41, 7, 1.0, 0), (207, 16, 1.0, 0)]
=: [(1, 8, 1.0, 0), (7, 12, 1.0, 0), (208, 16, 1.0, 4), (210, 14, 1.0, 4), (0, 9, 1.0, 4), (2, 7, 1.0, 0), (41, 7, 1.0, 0), (207, 16, 1.0, 0), (39, 6, 1.0, 4)]
=: [(1, 8, 1.0, 0), (7, 12, 1.0, 0), (208, 16, 1.0, 4), (210, 14, 1.0, 4), (0, 9, 1.0, 4), (2, 7, 1.0, 0), (41, 7, 1.0, 0), (207, 16, 1.0, 0), (39, 6, 1.0, 4), (38, 8, 1.0, 4)]
=: [(1, 8, 1.0, 0), (7, 12, 1.0, 0), (208, 16, 1.0, 4), (210, 14, 1.0, 4), (0, 9, 1.0, 4), (2, 7, 1.0, 0), (41, 7, 1.0, 0), (207, 16, 1.0, 0), (39, 6, 1.0, 4), (38, 8, 1.0, 4), (44, 10, 1.0, 4)]
=: [(1, 8, 1.0, 0), (7, 12, 1.0, 0), (208, 16, 1.0, 4), (210, 14, 1.0, 4), (0, 9, 1.0, 4), (2, 7, 1.0, 0), (41, 7, 1.0, 0), (207, 16, 1.0, 0), (39, 6, 1.0, 4), (38, 8, 1.0, 4), (44, 10, 1.0, 4), (3, 6, 1.0, 0)]
=: [(1, 8, 1.0, 0), (7, 12, 1.0, 0), (208, 16, 1.0, 4), (210, 14, 1.0, 4), (0, 9, 1.0, 4), (2, 7, 1.0, 0), (41, 7, 1.0, 0), (207, 16, 1.0, 0), (39, 6, 1.0, 4), (38, 8, 1.0, 4), (44, 10, 1.0, 4), (3, 6, 1.0, 0), (209, 14, 1.0, 3)]
=: [(1, 8, 1.0, 0), (7, 12, 1.0, 0), (208, 16, 1.0, 4), (210, 14, 1.0, 4), (0, 9, 1.0, 4), (2, 7, 1.0, 0), (41, 7, 1.0, 0), (207, 16, 1.0, 0), (39, 6, 1.0, 4), (38, 8, 1.0, 4), (44, 10, 1.0, 4), (3, 6, 1.0, 0), (209, 14, 1.0, 3), (40, 6, 1.0, 0)]
=: [(1, 8, 1.0, 0), (7, 12, 1.0, 0), (208, 16, 1.0, 4), (210, 14, 1.0, 4), (0, 9, 1.0, 4), (2, 7, 1.0, 0), (41, 7, 1.0, 0), (207, 16, 1.0, 0), (39, 6, 1.0, 4), (38, 8, 1.0, 4), (44, 10, 1.0, 4), (3, 6, 1.0, 0), (209, 14, 1.0, 3), (40, 6, 1.0, 0), (36, 10, 1.0, 0)]
=: [(1, 8, 1.0, 0), (7, 12, 1.0, 0), (208, 16, 1.0, 4), (210, 14, 1.0, 4), (0, 9, 1.0, 4), (2, 7, 1.0, 0), (41, 7, 1.0, 0), (207, 16, 1.0, 0), (39, 6, 1.0, 4), (38, 8, 1.0, 4), (44, 10, 1.0, 4), (3, 6, 1.0, 0), (209, 14, 1.0, 3), (40, 6, 1.0, 0), (36, 10, 1.0, 0), (48, 10, 1.0, 3)]
=: [(1, 8, 1.0, 0), (7, 12, 1.0, 0), (208, 16, 1.0, 4), (210, 14, 1.0, 4), (0, 9, 1.0, 4), (2, 7, 1.0, 0), (41, 7, 1.0, 0), (207, 16, 1.0, 0), (39, 6, 1.0, 4), (38, 8, 1.0, 4), (44, 10, 1.0, 4), (3, 6, 1.0, 0), (209, 14, 1.0, 3), (40, 6, 1.0, 0), (36, 10, 1.0, 0), (48, 10, 1.0, 3), (0, 9, 1.0, 4)]
using time: 1123.2016813755035