>: [(3714, 1, 0.6515151515151516, 0)]
=: [(3714, 1, 0.6515151515151516, 0), (6068, 1, 0.6515151515151516, 0)]
>: [(6150, 2, 0.70909090909090899, 2)]
>: [(3164, 5, 0.71717171717171724, 3)]
>: [(717, 8, 0.74141414141414141, 2)]
>: [(327, 12, 0.77373737373737372, 2)]
>: [(75, 17, 0.79494949494949485, 4)]
=: [(75, 17, 0.79494949494949485, 4), (31, 2, 0.79494949494949485, 1)]
>: [(74, 18, 0.80606060606060603, 4)]
=: [(74, 18, 0.80606060606060603, 4), (16, 6, 0.80606060606060603, 3)]
using time: 2735.2889733314514