>: [(928, 5, 0.67999999999999994, 4)]
>: [(1517, 8, 0.73499999999999999, 3)]
>: [(1537, 4, 0.77666666666666662, 3)]
>: [(517, 8, 0.8716666666666667, 0)]
>: [(179, 6, 0.88333333333333341, 0)]
>: [(348, 16, 0.93833333333333324, 2)]
>: [(81, 14, 0.97499999999999998, 3)]
>: [(48, 10, 1.0, 3)]
=: [(48, 10, 1.0, 3), (54, 15, 1.0, 3)]
=: [(48, 10, 1.0, 3), (54, 15, 1.0, 3), (208, 16, 1.0, 4)]
=: [(48, 10, 1.0, 3), (54, 15, 1.0, 3), (208, 16, 1.0, 4), (1, 8, 1.0, 0)]
=: [(48, 10, 1.0, 3), (54, 15, 1.0, 3), (208, 16, 1.0, 4), (1, 8, 1.0, 0), (4, 5, 1.0, 0)]
=: [(48, 10, 1.0, 3), (54, 15, 1.0, 3), (208, 16, 1.0, 4), (1, 8, 1.0, 0), (4, 5, 1.0, 0), (84, 13, 1.0, 1)]
=: [(48, 10, 1.0, 3), (54, 15, 1.0, 3), (208, 16, 1.0, 4), (1, 8, 1.0, 0), (4, 5, 1.0, 0), (84, 13, 1.0, 1), (5, 4, 1.0, 1)]
=: [(48, 10, 1.0, 3), (54, 15, 1.0, 3), (208, 16, 1.0, 4), (1, 8, 1.0, 0), (4, 5, 1.0, 0), (84, 13, 1.0, 1), (5, 4, 1.0, 1), (0, 9, 1.0, 4)]
=: [(48, 10, 1.0, 3), (54, 15, 1.0, 3), (208, 16, 1.0, 4), (1, 8, 1.0, 0), (4, 5, 1.0, 0), (84, 13, 1.0, 1), (5, 4, 1.0, 1), (0, 9, 1.0, 4), (206, 17, 1.0, 0)]
=: [(48, 10, 1.0, 3), (54, 15, 1.0, 3), (208, 16, 1.0, 4), (1, 8, 1.0, 0), (4, 5, 1.0, 0), (84, 13, 1.0, 1), (5, 4, 1.0, 1), (0, 9, 1.0, 4), (206, 17, 1.0, 0), (36, 10, 1.0, 0)]
=: [(48, 10, 1.0, 3), (54, 15, 1.0, 3), (208, 16, 1.0, 4), (1, 8, 1.0, 0), (4, 5, 1.0, 0), (84, 13, 1.0, 1), (5, 4, 1.0, 1), (0, 9, 1.0, 4), (206, 17, 1.0, 0), (36, 10, 1.0, 0), (7, 12, 1.0, 0)]
=: [(48, 10, 1.0, 3), (54, 15, 1.0, 3), (208, 16, 1.0, 4), (1, 8, 1.0, 0), (4, 5, 1.0, 0), (84, 13, 1.0, 1), (5, 4, 1.0, 1), (0, 9, 1.0, 4), (206, 17, 1.0, 0), (36, 10, 1.0, 0), (7, 12, 1.0, 0), (39, 6, 1.0, 4)]
=: [(48, 10, 1.0, 3), (54, 15, 1.0, 3), (208, 16, 1.0, 4), (1, 8, 1.0, 0), (4, 5, 1.0, 0), (84, 13, 1.0, 1), (5, 4, 1.0, 1), (0, 9, 1.0, 4), (206, 17, 1.0, 0), (36, 10, 1.0, 0), (7, 12, 1.0, 0), (39, 6, 1.0, 4), (207, 16, 1.0, 0)]
=: [(48, 10, 1.0, 3), (54, 15, 1.0, 3), (208, 16, 1.0, 4), (1, 8, 1.0, 0), (4, 5, 1.0, 0), (84, 13, 1.0, 1), (5, 4, 1.0, 1), (0, 9, 1.0, 4), (206, 17, 1.0, 0), (36, 10, 1.0, 0), (7, 12, 1.0, 0), (39, 6, 1.0, 4), (207, 16, 1.0, 0), (40, 6, 1.0, 0)]
=: [(48, 10, 1.0, 3), (54, 15, 1.0, 3), (208, 16, 1.0, 4), (1, 8, 1.0, 0), (4, 5, 1.0, 0), (84, 13, 1.0, 1), (5, 4, 1.0, 1), (0, 9, 1.0, 4), (206, 17, 1.0, 0), (36, 10, 1.0, 0), (7, 12, 1.0, 0), (39, 6, 1.0, 4), (207, 16, 1.0, 0), (40, 6, 1.0, 0), (0, 9, 1.0, 4)]
using time: 1171.6096534729004