>: [(7411, 1, 0.72277777777777774, 0)]
=: [(7411, 1, 0.72277777777777774, 0), (9171, 1, 0.72277777777777774, 0)]
=: [(7411, 1, 0.72277777777777774, 0), (9171, 1, 0.72277777777777774, 0), (7629, 1, 0.72277777777777774, 0)]
=: [(7411, 1, 0.72277777777777774, 0), (9171, 1, 0.72277777777777774, 0), (7629, 1, 0.72277777777777774, 0), (7402, 1, 0.72277777777777774, 0)]
=: [(7411, 1, 0.72277777777777774, 0), (9171, 1, 0.72277777777777774, 0), (7629, 1, 0.72277777777777774, 0), (7402, 1, 0.72277777777777774, 0), (8320, 1, 0.72277777777777774, 0)]
=: [(7411, 1, 0.72277777777777774, 0), (9171, 1, 0.72277777777777774, 0), (7629, 1, 0.72277777777777774, 0), (7402, 1, 0.72277777777777774, 0), (8320, 1, 0.72277777777777774, 0), (9623, 1, 0.72277777777777774, 0)]
>: [(3111, 5, 0.73277777777777775, 4)]
>: [(3025, 4, 0.73777777777777787, 3)]
>: [(1542, 7, 0.79527777777777775, 4)]
>: [(686, 12, 0.86388888888888893, 4)]
>: [(8, 8, 0.90000000000000002, 1)]
>: [(7, 4, 0.90888888888888886, 3)]
>: [(34, 10, 0.94999999999999996, 0)]
using time: 2852.1307365894318