>: [(29647, 2, 0.57499999999999996, 1)]
=: [(29647, 2, 0.57499999999999996, 1), (36685, 4, 0.57499999999999996, 2)]
>: [(51197, 1, 0.67500000000000004, 2)]
>: [(12445, 3, 0.72499999999999998, 2)]
=: [(12445, 3, 0.72499999999999998, 2), (6168, 2, 0.72499999999999998, 4)]
>: [(29267, 10, 0.77500000000000002, 3)]
>: [(983, 6, 0.82499999999999996, 1)]
=: [(983, 6, 0.82499999999999996, 1), (3902, 11, 0.82499999999999996, 1)]
=: [(983, 6, 0.82499999999999996, 1), (3902, 11, 0.82499999999999996, 1), (301, 1, 0.82499999999999996, 1)]
>: [(1949, 6, 0.84999999999999998, 3)]
>: [(35, 5, 0.875, 4)]
>: [(992, 12, 0.90000000000000002, 3)]
>: [(30, 6, 0.92500000000000004, 3)]
=: [(30, 6, 0.92500000000000004, 3), (775, 12, 0.92500000000000004, 4)]
=: [(30, 6, 0.92500000000000004, 3), (775, 12, 0.92500000000000004, 4), (467, 17, 0.92500000000000004, 0)]
=: [(30, 6, 0.92500000000000004, 3), (775, 12, 0.92500000000000004, 4), (467, 17, 0.92500000000000004, 0), (463, 6, 0.92500000000000004, 3)]
>: [(477, 10, 0.97499999999999998, 4)]
>: [(25, 9, 1.0, 4)]
=: [(25, 9, 1.0, 4), (0, 10, 1.0, 3)]
=: [(25, 9, 1.0, 4), (0, 10, 1.0, 3), (0, 10, 1.0, 3)]
using time: 12560.704371452332