>: [(8552, 1, 0.80934065934065935, 0)]
=: [(8552, 1, 0.80934065934065935, 0), (6785, 1, 0.80934065934065935, 0)]
=: [(8552, 1, 0.80934065934065935, 0), (6785, 1, 0.80934065934065935, 0), (4971, 1, 0.80934065934065935, 0)]
=: [(8552, 1, 0.80934065934065935, 0), (6785, 1, 0.80934065934065935, 0), (4971, 1, 0.80934065934065935, 0), (5990, 1, 0.80934065934065935, 0)]
=: [(8552, 1, 0.80934065934065935, 0), (6785, 1, 0.80934065934065935, 0), (4971, 1, 0.80934065934065935, 0), (5990, 1, 0.80934065934065935, 0), (4745, 1, 0.80934065934065935, 0)]
=: [(8552, 1, 0.80934065934065935, 0), (6785, 1, 0.80934065934065935, 0), (4971, 1, 0.80934065934065935, 0), (5990, 1, 0.80934065934065935, 0), (4745, 1, 0.80934065934065935, 0), (2862, 1, 0.80934065934065935, 4)]
=: [(8552, 1, 0.80934065934065935, 0), (6785, 1, 0.80934065934065935, 0), (4971, 1, 0.80934065934065935, 0), (5990, 1, 0.80934065934065935, 0), (4745, 1, 0.80934065934065935, 0), (2862, 1, 0.80934065934065935, 4), (12551, 1, 0.80934065934065935, 0)]
=: [(8552, 1, 0.80934065934065935, 0), (6785, 1, 0.80934065934065935, 0), (4971, 1, 0.80934065934065935, 0), (5990, 1, 0.80934065934065935, 0), (4745, 1, 0.80934065934065935, 0), (2862, 1, 0.80934065934065935, 4), (12551, 1, 0.80934065934065935, 0), (11553, 1, 0.80934065934065935, 0)]
=: [(8552, 1, 0.80934065934065935, 0), (6785, 1, 0.80934065934065935, 0), (4971, 1, 0.80934065934065935, 0), (5990, 1, 0.80934065934065935, 0), (4745, 1, 0.80934065934065935, 0), (2862, 1, 0.80934065934065935, 4), (12551, 1, 0.80934065934065935, 0), (11553, 1, 0.80934065934065935, 0), (11537, 1, 0.80934065934065935, 0)]
=: [(8552, 1, 0.80934065934065935, 0), (6785, 1, 0.80934065934065935, 0), (4971, 1, 0.80934065934065935, 0), (5990, 1, 0.80934065934065935, 0), (4745, 1, 0.80934065934065935, 0), (2862, 1, 0.80934065934065935, 4), (12551, 1, 0.80934065934065935, 0), (11553, 1, 0.80934065934065935, 0), (11537, 1, 0.80934065934065935, 0), (8850, 1, 0.80934065934065935, 0)]
=: [(8552, 1, 0.80934065934065935, 0), (6785, 1, 0.80934065934065935, 0), (4971, 1, 0.80934065934065935, 0), (5990, 1, 0.80934065934065935, 0), (4745, 1, 0.80934065934065935, 0), (2862, 1, 0.80934065934065935, 4), (12551, 1, 0.80934065934065935, 0), (11553, 1, 0.80934065934065935, 0), (11537, 1, 0.80934065934065935, 0), (8850, 1, 0.80934065934065935, 0), (10836, 1, 0.80934065934065935, 0)]
=: [(8552, 1, 0.80934065934065935, 0), (6785, 1, 0.80934065934065935, 0), (4971, 1, 0.80934065934065935, 0), (5990, 1, 0.80934065934065935, 0), (4745, 1, 0.80934065934065935, 0), (2862, 1, 0.80934065934065935, 4), (12551, 1, 0.80934065934065935, 0), (11553, 1, 0.80934065934065935, 0), (11537, 1, 0.80934065934065935, 0), (8850, 1, 0.80934065934065935, 0), (10836, 1, 0.80934065934065935, 0), (4559, 1, 0.80934065934065935, 0)]
>: [(1804, 9, 0.82600732600732607, 4)]
>: [(9156, 4, 0.83250915750915744, 1)]
>: [(952, 5, 0.84972527472527482, 3)]
>: [(3408, 8, 0.85155677655677664, 1)]
>: [(682, 1, 0.85567765567765564, 1)]
>: [(1158, 14, 0.88250915750915748, 1)]
using time: 2569.712951898575