>: [(4276, 1, 0.75476190476190474, 0)]
=: [(4276, 1, 0.75476190476190474, 0), (3392, 1, 0.75476190476190474, 0)]
=: [(4276, 1, 0.75476190476190474, 0), (3392, 1, 0.75476190476190474, 0), (6608, 1, 0.75476190476190474, 0)]
>: [(2485, 10, 0.83154761904761898, 4)]
>: [(902, 5, 0.91249999999999998, 3)]
>: [(566, 8, 0.9375, 3)]
>: [(1060, 11, 0.94583333333333341, 1)]
>: [(442, 7, 0.97499999999999998, 0)]
=: [(442, 7, 0.97499999999999998, 0), (439, 10, 0.97499999999999998, 1)]
>: [(99, 8, 0.98750000000000004, 3)]
=: [(99, 8, 0.98750000000000004, 3), (125, 11, 0.98750000000000004, 3)]
=: [(99, 8, 0.98750000000000004, 3), (125, 11, 0.98750000000000004, 3), (97, 11, 0.98750000000000004, 0)]
=: [(99, 8, 0.98750000000000004, 3), (125, 11, 0.98750000000000004, 3), (97, 11, 0.98750000000000004, 0), (95, 10, 0.98750000000000004, 1)]
=: [(99, 8, 0.98750000000000004, 3), (125, 11, 0.98750000000000004, 3), (97, 11, 0.98750000000000004, 0), (95, 10, 0.98750000000000004, 1), (207, 6, 0.98750000000000004, 3)]
=: [(99, 8, 0.98750000000000004, 3), (125, 11, 0.98750000000000004, 3), (97, 11, 0.98750000000000004, 0), (95, 10, 0.98750000000000004, 1), (207, 6, 0.98750000000000004, 3), (129, 9, 0.98750000000000004, 1)]
=: [(99, 8, 0.98750000000000004, 3), (125, 11, 0.98750000000000004, 3), (97, 11, 0.98750000000000004, 0), (95, 10, 0.98750000000000004, 1), (207, 6, 0.98750000000000004, 3), (129, 9, 0.98750000000000004, 1), (130, 8, 0.98750000000000004, 1)]
=: [(99, 8, 0.98750000000000004, 3), (125, 11, 0.98750000000000004, 3), (97, 11, 0.98750000000000004, 0), (95, 10, 0.98750000000000004, 1), (207, 6, 0.98750000000000004, 3), (129, 9, 0.98750000000000004, 1), (130, 8, 0.98750000000000004, 1), (364, 24, 0.98750000000000004, 4)]
=: [(99, 8, 0.98750000000000004, 3), (125, 11, 0.98750000000000004, 3), (97, 11, 0.98750000000000004, 0), (95, 10, 0.98750000000000004, 1), (207, 6, 0.98750000000000004, 3), (129, 9, 0.98750000000000004, 1), (130, 8, 0.98750000000000004, 1), (364, 24, 0.98750000000000004, 4), (162, 12, 0.98750000000000004, 3)]
=: [(99, 8, 0.98750000000000004, 3), (125, 11, 0.98750000000000004, 3), (97, 11, 0.98750000000000004, 0), (95, 10, 0.98750000000000004, 1), (207, 6, 0.98750000000000004, 3), (129, 9, 0.98750000000000004, 1), (130, 8, 0.98750000000000004, 1), (364, 24, 0.98750000000000004, 4), (162, 12, 0.98750000000000004, 3), (35, 8, 0.98750000000000004, 0)]
=: [(99, 8, 0.98750000000000004, 3), (125, 11, 0.98750000000000004, 3), (97, 11, 0.98750000000000004, 0), (95, 10, 0.98750000000000004, 1), (207, 6, 0.98750000000000004, 3), (129, 9, 0.98750000000000004, 1), (130, 8, 0.98750000000000004, 1), (364, 24, 0.98750000000000004, 4), (162, 12, 0.98750000000000004, 3), (35, 8, 0.98750000000000004, 0), (103, 11, 0.98750000000000004, 0)]
=: [(99, 8, 0.98750000000000004, 3), (125, 11, 0.98750000000000004, 3), (97, 11, 0.98750000000000004, 0), (95, 10, 0.98750000000000004, 1), (207, 6, 0.98750000000000004, 3), (129, 9, 0.98750000000000004, 1), (130, 8, 0.98750000000000004, 1), (364, 24, 0.98750000000000004, 4), (162, 12, 0.98750000000000004, 3), (35, 8, 0.98750000000000004, 0), (103, 11, 0.98750000000000004, 0), (101, 13, 0.98750000000000004, 1)]
=: [(99, 8, 0.98750000000000004, 3), (125, 11, 0.98750000000000004, 3), (97, 11, 0.98750000000000004, 0), (95, 10, 0.98750000000000004, 1), (207, 6, 0.98750000000000004, 3), (129, 9, 0.98750000000000004, 1), (130, 8, 0.98750000000000004, 1), (364, 24, 0.98750000000000004, 4), (162, 12, 0.98750000000000004, 3), (35, 8, 0.98750000000000004, 0), (103, 11, 0.98750000000000004, 0), (101, 13, 0.98750000000000004, 1), (11, 6, 0.98750000000000004, 1)]
=: [(99, 8, 0.98750000000000004, 3), (125, 11, 0.98750000000000004, 3), (97, 11, 0.98750000000000004, 0), (95, 10, 0.98750000000000004, 1), (207, 6, 0.98750000000000004, 3), (129, 9, 0.98750000000000004, 1), (130, 8, 0.98750000000000004, 1), (364, 24, 0.98750000000000004, 4), (162, 12, 0.98750000000000004, 3), (35, 8, 0.98750000000000004, 0), (103, 11, 0.98750000000000004, 0), (101, 13, 0.98750000000000004, 1), (11, 6, 0.98750000000000004, 1), (365, 23, 0.98750000000000004, 4)]
using time: 1924.4041035175323