>: [(2138, 5, 0.6316666666666666, 3)]
>: [(1696, 8, 0.72166666666666668, 1)]
>: [(1242, 9, 0.74166666666666659, 0)]
>: [(1497, 12, 0.755, 4)]
>: [(1186, 6, 0.77666666666666662, 1)]
>: [(715, 8, 0.82499999999999996, 4)]
>: [(110, 12, 0.95833333333333337, 3)]
>: [(505, 9, 0.96333333333333326, 4)]
>: [(211, 13, 0.97499999999999998, 0)]
>: [(206, 17, 1.0, 0)]
=: [(206, 17, 1.0, 0), (39, 6, 1.0, 4)]
=: [(206, 17, 1.0, 0), (39, 6, 1.0, 4), (207, 16, 1.0, 0)]
=: [(206, 17, 1.0, 0), (39, 6, 1.0, 4), (207, 16, 1.0, 0), (84, 13, 1.0, 1)]
=: [(206, 17, 1.0, 0), (39, 6, 1.0, 4), (207, 16, 1.0, 0), (84, 13, 1.0, 1), (48, 10, 1.0, 3)]
=: [(206, 17, 1.0, 0), (39, 6, 1.0, 4), (207, 16, 1.0, 0), (84, 13, 1.0, 1), (48, 10, 1.0, 3), (47, 5, 1.0, 0)]
=: [(206, 17, 1.0, 0), (39, 6, 1.0, 4), (207, 16, 1.0, 0), (84, 13, 1.0, 1), (48, 10, 1.0, 3), (47, 5, 1.0, 0), (209, 14, 1.0, 3)]
=: [(206, 17, 1.0, 0), (39, 6, 1.0, 4), (207, 16, 1.0, 0), (84, 13, 1.0, 1), (48, 10, 1.0, 3), (47, 5, 1.0, 0), (209, 14, 1.0, 3), (37, 9, 1.0, 0)]
=: [(206, 17, 1.0, 0), (39, 6, 1.0, 4), (207, 16, 1.0, 0), (84, 13, 1.0, 1), (48, 10, 1.0, 3), (47, 5, 1.0, 0), (209, 14, 1.0, 3), (37, 9, 1.0, 0), (36, 10, 1.0, 0)]
=: [(206, 17, 1.0, 0), (39, 6, 1.0, 4), (207, 16, 1.0, 0), (84, 13, 1.0, 1), (48, 10, 1.0, 3), (47, 5, 1.0, 0), (209, 14, 1.0, 3), (37, 9, 1.0, 0), (36, 10, 1.0, 0), (35, 11, 1.0, 0)]
=: [(206, 17, 1.0, 0), (39, 6, 1.0, 4), (207, 16, 1.0, 0), (84, 13, 1.0, 1), (48, 10, 1.0, 3), (47, 5, 1.0, 0), (209, 14, 1.0, 3), (37, 9, 1.0, 0), (36, 10, 1.0, 0), (35, 11, 1.0, 0), (0, 9, 1.0, 4)]
=: [(206, 17, 1.0, 0), (39, 6, 1.0, 4), (207, 16, 1.0, 0), (84, 13, 1.0, 1), (48, 10, 1.0, 3), (47, 5, 1.0, 0), (209, 14, 1.0, 3), (37, 9, 1.0, 0), (36, 10, 1.0, 0), (35, 11, 1.0, 0), (0, 9, 1.0, 4), (3, 6, 1.0, 0)]
=: [(206, 17, 1.0, 0), (39, 6, 1.0, 4), (207, 16, 1.0, 0), (84, 13, 1.0, 1), (48, 10, 1.0, 3), (47, 5, 1.0, 0), (209, 14, 1.0, 3), (37, 9, 1.0, 0), (36, 10, 1.0, 0), (35, 11, 1.0, 0), (0, 9, 1.0, 4), (3, 6, 1.0, 0), (460, 26, 1.0, 4)]
=: [(206, 17, 1.0, 0), (39, 6, 1.0, 4), (207, 16, 1.0, 0), (84, 13, 1.0, 1), (48, 10, 1.0, 3), (47, 5, 1.0, 0), (209, 14, 1.0, 3), (37, 9, 1.0, 0), (36, 10, 1.0, 0), (35, 11, 1.0, 0), (0, 9, 1.0, 4), (3, 6, 1.0, 0), (460, 26, 1.0, 4), (1, 8, 1.0, 0)]
=: [(206, 17, 1.0, 0), (39, 6, 1.0, 4), (207, 16, 1.0, 0), (84, 13, 1.0, 1), (48, 10, 1.0, 3), (47, 5, 1.0, 0), (209, 14, 1.0, 3), (37, 9, 1.0, 0), (36, 10, 1.0, 0), (35, 11, 1.0, 0), (0, 9, 1.0, 4), (3, 6, 1.0, 0), (460, 26, 1.0, 4), (1, 8, 1.0, 0), (44, 10, 1.0, 4)]
=: [(206, 17, 1.0, 0), (39, 6, 1.0, 4), (207, 16, 1.0, 0), (84, 13, 1.0, 1), (48, 10, 1.0, 3), (47, 5, 1.0, 0), (209, 14, 1.0, 3), (37, 9, 1.0, 0), (36, 10, 1.0, 0), (35, 11, 1.0, 0), (0, 9, 1.0, 4), (3, 6, 1.0, 0), (460, 26, 1.0, 4), (1, 8, 1.0, 0), (44, 10, 1.0, 4), (0, 9, 1.0, 4)]
using time: 1169.8580276966095