>: [(34208, 1, 0.55000000000000004, 0)]
>: [(27142, 2, 0.67500000000000004, 1)]
>: [(19885, 5, 0.69999999999999996, 1)]
>: [(35401, 1, 0.77500000000000002, 1)]
>: [(1765, 4, 0.80000000000000004, 1)]
=: [(1765, 4, 0.80000000000000004, 1), (5365, 1, 0.80000000000000004, 1)]
>: [(1168, 7, 0.82499999999999996, 3)]
=: [(1168, 7, 0.82499999999999996, 3), (3296, 9, 0.82499999999999996, 1)]
>: [(338, 5, 0.84999999999999998, 3)]
=: [(338, 5, 0.84999999999999998, 3), (5580, 5, 0.84999999999999998, 2)]
>: [(688, 6, 0.875, 0)]
=: [(688, 6, 0.875, 0), (536, 7, 0.875, 1)]
>: [(1961, 7, 0.90000000000000002, 3)]
>: [(488, 12, 0.92500000000000004, 4)]
>: [(477, 10, 0.97499999999999998, 4)]
=: [(477, 10, 0.97499999999999998, 4), (563, 14, 0.97499999999999998, 3)]
=: [(477, 10, 0.97499999999999998, 4), (563, 14, 0.97499999999999998, 3), (782, 18, 0.97499999999999998, 3)]
=: [(477, 10, 0.97499999999999998, 4), (563, 14, 0.97499999999999998, 3), (782, 18, 0.97499999999999998, 3), (781, 21, 0.97499999999999998, 1)]
>: [(561, 19, 1.0, 3)]
=: [(561, 19, 1.0, 3), (25, 9, 1.0, 4)]
=: [(561, 19, 1.0, 3), (25, 9, 1.0, 4), (0, 10, 1.0, 3)]
=: [(561, 19, 1.0, 3), (25, 9, 1.0, 4), (0, 10, 1.0, 3), (0, 10, 1.0, 3)]
using time: 12480.297711372375