>: [(15171, 4, 0.69095238095238087, 1)]
>: [(12232, 2, 0.70714285714285707, 3)]
>: [(4539, 22, 0.8928571428571429, 4)]
>: [(210, 6, 0.94047619047619047, 0)]
>: [(126, 9, 0.97142857142857153, 3)]
=: [(126, 9, 0.97142857142857153, 3), (20, 4, 0.97142857142857153, 0)]
=: [(126, 9, 0.97142857142857153, 3), (20, 4, 0.97142857142857153, 0), (18, 6, 0.97142857142857153, 1)]
=: [(126, 9, 0.97142857142857153, 3), (20, 4, 0.97142857142857153, 0), (18, 6, 0.97142857142857153, 1), (568, 14, 0.97142857142857153, 0)]
=: [(126, 9, 0.97142857142857153, 3), (20, 4, 0.97142857142857153, 0), (18, 6, 0.97142857142857153, 1), (568, 14, 0.97142857142857153, 0), (16, 8, 0.97142857142857153, 0)]
>: [(325, 7, 0.98333333333333339, 2)]
>: [(5, 3, 0.98571428571428577, 0)]
=: [(5, 3, 0.98571428571428577, 0), (3, 5, 0.98571428571428577, 1)]
>: [(1, 8, 1.0, 4)]
using time: 7386.526918172836