>: [(1896, 10, 0.68499999999999994, 2)]
>: [(1529, 10, 0.755, 2)]
>: [(1094, 6, 0.78499999999999992, 0)]
>: [(567, 6, 0.83333333333333337, 4)]
>: [(762, 8, 0.8683333333333334, 0)]
>: [(26, 4, 0.92500000000000004, 0)]
=: [(26, 4, 0.92500000000000004, 0), (331, 9, 0.92500000000000004, 0)]
>: [(167, 11, 0.95833333333333337, 0)]
>: [(210, 14, 1.0, 4)]
=: [(210, 14, 1.0, 4), (2, 7, 1.0, 0)]
=: [(210, 14, 1.0, 4), (2, 7, 1.0, 0), (206, 17, 1.0, 0)]
=: [(210, 14, 1.0, 4), (2, 7, 1.0, 0), (206, 17, 1.0, 0), (48, 10, 1.0, 3)]
=: [(210, 14, 1.0, 4), (2, 7, 1.0, 0), (206, 17, 1.0, 0), (48, 10, 1.0, 3), (53, 16, 1.0, 3)]
=: [(210, 14, 1.0, 4), (2, 7, 1.0, 0), (206, 17, 1.0, 0), (48, 10, 1.0, 3), (53, 16, 1.0, 3), (35, 11, 1.0, 0)]
=: [(210, 14, 1.0, 4), (2, 7, 1.0, 0), (206, 17, 1.0, 0), (48, 10, 1.0, 3), (53, 16, 1.0, 3), (35, 11, 1.0, 0), (44, 10, 1.0, 4)]
=: [(210, 14, 1.0, 4), (2, 7, 1.0, 0), (206, 17, 1.0, 0), (48, 10, 1.0, 3), (53, 16, 1.0, 3), (35, 11, 1.0, 0), (44, 10, 1.0, 4), (38, 8, 1.0, 4)]
=: [(210, 14, 1.0, 4), (2, 7, 1.0, 0), (206, 17, 1.0, 0), (48, 10, 1.0, 3), (53, 16, 1.0, 3), (35, 11, 1.0, 0), (44, 10, 1.0, 4), (38, 8, 1.0, 4), (208, 16, 1.0, 4)]
=: [(210, 14, 1.0, 4), (2, 7, 1.0, 0), (206, 17, 1.0, 0), (48, 10, 1.0, 3), (53, 16, 1.0, 3), (35, 11, 1.0, 0), (44, 10, 1.0, 4), (38, 8, 1.0, 4), (208, 16, 1.0, 4), (41, 7, 1.0, 0)]
=: [(210, 14, 1.0, 4), (2, 7, 1.0, 0), (206, 17, 1.0, 0), (48, 10, 1.0, 3), (53, 16, 1.0, 3), (35, 11, 1.0, 0), (44, 10, 1.0, 4), (38, 8, 1.0, 4), (208, 16, 1.0, 4), (41, 7, 1.0, 0), (47, 5, 1.0, 0)]
=: [(210, 14, 1.0, 4), (2, 7, 1.0, 0), (206, 17, 1.0, 0), (48, 10, 1.0, 3), (53, 16, 1.0, 3), (35, 11, 1.0, 0), (44, 10, 1.0, 4), (38, 8, 1.0, 4), (208, 16, 1.0, 4), (41, 7, 1.0, 0), (47, 5, 1.0, 0), (36, 10, 1.0, 0)]
=: [(210, 14, 1.0, 4), (2, 7, 1.0, 0), (206, 17, 1.0, 0), (48, 10, 1.0, 3), (53, 16, 1.0, 3), (35, 11, 1.0, 0), (44, 10, 1.0, 4), (38, 8, 1.0, 4), (208, 16, 1.0, 4), (41, 7, 1.0, 0), (47, 5, 1.0, 0), (36, 10, 1.0, 0), (5, 4, 1.0, 1)]
=: [(210, 14, 1.0, 4), (2, 7, 1.0, 0), (206, 17, 1.0, 0), (48, 10, 1.0, 3), (53, 16, 1.0, 3), (35, 11, 1.0, 0), (44, 10, 1.0, 4), (38, 8, 1.0, 4), (208, 16, 1.0, 4), (41, 7, 1.0, 0), (47, 5, 1.0, 0), (36, 10, 1.0, 0), (5, 4, 1.0, 1), (84, 13, 1.0, 1)]
=: [(210, 14, 1.0, 4), (2, 7, 1.0, 0), (206, 17, 1.0, 0), (48, 10, 1.0, 3), (53, 16, 1.0, 3), (35, 11, 1.0, 0), (44, 10, 1.0, 4), (38, 8, 1.0, 4), (208, 16, 1.0, 4), (41, 7, 1.0, 0), (47, 5, 1.0, 0), (36, 10, 1.0, 0), (5, 4, 1.0, 1), (84, 13, 1.0, 1), (209, 14, 1.0, 3)]
=: [(210, 14, 1.0, 4), (2, 7, 1.0, 0), (206, 17, 1.0, 0), (48, 10, 1.0, 3), (53, 16, 1.0, 3), (35, 11, 1.0, 0), (44, 10, 1.0, 4), (38, 8, 1.0, 4), (208, 16, 1.0, 4), (41, 7, 1.0, 0), (47, 5, 1.0, 0), (36, 10, 1.0, 0), (5, 4, 1.0, 1), (84, 13, 1.0, 1), (209, 14, 1.0, 3), (7, 12, 1.0, 0)]
=: [(210, 14, 1.0, 4), (2, 7, 1.0, 0), (206, 17, 1.0, 0), (48, 10, 1.0, 3), (53, 16, 1.0, 3), (35, 11, 1.0, 0), (44, 10, 1.0, 4), (38, 8, 1.0, 4), (208, 16, 1.0, 4), (41, 7, 1.0, 0), (47, 5, 1.0, 0), (36, 10, 1.0, 0), (5, 4, 1.0, 1), (84, 13, 1.0, 1), (209, 14, 1.0, 3), (7, 12, 1.0, 0), (0, 9, 1.0, 4)]
using time: 1160.4121692180634