>: [(7585, 3, 0.67909090909090908, 1)]
>: [(4376, 10, 0.71545454545454534, 1)]
>: [(3049, 13, 0.82272727272727264, 0)]
>: [(105, 6, 0.8727272727272728, 3)]
>: [(63, 14, 0.89000000000000001, 1)]
=: [(63, 14, 0.89000000000000001, 1), (135, 11, 0.89000000000000001, 1)]
>: [(10, 7, 0.9209090909090909, 1)]
=: [(10, 7, 0.9209090909090909, 1), (176, 22, 0.9209090909090909, 4)]
=: [(10, 7, 0.9209090909090909, 1), (176, 22, 0.9209090909090909, 4), (154, 23, 0.9209090909090909, 4)]
>: [(189, 10, 0.94000000000000006, 4)]
>: [(9, 6, 0.94090909090909081, 3)]
=: [(9, 6, 0.94090909090909081, 3), (8, 7, 0.94090909090909081, 3)]
>: [(6, 6, 0.95090909090909093, 1)]
using time: 3747.3912312984467