>: [(10611, 10, 0.8125, 1)]
>: [(4943, 15, 0.90892857142857153, 4)]
>: [(1582, 17, 0.96428571428571441, 0)]
=: [(1582, 17, 0.96428571428571441, 0), (3084, 9, 0.96428571428571441, 0)]
>: [(2027, 24, 0.96517857142857155, 4)]
=: [(2027, 24, 0.96517857142857155, 4), (395, 14, 0.96517857142857155, 3)]
=: [(2027, 24, 0.96517857142857155, 4), (395, 14, 0.96517857142857155, 3), (134, 7, 0.96517857142857155, 0)]
>: [(756, 17, 0.97142857142857153, 4)]
=: [(756, 17, 0.97142857142857153, 4), (118, 9, 0.97142857142857153, 4)]
=: [(756, 17, 0.97142857142857153, 4), (118, 9, 0.97142857142857153, 4), (117, 6, 0.97142857142857153, 4)]
=: [(756, 17, 0.97142857142857153, 4), (118, 9, 0.97142857142857153, 4), (117, 6, 0.97142857142857153, 4), (2031, 20, 0.97142857142857153, 0)]
=: [(756, 17, 0.97142857142857153, 4), (118, 9, 0.97142857142857153, 4), (117, 6, 0.97142857142857153, 4), (2031, 20, 0.97142857142857153, 0), (114, 10, 0.97142857142857153, 4)]
=: [(756, 17, 0.97142857142857153, 4), (118, 9, 0.97142857142857153, 4), (117, 6, 0.97142857142857153, 4), (2031, 20, 0.97142857142857153, 0), (114, 10, 0.97142857142857153, 4), (1591, 15, 0.97142857142857153, 0)]
>: [(209, 6, 0.97232142857142867, 4)]
>: [(1676, 10, 0.97857142857142865, 1)]
using time: 12491.12552022934