>: [(21222, 1, 0.65000000000000002, 3)]
>: [(9886, 8, 0.80000000000000004, 2)]
>: [(5944, 6, 0.82499999999999996, 3)]
=: [(5944, 6, 0.82499999999999996, 3), (6385, 5, 0.82499999999999996, 1)]
>: [(790, 12, 0.94999999999999996, 3)]
=: [(790, 12, 0.94999999999999996, 3), (15, 9, 0.94999999999999996, 3)]
>: [(26, 8, 0.97499999999999998, 4)]
=: [(26, 8, 0.97499999999999998, 4), (27, 13, 0.97499999999999998, 4)]
=: [(26, 8, 0.97499999999999998, 4), (27, 13, 0.97499999999999998, 4), (476, 10, 0.97499999999999998, 0)]
=: [(26, 8, 0.97499999999999998, 4), (27, 13, 0.97499999999999998, 4), (476, 10, 0.97499999999999998, 0), (781, 21, 0.97499999999999998, 1)]
=: [(26, 8, 0.97499999999999998, 4), (27, 13, 0.97499999999999998, 4), (476, 10, 0.97499999999999998, 0), (781, 21, 0.97499999999999998, 1), (254, 7, 0.97499999999999998, 4)]
>: [(0, 10, 1.0, 3)]
=: [(0, 10, 1.0, 3), (0, 10, 1.0, 3)]
using time: 12083.202561378479