>: [(3898, 1, 0.66767676767676776, 3)]
>: [(9709, 5, 0.6828282828282829, 1)]
>: [(7766, 1, 0.71919191919191916, 1)]
>: [(215, 11, 0.72323232323232323, 4)]
>: [(469, 7, 0.72727272727272729, 3)]
>: [(329, 9, 0.7535353535353535, 2)]
>: [(328, 10, 0.76666666666666672, 2)]
>: [(348, 11, 0.77272727272727271, 4)]
>: [(76, 17, 0.79494949494949485, 4)]
=: [(76, 17, 0.79494949494949485, 4), (31, 2, 0.79494949494949485, 1)]
>: [(116, 3, 0.79494949494949496, 3)]
>: [(13, 16, 0.79696969696969699, 3)]
>: [(233, 12, 0.79898989898989892, 1)]
using time: 2575.9644224643707