>: [(974, 2, 0.73869047619047623, 1)]
>: [(534, 8, 0.85476190476190472, 4)]
>: [(268, 6, 0.90000000000000002, 4)]
>: [(53, 7, 0.94999999999999996, 4)]
>: [(62, 7, 0.97499999999999998, 4)]
=: [(62, 7, 0.97499999999999998, 4), (175, 13, 0.97499999999999998, 3)]
>: [(117, 19, 1.0, 4)]
=: [(117, 19, 1.0, 4), (30, 12, 1.0, 4)]
=: [(117, 19, 1.0, 4), (30, 12, 1.0, 4), (28, 12, 1.0, 4)]
=: [(117, 19, 1.0, 4), (30, 12, 1.0, 4), (28, 12, 1.0, 4), (196, 14, 1.0, 4)]
=: [(117, 19, 1.0, 4), (30, 12, 1.0, 4), (28, 12, 1.0, 4), (196, 14, 1.0, 4), (256, 19, 1.0, 4)]
using time: 900.6411869525909