>: [(1170, 3, 0.69523809523809521, 1)]
>: [(66, 6, 0.88571428571428579, 3)]
=: [(66, 6, 0.88571428571428579, 3), (30, 4, 0.88571428571428579, 4)]
>: [(328, 15, 0.90000000000000002, 0)]
>: [(90, 20, 0.91666666666666663, 0)]
=: [(90, 20, 0.91666666666666663, 0), (8, 8, 0.91666666666666663, 1)]
>: [(274, 7, 0.91666666666666674, 0)]
=: [(274, 7, 0.91666666666666674, 0), (336, 18, 0.91666666666666674, 0)]
=: [(274, 7, 0.91666666666666674, 0), (336, 18, 0.91666666666666674, 0), (383, 5, 0.91666666666666674, 4)]
>: [(7, 5, 0.93333333333333335, 3)]
>: [(99, 11, 0.93571428571428572, 4)]
using time: 600.3147721290588