>: [(18723, 1, 0.56095238095238087, 2)]
>: [(1067, 6, 0.84523809523809523, 0)]
>: [(486, 8, 0.91190476190476188, 0)]
>: [(1127, 6, 0.92380952380952386, 4)]
>: [(132, 6, 0.94047619047619047, 3)]
=: [(132, 6, 0.94047619047619047, 3), (2129, 8, 0.94047619047619047, 0)]
>: [(164, 4, 0.95714285714285707, 0)]
=: [(164, 4, 0.95714285714285707, 0), (92, 5, 0.95714285714285707, 0)]
=: [(164, 4, 0.95714285714285707, 0), (92, 5, 0.95714285714285707, 0), (2127, 10, 0.95714285714285707, 0)]
>: [(321, 11, 0.98333333333333339, 2)]
=: [(321, 11, 0.98333333333333339, 2), (325, 7, 0.98333333333333339, 2)]
>: [(14, 2, 0.98571428571428577, 0)]
=: [(14, 2, 0.98571428571428577, 0), (87, 8, 0.98571428571428577, 3)]
using time: 7104.125906229019