>: [(2340, 3, 0.67083333333333328, 2)]
>: [(133, 9, 0.98750000000000004, 4)]
=: [(133, 9, 0.98750000000000004, 4), (140, 9, 0.98750000000000004, 1)]
=: [(133, 9, 0.98750000000000004, 4), (140, 9, 0.98750000000000004, 1), (182, 15, 0.98750000000000004, 1)]
=: [(133, 9, 0.98750000000000004, 4), (140, 9, 0.98750000000000004, 1), (182, 15, 0.98750000000000004, 1), (16, 5, 0.98750000000000004, 3)]
=: [(133, 9, 0.98750000000000004, 4), (140, 9, 0.98750000000000004, 1), (182, 15, 0.98750000000000004, 1), (16, 5, 0.98750000000000004, 3), (326, 26, 0.98750000000000004, 1)]
>: [(31, 10, 1.0, 3)]
=: [(31, 10, 1.0, 3), (196, 14, 1.0, 4)]
=: [(31, 10, 1.0, 3), (196, 14, 1.0, 4), (28, 12, 1.0, 4)]
=: [(31, 10, 1.0, 3), (196, 14, 1.0, 4), (28, 12, 1.0, 4), (6, 7, 1.0, 3)]
=: [(31, 10, 1.0, 3), (196, 14, 1.0, 4), (28, 12, 1.0, 4), (6, 7, 1.0, 3), (117, 19, 1.0, 4)]
=: [(31, 10, 1.0, 3), (196, 14, 1.0, 4), (28, 12, 1.0, 4), (6, 7, 1.0, 3), (117, 19, 1.0, 4), (8, 8, 1.0, 4)]
=: [(31, 10, 1.0, 3), (196, 14, 1.0, 4), (28, 12, 1.0, 4), (6, 7, 1.0, 3), (117, 19, 1.0, 4), (8, 8, 1.0, 4), (33, 9, 1.0, 3)]
=: [(31, 10, 1.0, 3), (196, 14, 1.0, 4), (28, 12, 1.0, 4), (6, 7, 1.0, 3), (117, 19, 1.0, 4), (8, 8, 1.0, 4), (33, 9, 1.0, 3), (122, 16, 1.0, 4)]
=: [(31, 10, 1.0, 3), (196, 14, 1.0, 4), (28, 12, 1.0, 4), (6, 7, 1.0, 3), (117, 19, 1.0, 4), (8, 8, 1.0, 4), (33, 9, 1.0, 3), (122, 16, 1.0, 4), (197, 13, 1.0, 4)]
using time: 917.5260410308838