>: [(3714, 1, 0.72277777777777774, 0)]
>: [(6068, 5, 0.73666666666666669, 1)]
>: [(717, 5, 0.80500000000000005, 1)]
>: [(613, 5, 0.83527777777777779, 1)]
>: [(195, 9, 0.85638888888888898, 4)]
>: [(370, 14, 0.85749999999999993, 3)]
>: [(572, 12, 0.88500000000000001, 0)]
>: [(237, 10, 0.90999999999999992, 0)]
>: [(3, 7, 0.93000000000000005, 3)]
=: [(3, 7, 0.93000000000000005, 3), (2, 9, 0.93000000000000005, 3)]
=: [(3, 7, 0.93000000000000005, 3), (2, 9, 0.93000000000000005, 3), (4, 7, 0.93000000000000005, 3)]
>: [(31, 12, 0.93888888888888888, 0)]
>: [(32, 10, 0.94888888888888889, 0)]
>: [(34, 10, 0.94999999999999996, 0)]
using time: 2873.5697910785675