>: [(1857, 7, 0.88154761904761902, 1)]
>: [(1582, 24, 0.91249999999999998, 4)]
>: [(248, 12, 0.9375, 0)]
>: [(163, 12, 0.97499999999999998, 3)]
>: [(97, 11, 0.98750000000000004, 0)]
=: [(97, 11, 0.98750000000000004, 0), (37, 8, 0.98750000000000004, 0)]
=: [(97, 11, 0.98750000000000004, 0), (37, 8, 0.98750000000000004, 0), (105, 11, 0.98750000000000004, 0)]
=: [(97, 11, 0.98750000000000004, 0), (37, 8, 0.98750000000000004, 0), (105, 11, 0.98750000000000004, 0), (102, 8, 0.98750000000000004, 0)]
=: [(97, 11, 0.98750000000000004, 0), (37, 8, 0.98750000000000004, 0), (105, 11, 0.98750000000000004, 0), (102, 8, 0.98750000000000004, 0), (130, 8, 0.98750000000000004, 1)]
=: [(97, 11, 0.98750000000000004, 0), (37, 8, 0.98750000000000004, 0), (105, 11, 0.98750000000000004, 0), (102, 8, 0.98750000000000004, 0), (130, 8, 0.98750000000000004, 1), (128, 11, 0.98750000000000004, 1)]
=: [(97, 11, 0.98750000000000004, 0), (37, 8, 0.98750000000000004, 0), (105, 11, 0.98750000000000004, 0), (102, 8, 0.98750000000000004, 0), (130, 8, 0.98750000000000004, 1), (128, 11, 0.98750000000000004, 1), (104, 10, 0.98750000000000004, 0)]
=: [(97, 11, 0.98750000000000004, 0), (37, 8, 0.98750000000000004, 0), (105, 11, 0.98750000000000004, 0), (102, 8, 0.98750000000000004, 0), (130, 8, 0.98750000000000004, 1), (128, 11, 0.98750000000000004, 1), (104, 10, 0.98750000000000004, 0), (35, 8, 0.98750000000000004, 0)]
=: [(97, 11, 0.98750000000000004, 0), (37, 8, 0.98750000000000004, 0), (105, 11, 0.98750000000000004, 0), (102, 8, 0.98750000000000004, 0), (130, 8, 0.98750000000000004, 1), (128, 11, 0.98750000000000004, 1), (104, 10, 0.98750000000000004, 0), (35, 8, 0.98750000000000004, 0), (207, 6, 0.98750000000000004, 3)]
=: [(97, 11, 0.98750000000000004, 0), (37, 8, 0.98750000000000004, 0), (105, 11, 0.98750000000000004, 0), (102, 8, 0.98750000000000004, 0), (130, 8, 0.98750000000000004, 1), (128, 11, 0.98750000000000004, 1), (104, 10, 0.98750000000000004, 0), (35, 8, 0.98750000000000004, 0), (207, 6, 0.98750000000000004, 3), (129, 9, 0.98750000000000004, 1)]
=: [(97, 11, 0.98750000000000004, 0), (37, 8, 0.98750000000000004, 0), (105, 11, 0.98750000000000004, 0), (102, 8, 0.98750000000000004, 0), (130, 8, 0.98750000000000004, 1), (128, 11, 0.98750000000000004, 1), (104, 10, 0.98750000000000004, 0), (35, 8, 0.98750000000000004, 0), (207, 6, 0.98750000000000004, 3), (129, 9, 0.98750000000000004, 1), (125, 11, 0.98750000000000004, 3)]
=: [(97, 11, 0.98750000000000004, 0), (37, 8, 0.98750000000000004, 0), (105, 11, 0.98750000000000004, 0), (102, 8, 0.98750000000000004, 0), (130, 8, 0.98750000000000004, 1), (128, 11, 0.98750000000000004, 1), (104, 10, 0.98750000000000004, 0), (35, 8, 0.98750000000000004, 0), (207, 6, 0.98750000000000004, 3), (129, 9, 0.98750000000000004, 1), (125, 11, 0.98750000000000004, 3), (99, 8, 0.98750000000000004, 3)]
using time: 1886.8277983665466