>: [(7428, 12, 0.90982142857142867, 0)]
>: [(12300, 6, 0.91517857142857151, 0)]
>: [(1434, 9, 0.9169642857142859, 1)]
>: [(2791, 16, 0.92500000000000016, 0)]
>: [(4484, 8, 0.93660714285714308, 0)]
>: [(992, 6, 0.94374999999999998, 0)]
>: [(655, 8, 0.94464285714285734, 4)]
>: [(1902, 16, 0.95178571428571446, 0)]
=: [(1902, 16, 0.95178571428571446, 0), (3198, 16, 0.95178571428571446, 4)]
>: [(390, 9, 0.96517857142857155, 1)]
=: [(390, 9, 0.96517857142857155, 1), (150, 5, 0.96517857142857155, 0)]
=: [(390, 9, 0.96517857142857155, 1), (150, 5, 0.96517857142857155, 0), (474, 12, 0.96517857142857155, 0)]
=: [(390, 9, 0.96517857142857155, 1), (150, 5, 0.96517857142857155, 0), (474, 12, 0.96517857142857155, 0), (39, 5, 0.96517857142857155, 3)]
=: [(390, 9, 0.96517857142857155, 1), (150, 5, 0.96517857142857155, 0), (474, 12, 0.96517857142857155, 0), (39, 5, 0.96517857142857155, 3), (411, 14, 0.96517857142857155, 0)]
=: [(390, 9, 0.96517857142857155, 1), (150, 5, 0.96517857142857155, 0), (474, 12, 0.96517857142857155, 0), (39, 5, 0.96517857142857155, 3), (411, 14, 0.96517857142857155, 0), (40, 3, 0.96517857142857155, 1)]
=: [(390, 9, 0.96517857142857155, 1), (150, 5, 0.96517857142857155, 0), (474, 12, 0.96517857142857155, 0), (39, 5, 0.96517857142857155, 3), (411, 14, 0.96517857142857155, 0), (40, 3, 0.96517857142857155, 1), (288, 15, 0.96517857142857155, 4)]
=: [(390, 9, 0.96517857142857155, 1), (150, 5, 0.96517857142857155, 0), (474, 12, 0.96517857142857155, 0), (39, 5, 0.96517857142857155, 3), (411, 14, 0.96517857142857155, 0), (40, 3, 0.96517857142857155, 1), (288, 15, 0.96517857142857155, 4), (1058, 26, 0.96517857142857155, 1)]
>: [(238, 9, 0.97142857142857153, 4)]
=: [(238, 9, 0.97142857142857153, 4), (419, 9, 0.97142857142857153, 4)]
=: [(238, 9, 0.97142857142857153, 4), (419, 9, 0.97142857142857153, 4), (816, 10, 0.97142857142857153, 0)]
=: [(238, 9, 0.97142857142857153, 4), (419, 9, 0.97142857142857153, 4), (816, 10, 0.97142857142857153, 0), (519, 6, 0.97142857142857153, 1)]
=: [(238, 9, 0.97142857142857153, 4), (419, 9, 0.97142857142857153, 4), (816, 10, 0.97142857142857153, 0), (519, 6, 0.97142857142857153, 1), (2254, 14, 0.97142857142857153, 0)]
=: [(238, 9, 0.97142857142857153, 4), (419, 9, 0.97142857142857153, 4), (816, 10, 0.97142857142857153, 0), (519, 6, 0.97142857142857153, 1), (2254, 14, 0.97142857142857153, 0), (817, 10, 0.97142857142857153, 0)]
=: [(238, 9, 0.97142857142857153, 4), (419, 9, 0.97142857142857153, 4), (816, 10, 0.97142857142857153, 0), (519, 6, 0.97142857142857153, 1), (2254, 14, 0.97142857142857153, 0), (817, 10, 0.97142857142857153, 0), (241, 6, 0.97142857142857153, 4)]
=: [(238, 9, 0.97142857142857153, 4), (419, 9, 0.97142857142857153, 4), (816, 10, 0.97142857142857153, 0), (519, 6, 0.97142857142857153, 1), (2254, 14, 0.97142857142857153, 0), (817, 10, 0.97142857142857153, 0), (241, 6, 0.97142857142857153, 4), (845, 17, 0.97142857142857153, 4)]
=: [(238, 9, 0.97142857142857153, 4), (419, 9, 0.97142857142857153, 4), (816, 10, 0.97142857142857153, 0), (519, 6, 0.97142857142857153, 1), (2254, 14, 0.97142857142857153, 0), (817, 10, 0.97142857142857153, 0), (241, 6, 0.97142857142857153, 4), (845, 17, 0.97142857142857153, 4), (240, 7, 0.97142857142857153, 4)]
=: [(238, 9, 0.97142857142857153, 4), (419, 9, 0.97142857142857153, 4), (816, 10, 0.97142857142857153, 0), (519, 6, 0.97142857142857153, 1), (2254, 14, 0.97142857142857153, 0), (817, 10, 0.97142857142857153, 0), (241, 6, 0.97142857142857153, 4), (845, 17, 0.97142857142857153, 4), (240, 7, 0.97142857142857153, 4), (2042, 9, 0.97142857142857153, 0)]
=: [(238, 9, 0.97142857142857153, 4), (419, 9, 0.97142857142857153, 4), (816, 10, 0.97142857142857153, 0), (519, 6, 0.97142857142857153, 1), (2254, 14, 0.97142857142857153, 0), (817, 10, 0.97142857142857153, 0), (241, 6, 0.97142857142857153, 4), (845, 17, 0.97142857142857153, 4), (240, 7, 0.97142857142857153, 4), (2042, 9, 0.97142857142857153, 0), (1055, 17, 0.97142857142857153, 4)]
=: [(238, 9, 0.97142857142857153, 4), (419, 9, 0.97142857142857153, 4), (816, 10, 0.97142857142857153, 0), (519, 6, 0.97142857142857153, 1), (2254, 14, 0.97142857142857153, 0), (817, 10, 0.97142857142857153, 0), (241, 6, 0.97142857142857153, 4), (845, 17, 0.97142857142857153, 4), (240, 7, 0.97142857142857153, 4), (2042, 9, 0.97142857142857153, 0), (1055, 17, 0.97142857142857153, 4), (119, 13, 0.97142857142857153, 4)]
=: [(238, 9, 0.97142857142857153, 4), (419, 9, 0.97142857142857153, 4), (816, 10, 0.97142857142857153, 0), (519, 6, 0.97142857142857153, 1), (2254, 14, 0.97142857142857153, 0), (817, 10, 0.97142857142857153, 0), (241, 6, 0.97142857142857153, 4), (845, 17, 0.97142857142857153, 4), (240, 7, 0.97142857142857153, 4), (2042, 9, 0.97142857142857153, 0), (1055, 17, 0.97142857142857153, 4), (119, 13, 0.97142857142857153, 4), (239, 8, 0.97142857142857153, 4)]
=: [(238, 9, 0.97142857142857153, 4), (419, 9, 0.97142857142857153, 4), (816, 10, 0.97142857142857153, 0), (519, 6, 0.97142857142857153, 1), (2254, 14, 0.97142857142857153, 0), (817, 10, 0.97142857142857153, 0), (241, 6, 0.97142857142857153, 4), (845, 17, 0.97142857142857153, 4), (240, 7, 0.97142857142857153, 4), (2042, 9, 0.97142857142857153, 0), (1055, 17, 0.97142857142857153, 4), (119, 13, 0.97142857142857153, 4), (239, 8, 0.97142857142857153, 4), (115, 9, 0.97142857142857153, 4)]
>: [(209, 6, 0.97232142857142867, 4)]
using time: 13132.236004114151