>: [(5305, 1, 0.75, 0)]
=: [(5305, 1, 0.75, 0), (2471, 1, 0.75, 0)]
>: [(6468, 1, 1.0, 1)]
=: [(6468, 1, 1.0, 1), (791, 1, 1.0, 1)]
=: [(6468, 1, 1.0, 1), (791, 1, 1.0, 1), (1186, 1, 1.0, 1)]
=: [(6468, 1, 1.0, 1), (791, 1, 1.0, 1), (1186, 1, 1.0, 1), (8779, 1, 1.0, 2)]
=: [(6468, 1, 1.0, 1), (791, 1, 1.0, 1), (1186, 1, 1.0, 1), (8779, 1, 1.0, 2), (1542, 1, 1.0, 0)]
=: [(6468, 1, 1.0, 1), (791, 1, 1.0, 1), (1186, 1, 1.0, 1), (8779, 1, 1.0, 2), (1542, 1, 1.0, 0), (614, 1, 1.0, 1)]
=: [(6468, 1, 1.0, 1), (791, 1, 1.0, 1), (1186, 1, 1.0, 1), (8779, 1, 1.0, 2), (1542, 1, 1.0, 0), (614, 1, 1.0, 1), (1408, 1, 1.0, 3)]
=: [(6468, 1, 1.0, 1), (791, 1, 1.0, 1), (1186, 1, 1.0, 1), (8779, 1, 1.0, 2), (1542, 1, 1.0, 0), (614, 1, 1.0, 1), (1408, 1, 1.0, 3), (1144, 1, 1.0, 1)]
=: [(6468, 1, 1.0, 1), (791, 1, 1.0, 1), (1186, 1, 1.0, 1), (8779, 1, 1.0, 2), (1542, 1, 1.0, 0), (614, 1, 1.0, 1), (1408, 1, 1.0, 3), (1144, 1, 1.0, 1), (3943, 1, 1.0, 0)]
=: [(6468, 1, 1.0, 1), (791, 1, 1.0, 1), (1186, 1, 1.0, 1), (8779, 1, 1.0, 2), (1542, 1, 1.0, 0), (614, 1, 1.0, 1), (1408, 1, 1.0, 3), (1144, 1, 1.0, 1), (3943, 1, 1.0, 0), (9028, 1, 1.0, 1)]
=: [(6468, 1, 1.0, 1), (791, 1, 1.0, 1), (1186, 1, 1.0, 1), (8779, 1, 1.0, 2), (1542, 1, 1.0, 0), (614, 1, 1.0, 1), (1408, 1, 1.0, 3), (1144, 1, 1.0, 1), (3943, 1, 1.0, 0), (9028, 1, 1.0, 1), (6955, 1, 1.0, 1)]
=: [(6468, 1, 1.0, 1), (791, 1, 1.0, 1), (1186, 1, 1.0, 1), (8779, 1, 1.0, 2), (1542, 1, 1.0, 0), (614, 1, 1.0, 1), (1408, 1, 1.0, 3), (1144, 1, 1.0, 1), (3943, 1, 1.0, 0), (9028, 1, 1.0, 1), (6955, 1, 1.0, 1), (968, 1, 1.0, 0)]
=: [(6468, 1, 1.0, 1), (791, 1, 1.0, 1), (1186, 1, 1.0, 1), (8779, 1, 1.0, 2), (1542, 1, 1.0, 0), (614, 1, 1.0, 1), (1408, 1, 1.0, 3), (1144, 1, 1.0, 1), (3943, 1, 1.0, 0), (9028, 1, 1.0, 1), (6955, 1, 1.0, 1), (968, 1, 1.0, 0), (3657, 1, 1.0, 3)]
=: [(6468, 1, 1.0, 1), (791, 1, 1.0, 1), (1186, 1, 1.0, 1), (8779, 1, 1.0, 2), (1542, 1, 1.0, 0), (614, 1, 1.0, 1), (1408, 1, 1.0, 3), (1144, 1, 1.0, 1), (3943, 1, 1.0, 0), (9028, 1, 1.0, 1), (6955, 1, 1.0, 1), (968, 1, 1.0, 0), (3657, 1, 1.0, 3), (10279, 1, 1.0, 2)]
=: [(6468, 1, 1.0, 1), (791, 1, 1.0, 1), (1186, 1, 1.0, 1), (8779, 1, 1.0, 2), (1542, 1, 1.0, 0), (614, 1, 1.0, 1), (1408, 1, 1.0, 3), (1144, 1, 1.0, 1), (3943, 1, 1.0, 0), (9028, 1, 1.0, 1), (6955, 1, 1.0, 1), (968, 1, 1.0, 0), (3657, 1, 1.0, 3), (10279, 1, 1.0, 2), (1013, 2, 1.0, 0)]
>: [(5305, 1, 0.75, 0)]
=: [(5305, 1, 0.75, 0), (2471, 1, 0.75, 1)]
=: [(5305, 1, 0.75, 0), (2471, 1, 0.75, 1), (6468, 1, 0.75, 1)]
=: [(5305, 1, 0.75, 0), (2471, 1, 0.75, 1), (6468, 1, 0.75, 1), (791, 1, 0.75, 1)]
>: [(1186, 1, 0.875, 1)]
=: [(1186, 1, 0.875, 1), (1542, 1, 0.875, 1)]
>: [(5991, 6, 1.0, 2)]
=: [(5991, 6, 1.0, 2), (614, 2, 1.0, 1)]
=: [(5991, 6, 1.0, 2), (614, 2, 1.0, 1), (9028, 1, 1.0, 2)]
=: [(5991, 6, 1.0, 2), (614, 2, 1.0, 1), (9028, 1, 1.0, 2), (10279, 1, 1.0, 2)]
=: [(5991, 6, 1.0, 2), (614, 2, 1.0, 1), (9028, 1, 1.0, 2), (10279, 1, 1.0, 2), (1013, 3, 1.0, 0)]
>: [(5305, 1, 0.75, 0)]
>: [(2471, 3, 1.0, 0)]
=: [(2471, 3, 1.0, 0), (6468, 1, 1.0, 1)]
=: [(5991, 6, 1.0, 2), (614, 2, 1.0, 1), (9028, 1, 1.0, 2), (10279, 1, 1.0, 2), (1013, 3, 1.0, 0), (8974, 4, 1.0, 2)]
