>: [(3423, 3, 0.81712454212454211, 1)]
>: [(8541, 4, 0.82600732600732607, 1)]
=: [(8541, 4, 0.82600732600732607, 1), (276, 9, 0.82600732600732607, 1)]
>: [(284, 7, 0.83315018315018319, 3)]
>: [(916, 5, 0.83369963369963374, 3)]
>: [(41, 5, 0.83443223443223447, 3)]
>: [(11482, 2, 0.83553113553113545, 1)]
>: [(6218, 1, 0.8402014652014651, 1)]
>: [(108, 5, 0.84203296703296693, 1)]
>: [(9124, 1, 0.84908424908424907, 1)]
>: [(10306, 2, 0.84917582417582405, 1)]
=: [(10306, 2, 0.84917582417582405, 1), (11, 6, 0.84917582417582405, 3)]
>: [(23, 7, 0.85750915750915746, 1)]
>: [(1158, 14, 0.88250915750915748, 1)]
using time: 2537.3493237495422