>: [(6847, 9, 0.87857142857142845, 4)]
>: [(381, 11, 0.97499999999999987, 1)]
>: [(614, 9, 0.98452380952380947, 1)]
=: [(614, 9, 0.98452380952380947, 1), (292, 16, 0.98452380952380947, 3)]
>: [(492, 20, 1.0, 3)]
=: [(492, 20, 1.0, 3), (392, 12, 1.0, 4)]
=: [(492, 20, 1.0, 3), (392, 12, 1.0, 4), (505, 11, 1.0, 0)]
=: [(492, 20, 1.0, 3), (392, 12, 1.0, 4), (505, 11, 1.0, 0), (387, 19, 1.0, 0)]
=: [(492, 20, 1.0, 3), (392, 12, 1.0, 4), (505, 11, 1.0, 0), (387, 19, 1.0, 0), (394, 10, 1.0, 4)]
=: [(492, 20, 1.0, 3), (392, 12, 1.0, 4), (505, 11, 1.0, 0), (387, 19, 1.0, 0), (394, 10, 1.0, 4), (359, 10, 1.0, 1)]
=: [(492, 20, 1.0, 3), (392, 12, 1.0, 4), (505, 11, 1.0, 0), (387, 19, 1.0, 0), (394, 10, 1.0, 4), (359, 10, 1.0, 1), (510, 9, 1.0, 3)]
=: [(492, 20, 1.0, 3), (392, 12, 1.0, 4), (505, 11, 1.0, 0), (387, 19, 1.0, 0), (394, 10, 1.0, 4), (359, 10, 1.0, 1), (510, 9, 1.0, 3), (502, 14, 1.0, 0)]
=: [(492, 20, 1.0, 3), (392, 12, 1.0, 4), (505, 11, 1.0, 0), (387, 19, 1.0, 0), (394, 10, 1.0, 4), (359, 10, 1.0, 1), (510, 9, 1.0, 3), (502, 14, 1.0, 0), (740, 14, 1.0, 3)]
=: [(492, 20, 1.0, 3), (392, 12, 1.0, 4), (505, 11, 1.0, 0), (387, 19, 1.0, 0), (394, 10, 1.0, 4), (359, 10, 1.0, 1), (510, 9, 1.0, 3), (502, 14, 1.0, 0), (740, 14, 1.0, 3), (653, 10, 1.0, 3)]
=: [(492, 20, 1.0, 3), (392, 12, 1.0, 4), (505, 11, 1.0, 0), (387, 19, 1.0, 0), (394, 10, 1.0, 4), (359, 10, 1.0, 1), (510, 9, 1.0, 3), (502, 14, 1.0, 0), (740, 14, 1.0, 3), (653, 10, 1.0, 3), (399, 5, 1.0, 4)]
=: [(492, 20, 1.0, 3), (392, 12, 1.0, 4), (505, 11, 1.0, 0), (387, 19, 1.0, 0), (394, 10, 1.0, 4), (359, 10, 1.0, 1), (510, 9, 1.0, 3), (502, 14, 1.0, 0), (740, 14, 1.0, 3), (653, 10, 1.0, 3), (399, 5, 1.0, 4), (398, 8, 1.0, 0)]
=: [(492, 20, 1.0, 3), (392, 12, 1.0, 4), (505, 11, 1.0, 0), (387, 19, 1.0, 0), (394, 10, 1.0, 4), (359, 10, 1.0, 1), (510, 9, 1.0, 3), (502, 14, 1.0, 0), (740, 14, 1.0, 3), (653, 10, 1.0, 3), (399, 5, 1.0, 4), (398, 8, 1.0, 0), (396, 9, 1.0, 0)]
=: [(492, 20, 1.0, 3), (392, 12, 1.0, 4), (505, 11, 1.0, 0), (387, 19, 1.0, 0), (394, 10, 1.0, 4), (359, 10, 1.0, 1), (510, 9, 1.0, 3), (502, 14, 1.0, 0), (740, 14, 1.0, 3), (653, 10, 1.0, 3), (399, 5, 1.0, 4), (398, 8, 1.0, 0), (396, 9, 1.0, 0), (506, 10, 1.0, 0)]
=: [(492, 20, 1.0, 3), (392, 12, 1.0, 4), (505, 11, 1.0, 0), (387, 19, 1.0, 0), (394, 10, 1.0, 4), (359, 10, 1.0, 1), (510, 9, 1.0, 3), (502, 14, 1.0, 0), (740, 14, 1.0, 3), (653, 10, 1.0, 3), (399, 5, 1.0, 4), (398, 8, 1.0, 0), (396, 9, 1.0, 0), (506, 10, 1.0, 0), (739, 15, 1.0, 4)]
=: [(492, 20, 1.0, 3), (392, 12, 1.0, 4), (505, 11, 1.0, 0), (387, 19, 1.0, 0), (394, 10, 1.0, 4), (359, 10, 1.0, 1), (510, 9, 1.0, 3), (502, 14, 1.0, 0), (740, 14, 1.0, 3), (653, 10, 1.0, 3), (399, 5, 1.0, 4), (398, 8, 1.0, 0), (396, 9, 1.0, 0), (506, 10, 1.0, 0), (739, 15, 1.0, 4), (734, 19, 1.0, 4)]
=: [(492, 20, 1.0, 3), (392, 12, 1.0, 4), (505, 11, 1.0, 0), (387, 19, 1.0, 0), (394, 10, 1.0, 4), (359, 10, 1.0, 1), (510, 9, 1.0, 3), (502, 14, 1.0, 0), (740, 14, 1.0, 3), (653, 10, 1.0, 3), (399, 5, 1.0, 4), (398, 8, 1.0, 0), (396, 9, 1.0, 0), (506, 10, 1.0, 0), (739, 15, 1.0, 4), (734, 19, 1.0, 4), (17, 3, 1.0, 4)]
=: [(492, 20, 1.0, 3), (392, 12, 1.0, 4), (505, 11, 1.0, 0), (387, 19, 1.0, 0), (394, 10, 1.0, 4), (359, 10, 1.0, 1), (510, 9, 1.0, 3), (502, 14, 1.0, 0), (740, 14, 1.0, 3), (653, 10, 1.0, 3), (399, 5, 1.0, 4), (398, 8, 1.0, 0), (396, 9, 1.0, 0), (506, 10, 1.0, 0), (739, 15, 1.0, 4), (734, 19, 1.0, 4), (17, 3, 1.0, 4), (423, 17, 1.0, 0)]
=: [(492, 20, 1.0, 3), (392, 12, 1.0, 4), (505, 11, 1.0, 0), (387, 19, 1.0, 0), (394, 10, 1.0, 4), (359, 10, 1.0, 1), (510, 9, 1.0, 3), (502, 14, 1.0, 0), (740, 14, 1.0, 3), (653, 10, 1.0, 3), (399, 5, 1.0, 4), (398, 8, 1.0, 0), (396, 9, 1.0, 0), (506, 10, 1.0, 0), (739, 15, 1.0, 4), (734, 19, 1.0, 4), (17, 3, 1.0, 4), (423, 17, 1.0, 0), (741, 13, 1.0, 3)]
using time: 12007.093960285187