>: [(855, 8, 0.84404761904761894, 1)]
>: [(47, 11, 0.96071428571428574, 0)]
>: [(148, 9, 0.97499999999999998, 0)]
>: [(69, 10, 0.98750000000000004, 0)]
=: [(69, 10, 0.98750000000000004, 0), (71, 11, 0.98750000000000004, 4)]
=: [(69, 10, 0.98750000000000004, 0), (71, 11, 0.98750000000000004, 4), (194, 18, 0.98750000000000004, 4)]
=: [(69, 10, 0.98750000000000004, 0), (71, 11, 0.98750000000000004, 4), (194, 18, 0.98750000000000004, 4), (176, 10, 0.98750000000000004, 4)]
=: [(69, 10, 0.98750000000000004, 0), (71, 11, 0.98750000000000004, 4), (194, 18, 0.98750000000000004, 4), (176, 10, 0.98750000000000004, 4), (126, 13, 0.98750000000000004, 4)]
>: [(117, 19, 1.0, 4)]
=: [(117, 19, 1.0, 4), (32, 9, 1.0, 3)]
=: [(117, 19, 1.0, 4), (32, 9, 1.0, 3), (197, 13, 1.0, 4)]
=: [(117, 19, 1.0, 4), (32, 9, 1.0, 3), (197, 13, 1.0, 4), (119, 17, 1.0, 4)]
=: [(117, 19, 1.0, 4), (32, 9, 1.0, 3), (197, 13, 1.0, 4), (119, 17, 1.0, 4), (30, 12, 1.0, 4)]
=: [(117, 19, 1.0, 4), (32, 9, 1.0, 3), (197, 13, 1.0, 4), (119, 17, 1.0, 4), (30, 12, 1.0, 4), (31, 10, 1.0, 3)]
=: [(117, 19, 1.0, 4), (32, 9, 1.0, 3), (197, 13, 1.0, 4), (119, 17, 1.0, 4), (30, 12, 1.0, 4), (31, 10, 1.0, 3), (33, 9, 1.0, 3)]
=: [(117, 19, 1.0, 4), (32, 9, 1.0, 3), (197, 13, 1.0, 4), (119, 17, 1.0, 4), (30, 12, 1.0, 4), (31, 10, 1.0, 3), (33, 9, 1.0, 3), (28, 12, 1.0, 4)]
=: [(117, 19, 1.0, 4), (32, 9, 1.0, 3), (197, 13, 1.0, 4), (119, 17, 1.0, 4), (30, 12, 1.0, 4), (31, 10, 1.0, 3), (33, 9, 1.0, 3), (28, 12, 1.0, 4), (196, 14, 1.0, 4)]
=: [(117, 19, 1.0, 4), (32, 9, 1.0, 3), (197, 13, 1.0, 4), (119, 17, 1.0, 4), (30, 12, 1.0, 4), (31, 10, 1.0, 3), (33, 9, 1.0, 3), (28, 12, 1.0, 4), (196, 14, 1.0, 4), (8, 8, 1.0, 4)]
=: [(117, 19, 1.0, 4), (32, 9, 1.0, 3), (197, 13, 1.0, 4), (119, 17, 1.0, 4), (30, 12, 1.0, 4), (31, 10, 1.0, 3), (33, 9, 1.0, 3), (28, 12, 1.0, 4), (196, 14, 1.0, 4), (8, 8, 1.0, 4), (256, 19, 1.0, 4)]
=: [(117, 19, 1.0, 4), (32, 9, 1.0, 3), (197, 13, 1.0, 4), (119, 17, 1.0, 4), (30, 12, 1.0, 4), (31, 10, 1.0, 3), (33, 9, 1.0, 3), (28, 12, 1.0, 4), (196, 14, 1.0, 4), (8, 8, 1.0, 4), (256, 19, 1.0, 4), (6, 7, 1.0, 3)]
=: [(117, 19, 1.0, 4), (32, 9, 1.0, 3), (197, 13, 1.0, 4), (119, 17, 1.0, 4), (30, 12, 1.0, 4), (31, 10, 1.0, 3), (33, 9, 1.0, 3), (28, 12, 1.0, 4), (196, 14, 1.0, 4), (8, 8, 1.0, 4), (256, 19, 1.0, 4), (6, 7, 1.0, 3), (4, 6, 1.0, 0)]
using time: 946.3769273757935