>: [(3953, 1, 0.65166666666666662, 3)]
>: [(855, 9, 0.80166666666666653, 4)]
>: [(47, 5, 1.0, 0)]
=: [(47, 5, 1.0, 0), (36, 10, 1.0, 0)]
=: [(47, 5, 1.0, 0), (36, 10, 1.0, 0), (208, 16, 1.0, 4)]
=: [(47, 5, 1.0, 0), (36, 10, 1.0, 0), (208, 16, 1.0, 4), (7, 12, 1.0, 0)]
=: [(47, 5, 1.0, 0), (36, 10, 1.0, 0), (208, 16, 1.0, 4), (7, 12, 1.0, 0), (37, 9, 1.0, 0)]
=: [(47, 5, 1.0, 0), (36, 10, 1.0, 0), (208, 16, 1.0, 4), (7, 12, 1.0, 0), (37, 9, 1.0, 0), (39, 6, 1.0, 4)]
=: [(47, 5, 1.0, 0), (36, 10, 1.0, 0), (208, 16, 1.0, 4), (7, 12, 1.0, 0), (37, 9, 1.0, 0), (39, 6, 1.0, 4), (1, 8, 1.0, 0)]
=: [(47, 5, 1.0, 0), (36, 10, 1.0, 0), (208, 16, 1.0, 4), (7, 12, 1.0, 0), (37, 9, 1.0, 0), (39, 6, 1.0, 4), (1, 8, 1.0, 0), (40, 6, 1.0, 0)]
=: [(47, 5, 1.0, 0), (36, 10, 1.0, 0), (208, 16, 1.0, 4), (7, 12, 1.0, 0), (37, 9, 1.0, 0), (39, 6, 1.0, 4), (1, 8, 1.0, 0), (40, 6, 1.0, 0), (46, 6, 1.0, 0)]
=: [(47, 5, 1.0, 0), (36, 10, 1.0, 0), (208, 16, 1.0, 4), (7, 12, 1.0, 0), (37, 9, 1.0, 0), (39, 6, 1.0, 4), (1, 8, 1.0, 0), (40, 6, 1.0, 0), (46, 6, 1.0, 0), (4, 5, 1.0, 0)]
=: [(47, 5, 1.0, 0), (36, 10, 1.0, 0), (208, 16, 1.0, 4), (7, 12, 1.0, 0), (37, 9, 1.0, 0), (39, 6, 1.0, 4), (1, 8, 1.0, 0), (40, 6, 1.0, 0), (46, 6, 1.0, 0), (4, 5, 1.0, 0), (48, 10, 1.0, 3)]
=: [(47, 5, 1.0, 0), (36, 10, 1.0, 0), (208, 16, 1.0, 4), (7, 12, 1.0, 0), (37, 9, 1.0, 0), (39, 6, 1.0, 4), (1, 8, 1.0, 0), (40, 6, 1.0, 0), (46, 6, 1.0, 0), (4, 5, 1.0, 0), (48, 10, 1.0, 3), (0, 9, 1.0, 4)]
using time: 1137.6071705818176