>: [(619, 12, 0.89166666666666683, 0)]
>: [(110, 12, 0.93154761904761918, 4)]
>: [(307, 21, 0.97499999999999998, 4)]
=: [(307, 21, 0.97499999999999998, 4), (143, 11, 0.97499999999999998, 4)]
>: [(95, 14, 0.98750000000000004, 1)]
>: [(8, 8, 1.0, 4)]
=: [(8, 8, 1.0, 4), (6, 7, 1.0, 3)]
=: [(8, 8, 1.0, 4), (6, 7, 1.0, 3), (119, 17, 1.0, 4)]
=: [(8, 8, 1.0, 4), (6, 7, 1.0, 3), (119, 17, 1.0, 4), (196, 14, 1.0, 4)]
=: [(8, 8, 1.0, 4), (6, 7, 1.0, 3), (119, 17, 1.0, 4), (196, 14, 1.0, 4), (122, 16, 1.0, 4)]
=: [(8, 8, 1.0, 4), (6, 7, 1.0, 3), (119, 17, 1.0, 4), (196, 14, 1.0, 4), (122, 16, 1.0, 4), (32, 9, 1.0, 3)]
using time: 894.5274028778076