>: [(1069, 1, 0.69761904761904758, 2)]
>: [(848, 7, 0.75952380952380949, 3)]
>: [(621, 9, 0.82380952380952377, 4)]
>: [(357, 7, 0.84047619047619049, 4)]
>: [(569, 13, 0.8738095238095237, 4)]
>: [(55, 5, 0.88571428571428579, 0)]
=: [(55, 5, 0.88571428571428579, 0), (281, 6, 0.88571428571428579, 1)]
>: [(127, 7, 0.90000000000000002, 1)]
>: [(105, 5, 0.90238095238095251, 4)]
=: [(105, 5, 0.90238095238095251, 4), (514, 16, 0.90238095238095251, 4)]
>: [(539, 19, 0.90476190476190477, 4)]
>: [(336, 18, 0.91666666666666674, 0)]
>: [(268, 17, 0.91904761904761911, 3)]
>: [(540, 17, 0.92142857142857149, 4)]
=: [(540, 17, 0.92142857142857149, 4), (408, 9, 0.92142857142857149, 3)]
using time: 624.0399351119995