>: [(2121, 2, 0.78154761904761894, 3)]
>: [(1521, 12, 0.90833333333333344, 4)]
>: [(1066, 20, 0.97499999999999998, 4)]
=: [(1066, 20, 0.97499999999999998, 4), (17, 21, 0.97499999999999998, 4)]
=: [(1066, 20, 0.97499999999999998, 4), (17, 21, 0.97499999999999998, 4), (33, 5, 0.97499999999999998, 0)]
=: [(1066, 20, 0.97499999999999998, 4), (17, 21, 0.97499999999999998, 4), (33, 5, 0.97499999999999998, 0), (45, 15, 0.97499999999999998, 0)]
>: [(104, 10, 0.98750000000000004, 0)]
=: [(104, 10, 0.98750000000000004, 0), (128, 11, 0.98750000000000004, 1)]
=: [(104, 10, 0.98750000000000004, 0), (128, 11, 0.98750000000000004, 1), (125, 11, 0.98750000000000004, 3)]
=: [(104, 10, 0.98750000000000004, 0), (128, 11, 0.98750000000000004, 1), (125, 11, 0.98750000000000004, 3), (94, 11, 0.98750000000000004, 1)]
=: [(104, 10, 0.98750000000000004, 0), (128, 11, 0.98750000000000004, 1), (125, 11, 0.98750000000000004, 3), (94, 11, 0.98750000000000004, 1), (106, 9, 0.98750000000000004, 0)]
=: [(104, 10, 0.98750000000000004, 0), (128, 11, 0.98750000000000004, 1), (125, 11, 0.98750000000000004, 3), (94, 11, 0.98750000000000004, 1), (106, 9, 0.98750000000000004, 0), (97, 11, 0.98750000000000004, 0)]
=: [(104, 10, 0.98750000000000004, 0), (128, 11, 0.98750000000000004, 1), (125, 11, 0.98750000000000004, 3), (94, 11, 0.98750000000000004, 1), (106, 9, 0.98750000000000004, 0), (97, 11, 0.98750000000000004, 0), (101, 13, 0.98750000000000004, 1)]
=: [(104, 10, 0.98750000000000004, 0), (128, 11, 0.98750000000000004, 1), (125, 11, 0.98750000000000004, 3), (94, 11, 0.98750000000000004, 1), (106, 9, 0.98750000000000004, 0), (97, 11, 0.98750000000000004, 0), (101, 13, 0.98750000000000004, 1), (100, 10, 0.98750000000000004, 3)]
=: [(104, 10, 0.98750000000000004, 0), (128, 11, 0.98750000000000004, 1), (125, 11, 0.98750000000000004, 3), (94, 11, 0.98750000000000004, 1), (106, 9, 0.98750000000000004, 0), (97, 11, 0.98750000000000004, 0), (101, 13, 0.98750000000000004, 1), (100, 10, 0.98750000000000004, 3), (365, 23, 0.98750000000000004, 4)]
=: [(104, 10, 0.98750000000000004, 0), (128, 11, 0.98750000000000004, 1), (125, 11, 0.98750000000000004, 3), (94, 11, 0.98750000000000004, 1), (106, 9, 0.98750000000000004, 0), (97, 11, 0.98750000000000004, 0), (101, 13, 0.98750000000000004, 1), (100, 10, 0.98750000000000004, 3), (365, 23, 0.98750000000000004, 4), (32, 11, 0.98750000000000004, 0)]
=: [(104, 10, 0.98750000000000004, 0), (128, 11, 0.98750000000000004, 1), (125, 11, 0.98750000000000004, 3), (94, 11, 0.98750000000000004, 1), (106, 9, 0.98750000000000004, 0), (97, 11, 0.98750000000000004, 0), (101, 13, 0.98750000000000004, 1), (100, 10, 0.98750000000000004, 3), (365, 23, 0.98750000000000004, 4), (32, 11, 0.98750000000000004, 0), (11, 6, 0.98750000000000004, 1)]
=: [(104, 10, 0.98750000000000004, 0), (128, 11, 0.98750000000000004, 1), (125, 11, 0.98750000000000004, 3), (94, 11, 0.98750000000000004, 1), (106, 9, 0.98750000000000004, 0), (97, 11, 0.98750000000000004, 0), (101, 13, 0.98750000000000004, 1), (100, 10, 0.98750000000000004, 3), (365, 23, 0.98750000000000004, 4), (32, 11, 0.98750000000000004, 0), (11, 6, 0.98750000000000004, 1), (98, 9, 0.98750000000000004, 1)]
=: [(104, 10, 0.98750000000000004, 0), (128, 11, 0.98750000000000004, 1), (125, 11, 0.98750000000000004, 3), (94, 11, 0.98750000000000004, 1), (106, 9, 0.98750000000000004, 0), (97, 11, 0.98750000000000004, 0), (101, 13, 0.98750000000000004, 1), (100, 10, 0.98750000000000004, 3), (365, 23, 0.98750000000000004, 4), (32, 11, 0.98750000000000004, 0), (11, 6, 0.98750000000000004, 1), (98, 9, 0.98750000000000004, 1), (130, 8, 0.98750000000000004, 1)]
using time: 1901.6965968608856