>: [(5305, 1, 0.80487804878048785, 0)]
>: [(2471, 3, 0.82926829268292679, 1)]
=: [(2471, 3, 0.82926829268292679, 1), (10664, 3, 0.82926829268292679, 2)]
=: [(2471, 3, 0.82926829268292679, 1), (10664, 3, 0.82926829268292679, 2), (791, 2, 0.82926829268292679, 1)]
=: [(2471, 3, 0.82926829268292679, 1), (10664, 3, 0.82926829268292679, 2), (791, 2, 0.82926829268292679, 1), (1186, 1, 0.82926829268292679, 1)]
=: [(2471, 3, 0.82926829268292679, 1), (10664, 3, 0.82926829268292679, 2), (791, 2, 0.82926829268292679, 1), (1186, 1, 0.82926829268292679, 1), (1542, 1, 0.82926829268292679, 2)]
=: [(2471, 3, 0.82926829268292679, 1), (10664, 3, 0.82926829268292679, 2), (791, 2, 0.82926829268292679, 1), (1186, 1, 0.82926829268292679, 1), (1542, 1, 0.82926829268292679, 2), (8313, 4, 0.82926829268292679, 3)]
=: [(2471, 3, 0.82926829268292679, 1), (10664, 3, 0.82926829268292679, 2), (791, 2, 0.82926829268292679, 1), (1186, 1, 0.82926829268292679, 1), (1542, 1, 0.82926829268292679, 2), (8313, 4, 0.82926829268292679, 3), (614, 4, 0.82926829268292679, 3)]
=: [(2471, 3, 0.82926829268292679, 1), (10664, 3, 0.82926829268292679, 2), (791, 2, 0.82926829268292679, 1), (1186, 1, 0.82926829268292679, 1), (1542, 1, 0.82926829268292679, 2), (8313, 4, 0.82926829268292679, 3), (614, 4, 0.82926829268292679, 3), (7104, 2, 0.82926829268292679, 1)]
=: [(2471, 3, 0.82926829268292679, 1), (10664, 3, 0.82926829268292679, 2), (791, 2, 0.82926829268292679, 1), (1186, 1, 0.82926829268292679, 1), (1542, 1, 0.82926829268292679, 2), (8313, 4, 0.82926829268292679, 3), (614, 4, 0.82926829268292679, 3), (7104, 2, 0.82926829268292679, 1), (1144, 3, 0.82926829268292679, 1)]
=: [(2471, 3, 0.82926829268292679, 1), (10664, 3, 0.82926829268292679, 2), (791, 2, 0.82926829268292679, 1), (1186, 1, 0.82926829268292679, 1), (1542, 1, 0.82926829268292679, 2), (8313, 4, 0.82926829268292679, 3), (614, 4, 0.82926829268292679, 3), (7104, 2, 0.82926829268292679, 1), (1144, 3, 0.82926829268292679, 1), (10279, 2, 0.82926829268292679, 1)]
=: [(2471, 3, 0.82926829268292679, 1), (10664, 3, 0.82926829268292679, 2), (791, 2, 0.82926829268292679, 1), (1186, 1, 0.82926829268292679, 1), (1542, 1, 0.82926829268292679, 2), (8313, 4, 0.82926829268292679, 3), (614, 4, 0.82926829268292679, 3), (7104, 2, 0.82926829268292679, 1), (1144, 3, 0.82926829268292679, 1), (10279, 2, 0.82926829268292679, 1), (3622, 1, 0.82926829268292679, 1)]
=: [(2471, 3, 0.82926829268292679, 1), (10664, 3, 0.82926829268292679, 2), (791, 2, 0.82926829268292679, 1), (1186, 1, 0.82926829268292679, 1), (1542, 1, 0.82926829268292679, 2), (8313, 4, 0.82926829268292679, 3), (614, 4, 0.82926829268292679, 3), (7104, 2, 0.82926829268292679, 1), (1144, 3, 0.82926829268292679, 1), (10279, 2, 0.82926829268292679, 1), (3622, 1, 0.82926829268292679, 1), (763, 3, 0.82926829268292679, 1)]
>: [(4744, 2, 0.87804878048780488, 1)]
=: [(4744, 2, 0.87804878048780488, 1), (10467, 5, 0.87804878048780488, 1)]
=: [(4744, 2, 0.87804878048780488, 1), (10467, 5, 0.87804878048780488, 1), (197, 1, 0.87804878048780488, 1)]
=: [(4744, 2, 0.87804878048780488, 1), (10467, 5, 0.87804878048780488, 1), (197, 1, 0.87804878048780488, 1), (1407, 4, 0.87804878048780488, 1)]
=: [(4744, 2, 0.87804878048780488, 1), (10467, 5, 0.87804878048780488, 1), (197, 1, 0.87804878048780488, 1), (1407, 4, 0.87804878048780488, 1), (8654, 3, 0.87804878048780488, 2)]
=: [(4744, 2, 0.87804878048780488, 1), (10467, 5, 0.87804878048780488, 1), (197, 1, 0.87804878048780488, 1), (1407, 4, 0.87804878048780488, 1), (8654, 3, 0.87804878048780488, 2), (4984, 1, 0.87804878048780488, 2)]
=: [(4744, 2, 0.87804878048780488, 1), (10467, 5, 0.87804878048780488, 1), (197, 1, 0.87804878048780488, 1), (1407, 4, 0.87804878048780488, 1), (8654, 3, 0.87804878048780488, 2), (4984, 1, 0.87804878048780488, 2), (3846, 1, 0.87804878048780488, 1)]
=: [(4744, 2, 0.87804878048780488, 1), (10467, 5, 0.87804878048780488, 1), (197, 1, 0.87804878048780488, 1), (1407, 4, 0.87804878048780488, 1), (8654, 3, 0.87804878048780488, 2), (4984, 1, 0.87804878048780488, 2), (3846, 1, 0.87804878048780488, 1), (1257, 5, 0.87804878048780488, 1)]
=: [(4744, 2, 0.87804878048780488, 1), (10467, 5, 0.87804878048780488, 1), (197, 1, 0.87804878048780488, 1), (1407, 4, 0.87804878048780488, 1), (8654, 3, 0.87804878048780488, 2), (4984, 1, 0.87804878048780488, 2), (3846, 1, 0.87804878048780488, 1), (1257, 5, 0.87804878048780488, 1), (1406, 5, 0.87804878048780488, 1)]
=: [(4744, 2, 0.87804878048780488, 1), (10467, 5, 0.87804878048780488, 1), (197, 1, 0.87804878048780488, 1), (1407, 4, 0.87804878048780488, 1), (8654, 3, 0.87804878048780488, 2), (4984, 1, 0.87804878048780488, 2), (3846, 1, 0.87804878048780488, 1), (1257, 5, 0.87804878048780488, 1), (1406, 5, 0.87804878048780488, 1), (2322, 4, 0.87804878048780488, 1)]
=: [(4744, 2, 0.87804878048780488, 1), (10467, 5, 0.87804878048780488, 1), (197, 1, 0.87804878048780488, 1), (1407, 4, 0.87804878048780488, 1), (8654, 3, 0.87804878048780488, 2), (4984, 1, 0.87804878048780488, 2), (3846, 1, 0.87804878048780488, 1), (1257, 5, 0.87804878048780488, 1), (1406, 5, 0.87804878048780488, 1), (2322, 4, 0.87804878048780488, 1), (2270, 5, 0.87804878048780488, 2)]
=: [(4744, 2, 0.87804878048780488, 1), (10467, 5, 0.87804878048780488, 1), (197, 1, 0.87804878048780488, 1), (1407, 4, 0.87804878048780488, 1), (8654, 3, 0.87804878048780488, 2), (4984, 1, 0.87804878048780488, 2), (3846, 1, 0.87804878048780488, 1), (1257, 5, 0.87804878048780488, 1), (1406, 5, 0.87804878048780488, 1), (2322, 4, 0.87804878048780488, 1), (2270, 5, 0.87804878048780488, 2), (4029, 1, 0.87804878048780488, 2)]
>: [(5885, 3, 0.92682926829268297, 2)]
using time: 421.55372047424316