>: [(5305, 1, 0.73333333333333328, 0)]
>: [(2471, 3, 0.76666666666666672, 4)]
>: [(791, 5, 0.83333333333333337, 1)]
=: [(791, 5, 0.83333333333333337, 1), (1186, 1, 0.83333333333333337, 1)]
=: [(791, 5, 0.83333333333333337, 1), (1186, 1, 0.83333333333333337, 1), (5991, 1, 0.83333333333333337, 2)]
>: [(614, 6, 0.8666666666666667, 4)]
>: [(763, 5, 0.90000000000000002, 3)]
=: [(763, 5, 0.90000000000000002, 3), (642, 4, 0.90000000000000002, 2)]
=: [(763, 5, 0.90000000000000002, 3), (642, 4, 0.90000000000000002, 2), (369, 6, 0.90000000000000002, 2)]
=: [(763, 5, 0.90000000000000002, 3), (642, 4, 0.90000000000000002, 2), (369, 6, 0.90000000000000002, 2), (67, 5, 0.90000000000000002, 1)]
>: [(3, 7, 1.0, 3)]
=: [(3, 7, 1.0, 3), (61, 7, 1.0, 2)]
=: [(3, 7, 1.0, 3), (61, 7, 1.0, 2), (6, 5, 1.0, 3)]
=: [(3, 7, 1.0, 3), (61, 7, 1.0, 2), (6, 5, 1.0, 3), (5, 5, 1.0, 3)]
=: [(3, 7, 1.0, 3), (61, 7, 1.0, 2), (6, 5, 1.0, 3), (5, 5, 1.0, 3), (0, 2, 1.0, 3)]
using time: 452.59177589416504