>: [(2652, 1, 0.69999999999999996, 0)]
=: [(2652, 1, 0.69999999999999996, 0), (3234, 3, 0.69999999999999996, 2)]
=: [(2652, 1, 0.69999999999999996, 0), (3234, 3, 0.69999999999999996, 2), (5332, 1, 0.69999999999999996, 0)]
>: [(395, 2, 0.75, 3)]
=: [(395, 2, 0.75, 3), (593, 3, 0.75, 4)]
=: [(395, 2, 0.75, 3), (593, 3, 0.75, 4), (4389, 3, 0.75, 3)]
>: [(771, 1, 0.84999999999999998, 1)]
=: [(771, 1, 0.84999999999999998, 1), (4632, 2, 0.84999999999999998, 1)]
=: [(771, 1, 0.84999999999999998, 1), (4632, 2, 0.84999999999999998, 1), (406, 5, 0.84999999999999998, 2)]
=: [(771, 1, 0.84999999999999998, 1), (4632, 2, 0.84999999999999998, 1), (406, 5, 0.84999999999999998, 2), (964, 1, 0.84999999999999998, 2)]
=: [(771, 1, 0.84999999999999998, 1), (4632, 2, 0.84999999999999998, 1), (406, 5, 0.84999999999999998, 2), (964, 1, 0.84999999999999998, 2), (766, 6, 0.84999999999999998, 1)]
>: [(5710, 1, 0.90000000000000002, 2)]
=: [(5710, 1, 0.90000000000000002, 2), (3526, 5, 0.90000000000000002, 1)]
=: [(5710, 1, 0.90000000000000002, 2), (3526, 5, 0.90000000000000002, 1), (116, 2, 0.90000000000000002, 1)]
=: [(5710, 1, 0.90000000000000002, 2), (3526, 5, 0.90000000000000002, 1), (116, 2, 0.90000000000000002, 1), (345, 9, 0.90000000000000002, 4)]
=: [(5710, 1, 0.90000000000000002, 2), (3526, 5, 0.90000000000000002, 1), (116, 2, 0.90000000000000002, 1), (345, 9, 0.90000000000000002, 4), (1655, 4, 0.90000000000000002, 1)]
=: [(5710, 1, 0.90000000000000002, 2), (3526, 5, 0.90000000000000002, 1), (116, 2, 0.90000000000000002, 1), (345, 9, 0.90000000000000002, 4), (1655, 4, 0.90000000000000002, 1), (11, 1, 0.90000000000000002, 3)]
=: [(5710, 1, 0.90000000000000002, 2), (3526, 5, 0.90000000000000002, 1), (116, 2, 0.90000000000000002, 1), (345, 9, 0.90000000000000002, 4), (1655, 4, 0.90000000000000002, 1), (11, 1, 0.90000000000000002, 3), (3973, 2, 0.90000000000000002, 2)]
=: [(5710, 1, 0.90000000000000002, 2), (3526, 5, 0.90000000000000002, 1), (116, 2, 0.90000000000000002, 1), (345, 9, 0.90000000000000002, 4), (1655, 4, 0.90000000000000002, 1), (11, 1, 0.90000000000000002, 3), (3973, 2, 0.90000000000000002, 2), (1282, 1, 0.90000000000000002, 1)]
=: [(5710, 1, 0.90000000000000002, 2), (3526, 5, 0.90000000000000002, 1), (116, 2, 0.90000000000000002, 1), (345, 9, 0.90000000000000002, 4), (1655, 4, 0.90000000000000002, 1), (11, 1, 0.90000000000000002, 3), (3973, 2, 0.90000000000000002, 2), (1282, 1, 0.90000000000000002, 1), (2947, 4, 0.90000000000000002, 1)]
=: [(5710, 1, 0.90000000000000002, 2), (3526, 5, 0.90000000000000002, 1), (116, 2, 0.90000000000000002, 1), (345, 9, 0.90000000000000002, 4), (1655, 4, 0.90000000000000002, 1), (11, 1, 0.90000000000000002, 3), (3973, 2, 0.90000000000000002, 2), (1282, 1, 0.90000000000000002, 1), (2947, 4, 0.90000000000000002, 1), (958, 5, 0.90000000000000002, 1)]
=: [(5710, 1, 0.90000000000000002, 2), (3526, 5, 0.90000000000000002, 1), (116, 2, 0.90000000000000002, 1), (345, 9, 0.90000000000000002, 4), (1655, 4, 0.90000000000000002, 1), (11, 1, 0.90000000000000002, 3), (3973, 2, 0.90000000000000002, 2), (1282, 1, 0.90000000000000002, 1), (2947, 4, 0.90000000000000002, 1), (958, 5, 0.90000000000000002, 1), (769, 5, 0.90000000000000002, 4)]
=: [(5710, 1, 0.90000000000000002, 2), (3526, 5, 0.90000000000000002, 1), (116, 2, 0.90000000000000002, 1), (345, 9, 0.90000000000000002, 4), (1655, 4, 0.90000000000000002, 1), (11, 1, 0.90000000000000002, 3), (3973, 2, 0.90000000000000002, 2), (1282, 1, 0.90000000000000002, 1), (2947, 4, 0.90000000000000002, 1), (958, 5, 0.90000000000000002, 1), (769, 5, 0.90000000000000002, 4), (431, 2, 0.90000000000000002, 1)]
=: [(5710, 1, 0.90000000000000002, 2), (3526, 5, 0.90000000000000002, 1), (116, 2, 0.90000000000000002, 1), (345, 9, 0.90000000000000002, 4), (1655, 4, 0.90000000000000002, 1), (11, 1, 0.90000000000000002, 3), (3973, 2, 0.90000000000000002, 2), (1282, 1, 0.90000000000000002, 1), (2947, 4, 0.90000000000000002, 1), (958, 5, 0.90000000000000002, 1), (769, 5, 0.90000000000000002, 4), (431, 2, 0.90000000000000002, 1), (127, 9, 0.90000000000000002, 4)]
=: [(5710, 1, 0.90000000000000002, 2), (3526, 5, 0.90000000000000002, 1), (116, 2, 0.90000000000000002, 1), (345, 9, 0.90000000000000002, 4), (1655, 4, 0.90000000000000002, 1), (11, 1, 0.90000000000000002, 3), (3973, 2, 0.90000000000000002, 2), (1282, 1, 0.90000000000000002, 1), (2947, 4, 0.90000000000000002, 1), (958, 5, 0.90000000000000002, 1), (769, 5, 0.90000000000000002, 4), (431, 2, 0.90000000000000002, 1), (127, 9, 0.90000000000000002, 4), (145, 9, 0.90000000000000002, 1)]
=: [(5710, 1, 0.90000000000000002, 2), (3526, 5, 0.90000000000000002, 1), (116, 2, 0.90000000000000002, 1), (345, 9, 0.90000000000000002, 4), (1655, 4, 0.90000000000000002, 1), (11, 1, 0.90000000000000002, 3), (3973, 2, 0.90000000000000002, 2), (1282, 1, 0.90000000000000002, 1), (2947, 4, 0.90000000000000002, 1), (958, 5, 0.90000000000000002, 1), (769, 5, 0.90000000000000002, 4), (431, 2, 0.90000000000000002, 1), (127, 9, 0.90000000000000002, 4), (145, 9, 0.90000000000000002, 1), (126, 10, 0.90000000000000002, 4)]
=: [(5710, 1, 0.90000000000000002, 2), (3526, 5, 0.90000000000000002, 1), (116, 2, 0.90000000000000002, 1), (345, 9, 0.90000000000000002, 4), (1655, 4, 0.90000000000000002, 1), (11, 1, 0.90000000000000002, 3), (3973, 2, 0.90000000000000002, 2), (1282, 1, 0.90000000000000002, 1), (2947, 4, 0.90000000000000002, 1), (958, 5, 0.90000000000000002, 1), (769, 5, 0.90000000000000002, 4), (431, 2, 0.90000000000000002, 1), (127, 9, 0.90000000000000002, 4), (145, 9, 0.90000000000000002, 1), (126, 10, 0.90000000000000002, 4), (770, 4, 0.90000000000000002, 4)]
=: [(5710, 1, 0.90000000000000002, 2), (3526, 5, 0.90000000000000002, 1), (116, 2, 0.90000000000000002, 1), (345, 9, 0.90000000000000002, 4), (1655, 4, 0.90000000000000002, 1), (11, 1, 0.90000000000000002, 3), (3973, 2, 0.90000000000000002, 2), (1282, 1, 0.90000000000000002, 1), (2947, 4, 0.90000000000000002, 1), (958, 5, 0.90000000000000002, 1), (769, 5, 0.90000000000000002, 4), (431, 2, 0.90000000000000002, 1), (127, 9, 0.90000000000000002, 4), (145, 9, 0.90000000000000002, 1), (126, 10, 0.90000000000000002, 4), (770, 4, 0.90000000000000002, 4), (275, 6, 0.90000000000000002, 4)]
=: [(5710, 1, 0.90000000000000002, 2), (3526, 5, 0.90000000000000002, 1), (116, 2, 0.90000000000000002, 1), (345, 9, 0.90000000000000002, 4), (1655, 4, 0.90000000000000002, 1), (11, 1, 0.90000000000000002, 3), (3973, 2, 0.90000000000000002, 2), (1282, 1, 0.90000000000000002, 1), (2947, 4, 0.90000000000000002, 1), (958, 5, 0.90000000000000002, 1), (769, 5, 0.90000000000000002, 4), (431, 2, 0.90000000000000002, 1), (127, 9, 0.90000000000000002, 4), (145, 9, 0.90000000000000002, 1), (126, 10, 0.90000000000000002, 4), (770, 4, 0.90000000000000002, 4), (275, 6, 0.90000000000000002, 4), (1172, 9, 0.90000000000000002, 4)]
=: [(5710, 1, 0.90000000000000002, 2), (3526, 5, 0.90000000000000002, 1), (116, 2, 0.90000000000000002, 1), (345, 9, 0.90000000000000002, 4), (1655, 4, 0.90000000000000002, 1), (11, 1, 0.90000000000000002, 3), (3973, 2, 0.90000000000000002, 2), (1282, 1, 0.90000000000000002, 1), (2947, 4, 0.90000000000000002, 1), (958, 5, 0.90000000000000002, 1), (769, 5, 0.90000000000000002, 4), (431, 2, 0.90000000000000002, 1), (127, 9, 0.90000000000000002, 4), (145, 9, 0.90000000000000002, 1), (126, 10, 0.90000000000000002, 4), (770, 4, 0.90000000000000002, 4), (275, 6, 0.90000000000000002, 4), (1172, 9, 0.90000000000000002, 4), (501, 6, 0.90000000000000002, 4)]
using time: 256.6425938606262