>: [(2652, 3, 0.88, 3)]
=: [(2652, 3, 0.88, 3), (1235, 4, 0.88, 1)]
=: [(2652, 3, 0.88, 3), (1235, 4, 0.88, 1), (395, 3, 0.88, 1)]
=: [(2652, 3, 0.88, 3), (1235, 4, 0.88, 1), (395, 3, 0.88, 1), (771, 2, 0.88, 1)]
>: [(307, 6, 0.95999999999999996, 0)]
=: [(307, 6, 0.95999999999999996, 0), (704, 8, 0.95999999999999996, 3)]
>: [(484, 7, 1.0, 1)]
=: [(484, 7, 1.0, 1), (506, 8, 1.0, 3)]
=: [(484, 7, 1.0, 1), (506, 8, 1.0, 3), (321, 8, 1.0, 3)]
=: [(484, 7, 1.0, 1), (506, 8, 1.0, 3), (321, 8, 1.0, 3), (532, 4, 1.0, 3)]
=: [(484, 7, 1.0, 1), (506, 8, 1.0, 3), (321, 8, 1.0, 3), (532, 4, 1.0, 3), (98, 3, 1.0, 2)]
=: [(484, 7, 1.0, 1), (506, 8, 1.0, 3), (321, 8, 1.0, 3), (532, 4, 1.0, 3), (98, 3, 1.0, 2), (33, 5, 1.0, 0)]
=: [(484, 7, 1.0, 1), (506, 8, 1.0, 3), (321, 8, 1.0, 3), (532, 4, 1.0, 3), (98, 3, 1.0, 2), (33, 5, 1.0, 0), (1, 3, 1.0, 0)]
=: [(484, 7, 1.0, 1), (506, 8, 1.0, 3), (321, 8, 1.0, 3), (532, 4, 1.0, 3), (98, 3, 1.0, 2), (33, 5, 1.0, 0), (1, 3, 1.0, 0), (208, 4, 1.0, 1)]
=: [(484, 7, 1.0, 1), (506, 8, 1.0, 3), (321, 8, 1.0, 3), (532, 4, 1.0, 3), (98, 3, 1.0, 2), (33, 5, 1.0, 0), (1, 3, 1.0, 0), (208, 4, 1.0, 1), (15, 4, 1.0, 3)]
=: [(484, 7, 1.0, 1), (506, 8, 1.0, 3), (321, 8, 1.0, 3), (532, 4, 1.0, 3), (98, 3, 1.0, 2), (33, 5, 1.0, 0), (1, 3, 1.0, 0), (208, 4, 1.0, 1), (15, 4, 1.0, 3), (175, 6, 1.0, 3)]
=: [(484, 7, 1.0, 1), (506, 8, 1.0, 3), (321, 8, 1.0, 3), (532, 4, 1.0, 3), (98, 3, 1.0, 2), (33, 5, 1.0, 0), (1, 3, 1.0, 0), (208, 4, 1.0, 1), (15, 4, 1.0, 3), (175, 6, 1.0, 3), (159, 3, 1.0, 3)]
=: [(484, 7, 1.0, 1), (506, 8, 1.0, 3), (321, 8, 1.0, 3), (532, 4, 1.0, 3), (98, 3, 1.0, 2), (33, 5, 1.0, 0), (1, 3, 1.0, 0), (208, 4, 1.0, 1), (15, 4, 1.0, 3), (175, 6, 1.0, 3), (159, 3, 1.0, 3), (137, 5, 1.0, 0)]
=: [(484, 7, 1.0, 1), (506, 8, 1.0, 3), (321, 8, 1.0, 3), (532, 4, 1.0, 3), (98, 3, 1.0, 2), (33, 5, 1.0, 0), (1, 3, 1.0, 0), (208, 4, 1.0, 1), (15, 4, 1.0, 3), (175, 6, 1.0, 3), (159, 3, 1.0, 3), (137, 5, 1.0, 0), (94, 8, 1.0, 3)]
=: [(484, 7, 1.0, 1), (506, 8, 1.0, 3), (321, 8, 1.0, 3), (532, 4, 1.0, 3), (98, 3, 1.0, 2), (33, 5, 1.0, 0), (1, 3, 1.0, 0), (208, 4, 1.0, 1), (15, 4, 1.0, 3), (175, 6, 1.0, 3), (159, 3, 1.0, 3), (137, 5, 1.0, 0), (94, 8, 1.0, 3), (151, 3, 1.0, 3)]
=: [(484, 7, 1.0, 1), (506, 8, 1.0, 3), (321, 8, 1.0, 3), (532, 4, 1.0, 3), (98, 3, 1.0, 2), (33, 5, 1.0, 0), (1, 3, 1.0, 0), (208, 4, 1.0, 1), (15, 4, 1.0, 3), (175, 6, 1.0, 3), (159, 3, 1.0, 3), (137, 5, 1.0, 0), (94, 8, 1.0, 3), (151, 3, 1.0, 3), (29, 4, 1.0, 3)]
=: [(484, 7, 1.0, 1), (506, 8, 1.0, 3), (321, 8, 1.0, 3), (532, 4, 1.0, 3), (98, 3, 1.0, 2), (33, 5, 1.0, 0), (1, 3, 1.0, 0), (208, 4, 1.0, 1), (15, 4, 1.0, 3), (175, 6, 1.0, 3), (159, 3, 1.0, 3), (137, 5, 1.0, 0), (94, 8, 1.0, 3), (151, 3, 1.0, 3), (29, 4, 1.0, 3), (131, 2, 1.0, 1)]
=: [(484, 7, 1.0, 1), (506, 8, 1.0, 3), (321, 8, 1.0, 3), (532, 4, 1.0, 3), (98, 3, 1.0, 2), (33, 5, 1.0, 0), (1, 3, 1.0, 0), (208, 4, 1.0, 1), (15, 4, 1.0, 3), (175, 6, 1.0, 3), (159, 3, 1.0, 3), (137, 5, 1.0, 0), (94, 8, 1.0, 3), (151, 3, 1.0, 3), (29, 4, 1.0, 3), (131, 2, 1.0, 1), (154, 8, 1.0, 3)]
=: [(484, 7, 1.0, 1), (506, 8, 1.0, 3), (321, 8, 1.0, 3), (532, 4, 1.0, 3), (98, 3, 1.0, 2), (33, 5, 1.0, 0), (1, 3, 1.0, 0), (208, 4, 1.0, 1), (15, 4, 1.0, 3), (175, 6, 1.0, 3), (159, 3, 1.0, 3), (137, 5, 1.0, 0), (94, 8, 1.0, 3), (151, 3, 1.0, 3), (29, 4, 1.0, 3), (131, 2, 1.0, 1), (154, 8, 1.0, 3), (27, 6, 1.0, 3)]
=: [(484, 7, 1.0, 1), (506, 8, 1.0, 3), (321, 8, 1.0, 3), (532, 4, 1.0, 3), (98, 3, 1.0, 2), (33, 5, 1.0, 0), (1, 3, 1.0, 0), (208, 4, 1.0, 1), (15, 4, 1.0, 3), (175, 6, 1.0, 3), (159, 3, 1.0, 3), (137, 5, 1.0, 0), (94, 8, 1.0, 3), (151, 3, 1.0, 3), (29, 4, 1.0, 3), (131, 2, 1.0, 1), (154, 8, 1.0, 3), (27, 6, 1.0, 3), (102, 7, 1.0, 3)]
=: [(484, 7, 1.0, 1), (506, 8, 1.0, 3), (321, 8, 1.0, 3), (532, 4, 1.0, 3), (98, 3, 1.0, 2), (33, 5, 1.0, 0), (1, 3, 1.0, 0), (208, 4, 1.0, 1), (15, 4, 1.0, 3), (175, 6, 1.0, 3), (159, 3, 1.0, 3), (137, 5, 1.0, 0), (94, 8, 1.0, 3), (151, 3, 1.0, 3), (29, 4, 1.0, 3), (131, 2, 1.0, 1), (154, 8, 1.0, 3), (27, 6, 1.0, 3), (102, 7, 1.0, 3), (143, 6, 1.0, 0)]
=: [(484, 7, 1.0, 1), (506, 8, 1.0, 3), (321, 8, 1.0, 3), (532, 4, 1.0, 3), (98, 3, 1.0, 2), (33, 5, 1.0, 0), (1, 3, 1.0, 0), (208, 4, 1.0, 1), (15, 4, 1.0, 3), (175, 6, 1.0, 3), (159, 3, 1.0, 3), (137, 5, 1.0, 0), (94, 8, 1.0, 3), (151, 3, 1.0, 3), (29, 4, 1.0, 3), (131, 2, 1.0, 1), (154, 8, 1.0, 3), (27, 6, 1.0, 3), (102, 7, 1.0, 3), (143, 6, 1.0, 0), (203, 6, 1.0, 0)]
=: [(484, 7, 1.0, 1), (506, 8, 1.0, 3), (321, 8, 1.0, 3), (532, 4, 1.0, 3), (98, 3, 1.0, 2), (33, 5, 1.0, 0), (1, 3, 1.0, 0), (208, 4, 1.0, 1), (15, 4, 1.0, 3), (175, 6, 1.0, 3), (159, 3, 1.0, 3), (137, 5, 1.0, 0), (94, 8, 1.0, 3), (151, 3, 1.0, 3), (29, 4, 1.0, 3), (131, 2, 1.0, 1), (154, 8, 1.0, 3), (27, 6, 1.0, 3), (102, 7, 1.0, 3), (143, 6, 1.0, 0), (203, 6, 1.0, 0), (1152, 5, 1.0, 4)]
=: [(484, 7, 1.0, 1), (506, 8, 1.0, 3), (321, 8, 1.0, 3), (532, 4, 1.0, 3), (98, 3, 1.0, 2), (33, 5, 1.0, 0), (1, 3, 1.0, 0), (208, 4, 1.0, 1), (15, 4, 1.0, 3), (175, 6, 1.0, 3), (159, 3, 1.0, 3), (137, 5, 1.0, 0), (94, 8, 1.0, 3), (151, 3, 1.0, 3), (29, 4, 1.0, 3), (131, 2, 1.0, 1), (154, 8, 1.0, 3), (27, 6, 1.0, 3), (102, 7, 1.0, 3), (143, 6, 1.0, 0), (203, 6, 1.0, 0), (1152, 5, 1.0, 4), (96, 5, 1.0, 1)]
=: [(484, 7, 1.0, 1), (506, 8, 1.0, 3), (321, 8, 1.0, 3), (532, 4, 1.0, 3), (98, 3, 1.0, 2), (33, 5, 1.0, 0), (1, 3, 1.0, 0), (208, 4, 1.0, 1), (15, 4, 1.0, 3), (175, 6, 1.0, 3), (159, 3, 1.0, 3), (137, 5, 1.0, 0), (94, 8, 1.0, 3), (151, 3, 1.0, 3), (29, 4, 1.0, 3), (131, 2, 1.0, 1), (154, 8, 1.0, 3), (27, 6, 1.0, 3), (102, 7, 1.0, 3), (143, 6, 1.0, 0), (203, 6, 1.0, 0), (1152, 5, 1.0, 4), (96, 5, 1.0, 1), (1655, 11, 1.0, 1)]
=: [(484, 7, 1.0, 1), (506, 8, 1.0, 3), (321, 8, 1.0, 3), (532, 4, 1.0, 3), (98, 3, 1.0, 2), (33, 5, 1.0, 0), (1, 3, 1.0, 0), (208, 4, 1.0, 1), (15, 4, 1.0, 3), (175, 6, 1.0, 3), (159, 3, 1.0, 3), (137, 5, 1.0, 0), (94, 8, 1.0, 3), (151, 3, 1.0, 3), (29, 4, 1.0, 3), (131, 2, 1.0, 1), (154, 8, 1.0, 3), (27, 6, 1.0, 3), (102, 7, 1.0, 3), (143, 6, 1.0, 0), (203, 6, 1.0, 0), (1152, 5, 1.0, 4), (96, 5, 1.0, 1), (1655, 11, 1.0, 1), (178, 5, 1.0, 1)]
=: [(484, 7, 1.0, 1), (506, 8, 1.0, 3), (321, 8, 1.0, 3), (532, 4, 1.0, 3), (98, 3, 1.0, 2), (33, 5, 1.0, 0), (1, 3, 1.0, 0), (208, 4, 1.0, 1), (15, 4, 1.0, 3), (175, 6, 1.0, 3), (159, 3, 1.0, 3), (137, 5, 1.0, 0), (94, 8, 1.0, 3), (151, 3, 1.0, 3), (29, 4, 1.0, 3), (131, 2, 1.0, 1), (154, 8, 1.0, 3), (27, 6, 1.0, 3), (102, 7, 1.0, 3), (143, 6, 1.0, 0), (203, 6, 1.0, 0), (1152, 5, 1.0, 4), (96, 5, 1.0, 1), (1655, 11, 1.0, 1), (178, 5, 1.0, 1), (11, 3, 1.0, 0)]
=: [(484, 7, 1.0, 1), (506, 8, 1.0, 3), (321, 8, 1.0, 3), (532, 4, 1.0, 3), (98, 3, 1.0, 2), (33, 5, 1.0, 0), (1, 3, 1.0, 0), (208, 4, 1.0, 1), (15, 4, 1.0, 3), (175, 6, 1.0, 3), (159, 3, 1.0, 3), (137, 5, 1.0, 0), (94, 8, 1.0, 3), (151, 3, 1.0, 3), (29, 4, 1.0, 3), (131, 2, 1.0, 1), (154, 8, 1.0, 3), (27, 6, 1.0, 3), (102, 7, 1.0, 3), (143, 6, 1.0, 0), (203, 6, 1.0, 0), (1152, 5, 1.0, 4), (96, 5, 1.0, 1), (1655, 11, 1.0, 1), (178, 5, 1.0, 1), (11, 3, 1.0, 0), (664, 6, 1.0, 1)]
=: [(484, 7, 1.0, 1), (506, 8, 1.0, 3), (321, 8, 1.0, 3), (532, 4, 1.0, 3), (98, 3, 1.0, 2), (33, 5, 1.0, 0), (1, 3, 1.0, 0), (208, 4, 1.0, 1), (15, 4, 1.0, 3), (175, 6, 1.0, 3), (159, 3, 1.0, 3), (137, 5, 1.0, 0), (94, 8, 1.0, 3), (151, 3, 1.0, 3), (29, 4, 1.0, 3), (131, 2, 1.0, 1), (154, 8, 1.0, 3), (27, 6, 1.0, 3), (102, 7, 1.0, 3), (143, 6, 1.0, 0), (203, 6, 1.0, 0), (1152, 5, 1.0, 4), (96, 5, 1.0, 1), (1655, 11, 1.0, 1), (178, 5, 1.0, 1), (11, 3, 1.0, 0), (664, 6, 1.0, 1), (55, 3, 1.0, 2)]
=: [(484, 7, 1.0, 1), (506, 8, 1.0, 3), (321, 8, 1.0, 3), (532, 4, 1.0, 3), (98, 3, 1.0, 2), (33, 5, 1.0, 0), (1, 3, 1.0, 0), (208, 4, 1.0, 1), (15, 4, 1.0, 3), (175, 6, 1.0, 3), (159, 3, 1.0, 3), (137, 5, 1.0, 0), (94, 8, 1.0, 3), (151, 3, 1.0, 3), (29, 4, 1.0, 3), (131, 2, 1.0, 1), (154, 8, 1.0, 3), (27, 6, 1.0, 3), (102, 7, 1.0, 3), (143, 6, 1.0, 0), (203, 6, 1.0, 0), (1152, 5, 1.0, 4), (96, 5, 1.0, 1), (1655, 11, 1.0, 1), (178, 5, 1.0, 1), (11, 3, 1.0, 0), (664, 6, 1.0, 1), (55, 3, 1.0, 2), (30, 2, 1.0, 3)]
=: [(484, 7, 1.0, 1), (506, 8, 1.0, 3), (321, 8, 1.0, 3), (532, 4, 1.0, 3), (98, 3, 1.0, 2), (33, 5, 1.0, 0), (1, 3, 1.0, 0), (208, 4, 1.0, 1), (15, 4, 1.0, 3), (175, 6, 1.0, 3), (159, 3, 1.0, 3), (137, 5, 1.0, 0), (94, 8, 1.0, 3), (151, 3, 1.0, 3), (29, 4, 1.0, 3), (131, 2, 1.0, 1), (154, 8, 1.0, 3), (27, 6, 1.0, 3), (102, 7, 1.0, 3), (143, 6, 1.0, 0), (203, 6, 1.0, 0), (1152, 5, 1.0, 4), (96, 5, 1.0, 1), (1655, 11, 1.0, 1), (178, 5, 1.0, 1), (11, 3, 1.0, 0), (664, 6, 1.0, 1), (55, 3, 1.0, 2), (30, 2, 1.0, 3), (36, 2, 1.0, 3)]
=: [(484, 7, 1.0, 1), (506, 8, 1.0, 3), (321, 8, 1.0, 3), (532, 4, 1.0, 3), (98, 3, 1.0, 2), (33, 5, 1.0, 0), (1, 3, 1.0, 0), (208, 4, 1.0, 1), (15, 4, 1.0, 3), (175, 6, 1.0, 3), (159, 3, 1.0, 3), (137, 5, 1.0, 0), (94, 8, 1.0, 3), (151, 3, 1.0, 3), (29, 4, 1.0, 3), (131, 2, 1.0, 1), (154, 8, 1.0, 3), (27, 6, 1.0, 3), (102, 7, 1.0, 3), (143, 6, 1.0, 0), (203, 6, 1.0, 0), (1152, 5, 1.0, 4), (96, 5, 1.0, 1), (1655, 11, 1.0, 1), (178, 5, 1.0, 1), (11, 3, 1.0, 0), (664, 6, 1.0, 1), (55, 3, 1.0, 2), (30, 2, 1.0, 3), (36, 2, 1.0, 3), (330, 8, 1.0, 4)]
=: [(484, 7, 1.0, 1), (506, 8, 1.0, 3), (321, 8, 1.0, 3), (532, 4, 1.0, 3), (98, 3, 1.0, 2), (33, 5, 1.0, 0), (1, 3, 1.0, 0), (208, 4, 1.0, 1), (15, 4, 1.0, 3), (175, 6, 1.0, 3), (159, 3, 1.0, 3), (137, 5, 1.0, 0), (94, 8, 1.0, 3), (151, 3, 1.0, 3), (29, 4, 1.0, 3), (131, 2, 1.0, 1), (154, 8, 1.0, 3), (27, 6, 1.0, 3), (102, 7, 1.0, 3), (143, 6, 1.0, 0), (203, 6, 1.0, 0), (1152, 5, 1.0, 4), (96, 5, 1.0, 1), (1655, 11, 1.0, 1), (178, 5, 1.0, 1), (11, 3, 1.0, 0), (664, 6, 1.0, 1), (55, 3, 1.0, 2), (30, 2, 1.0, 3), (36, 2, 1.0, 3), (330, 8, 1.0, 4), (51, 7, 1.0, 2)]
=: [(484, 7, 1.0, 1), (506, 8, 1.0, 3), (321, 8, 1.0, 3), (532, 4, 1.0, 3), (98, 3, 1.0, 2), (33, 5, 1.0, 0), (1, 3, 1.0, 0), (208, 4, 1.0, 1), (15, 4, 1.0, 3), (175, 6, 1.0, 3), (159, 3, 1.0, 3), (137, 5, 1.0, 0), (94, 8, 1.0, 3), (151, 3, 1.0, 3), (29, 4, 1.0, 3), (131, 2, 1.0, 1), (154, 8, 1.0, 3), (27, 6, 1.0, 3), (102, 7, 1.0, 3), (143, 6, 1.0, 0), (203, 6, 1.0, 0), (1152, 5, 1.0, 4), (96, 5, 1.0, 1), (1655, 11, 1.0, 1), (178, 5, 1.0, 1), (11, 3, 1.0, 0), (664, 6, 1.0, 1), (55, 3, 1.0, 2), (30, 2, 1.0, 3), (36, 2, 1.0, 3), (330, 8, 1.0, 4), (51, 7, 1.0, 2), (361, 10, 1.0, 3)]
=: [(484, 7, 1.0, 1), (506, 8, 1.0, 3), (321, 8, 1.0, 3), (532, 4, 1.0, 3), (98, 3, 1.0, 2), (33, 5, 1.0, 0), (1, 3, 1.0, 0), (208, 4, 1.0, 1), (15, 4, 1.0, 3), (175, 6, 1.0, 3), (159, 3, 1.0, 3), (137, 5, 1.0, 0), (94, 8, 1.0, 3), (151, 3, 1.0, 3), (29, 4, 1.0, 3), (131, 2, 1.0, 1), (154, 8, 1.0, 3), (27, 6, 1.0, 3), (102, 7, 1.0, 3), (143, 6, 1.0, 0), (203, 6, 1.0, 0), (1152, 5, 1.0, 4), (96, 5, 1.0, 1), (1655, 11, 1.0, 1), (178, 5, 1.0, 1), (11, 3, 1.0, 0), (664, 6, 1.0, 1), (55, 3, 1.0, 2), (30, 2, 1.0, 3), (36, 2, 1.0, 3), (330, 8, 1.0, 4), (51, 7, 1.0, 2), (361, 10, 1.0, 3), (149, 7, 1.0, 3)]
=: [(484, 7, 1.0, 1), (506, 8, 1.0, 3), (321, 8, 1.0, 3), (532, 4, 1.0, 3), (98, 3, 1.0, 2), (33, 5, 1.0, 0), (1, 3, 1.0, 0), (208, 4, 1.0, 1), (15, 4, 1.0, 3), (175, 6, 1.0, 3), (159, 3, 1.0, 3), (137, 5, 1.0, 0), (94, 8, 1.0, 3), (151, 3, 1.0, 3), (29, 4, 1.0, 3), (131, 2, 1.0, 1), (154, 8, 1.0, 3), (27, 6, 1.0, 3), (102, 7, 1.0, 3), (143, 6, 1.0, 0), (203, 6, 1.0, 0), (1152, 5, 1.0, 4), (96, 5, 1.0, 1), (1655, 11, 1.0, 1), (178, 5, 1.0, 1), (11, 3, 1.0, 0), (664, 6, 1.0, 1), (55, 3, 1.0, 2), (30, 2, 1.0, 3), (36, 2, 1.0, 3), (330, 8, 1.0, 4), (51, 7, 1.0, 2), (361, 10, 1.0, 3), (149, 7, 1.0, 3), (28, 5, 1.0, 3)]
=: [(484, 7, 1.0, 1), (506, 8, 1.0, 3), (321, 8, 1.0, 3), (532, 4, 1.0, 3), (98, 3, 1.0, 2), (33, 5, 1.0, 0), (1, 3, 1.0, 0), (208, 4, 1.0, 1), (15, 4, 1.0, 3), (175, 6, 1.0, 3), (159, 3, 1.0, 3), (137, 5, 1.0, 0), (94, 8, 1.0, 3), (151, 3, 1.0, 3), (29, 4, 1.0, 3), (131, 2, 1.0, 1), (154, 8, 1.0, 3), (27, 6, 1.0, 3), (102, 7, 1.0, 3), (143, 6, 1.0, 0), (203, 6, 1.0, 0), (1152, 5, 1.0, 4), (96, 5, 1.0, 1), (1655, 11, 1.0, 1), (178, 5, 1.0, 1), (11, 3, 1.0, 0), (664, 6, 1.0, 1), (55, 3, 1.0, 2), (30, 2, 1.0, 3), (36, 2, 1.0, 3), (330, 8, 1.0, 4), (51, 7, 1.0, 2), (361, 10, 1.0, 3), (149, 7, 1.0, 3), (28, 5, 1.0, 3), (666, 5, 1.0, 3)]
=: [(484, 7, 1.0, 1), (506, 8, 1.0, 3), (321, 8, 1.0, 3), (532, 4, 1.0, 3), (98, 3, 1.0, 2), (33, 5, 1.0, 0), (1, 3, 1.0, 0), (208, 4, 1.0, 1), (15, 4, 1.0, 3), (175, 6, 1.0, 3), (159, 3, 1.0, 3), (137, 5, 1.0, 0), (94, 8, 1.0, 3), (151, 3, 1.0, 3), (29, 4, 1.0, 3), (131, 2, 1.0, 1), (154, 8, 1.0, 3), (27, 6, 1.0, 3), (102, 7, 1.0, 3), (143, 6, 1.0, 0), (203, 6, 1.0, 0), (1152, 5, 1.0, 4), (96, 5, 1.0, 1), (1655, 11, 1.0, 1), (178, 5, 1.0, 1), (11, 3, 1.0, 0), (664, 6, 1.0, 1), (55, 3, 1.0, 2), (30, 2, 1.0, 3), (36, 2, 1.0, 3), (330, 8, 1.0, 4), (51, 7, 1.0, 2), (361, 10, 1.0, 3), (149, 7, 1.0, 3), (28, 5, 1.0, 3), (666, 5, 1.0, 3), (1837, 6, 1.0, 1)]
=: [(484, 7, 1.0, 1), (506, 8, 1.0, 3), (321, 8, 1.0, 3), (532, 4, 1.0, 3), (98, 3, 1.0, 2), (33, 5, 1.0, 0), (1, 3, 1.0, 0), (208, 4, 1.0, 1), (15, 4, 1.0, 3), (175, 6, 1.0, 3), (159, 3, 1.0, 3), (137, 5, 1.0, 0), (94, 8, 1.0, 3), (151, 3, 1.0, 3), (29, 4, 1.0, 3), (131, 2, 1.0, 1), (154, 8, 1.0, 3), (27, 6, 1.0, 3), (102, 7, 1.0, 3), (143, 6, 1.0, 0), (203, 6, 1.0, 0), (1152, 5, 1.0, 4), (96, 5, 1.0, 1), (1655, 11, 1.0, 1), (178, 5, 1.0, 1), (11, 3, 1.0, 0), (664, 6, 1.0, 1), (55, 3, 1.0, 2), (30, 2, 1.0, 3), (36, 2, 1.0, 3), (330, 8, 1.0, 4), (51, 7, 1.0, 2), (361, 10, 1.0, 3), (149, 7, 1.0, 3), (28, 5, 1.0, 3), (666, 5, 1.0, 3), (1837, 6, 1.0, 1), (206, 4, 1.0, 0)]
=: [(484, 7, 1.0, 1), (506, 8, 1.0, 3), (321, 8, 1.0, 3), (532, 4, 1.0, 3), (98, 3, 1.0, 2), (33, 5, 1.0, 0), (1, 3, 1.0, 0), (208, 4, 1.0, 1), (15, 4, 1.0, 3), (175, 6, 1.0, 3), (159, 3, 1.0, 3), (137, 5, 1.0, 0), (94, 8, 1.0, 3), (151, 3, 1.0, 3), (29, 4, 1.0, 3), (131, 2, 1.0, 1), (154, 8, 1.0, 3), (27, 6, 1.0, 3), (102, 7, 1.0, 3), (143, 6, 1.0, 0), (203, 6, 1.0, 0), (1152, 5, 1.0, 4), (96, 5, 1.0, 1), (1655, 11, 1.0, 1), (178, 5, 1.0, 1), (11, 3, 1.0, 0), (664, 6, 1.0, 1), (55, 3, 1.0, 2), (30, 2, 1.0, 3), (36, 2, 1.0, 3), (330, 8, 1.0, 4), (51, 7, 1.0, 2), (361, 10, 1.0, 3), (149, 7, 1.0, 3), (28, 5, 1.0, 3), (666, 5, 1.0, 3), (1837, 6, 1.0, 1), (206, 4, 1.0, 0), (101, 5, 1.0, 3)]
=: [(484, 7, 1.0, 1), (506, 8, 1.0, 3), (321, 8, 1.0, 3), (532, 4, 1.0, 3), (98, 3, 1.0, 2), (33, 5, 1.0, 0), (1, 3, 1.0, 0), (208, 4, 1.0, 1), (15, 4, 1.0, 3), (175, 6, 1.0, 3), (159, 3, 1.0, 3), (137, 5, 1.0, 0), (94, 8, 1.0, 3), (151, 3, 1.0, 3), (29, 4, 1.0, 3), (131, 2, 1.0, 1), (154, 8, 1.0, 3), (27, 6, 1.0, 3), (102, 7, 1.0, 3), (143, 6, 1.0, 0), (203, 6, 1.0, 0), (1152, 5, 1.0, 4), (96, 5, 1.0, 1), (1655, 11, 1.0, 1), (178, 5, 1.0, 1), (11, 3, 1.0, 0), (664, 6, 1.0, 1), (55, 3, 1.0, 2), (30, 2, 1.0, 3), (36, 2, 1.0, 3), (330, 8, 1.0, 4), (51, 7, 1.0, 2), (361, 10, 1.0, 3), (149, 7, 1.0, 3), (28, 5, 1.0, 3), (666, 5, 1.0, 3), (1837, 6, 1.0, 1), (206, 4, 1.0, 0), (101, 5, 1.0, 3), (52, 7, 1.0, 1)]
=: [(484, 7, 1.0, 1), (506, 8, 1.0, 3), (321, 8, 1.0, 3), (532, 4, 1.0, 3), (98, 3, 1.0, 2), (33, 5, 1.0, 0), (1, 3, 1.0, 0), (208, 4, 1.0, 1), (15, 4, 1.0, 3), (175, 6, 1.0, 3), (159, 3, 1.0, 3), (137, 5, 1.0, 0), (94, 8, 1.0, 3), (151, 3, 1.0, 3), (29, 4, 1.0, 3), (131, 2, 1.0, 1), (154, 8, 1.0, 3), (27, 6, 1.0, 3), (102, 7, 1.0, 3), (143, 6, 1.0, 0), (203, 6, 1.0, 0), (1152, 5, 1.0, 4), (96, 5, 1.0, 1), (1655, 11, 1.0, 1), (178, 5, 1.0, 1), (11, 3, 1.0, 0), (664, 6, 1.0, 1), (55, 3, 1.0, 2), (30, 2, 1.0, 3), (36, 2, 1.0, 3), (330, 8, 1.0, 4), (51, 7, 1.0, 2), (361, 10, 1.0, 3), (149, 7, 1.0, 3), (28, 5, 1.0, 3), (666, 5, 1.0, 3), (1837, 6, 1.0, 1), (206, 4, 1.0, 0), (101, 5, 1.0, 3), (52, 7, 1.0, 1), (253, 4, 1.0, 2)]
=: [(484, 7, 1.0, 1), (506, 8, 1.0, 3), (321, 8, 1.0, 3), (532, 4, 1.0, 3), (98, 3, 1.0, 2), (33, 5, 1.0, 0), (1, 3, 1.0, 0), (208, 4, 1.0, 1), (15, 4, 1.0, 3), (175, 6, 1.0, 3), (159, 3, 1.0, 3), (137, 5, 1.0, 0), (94, 8, 1.0, 3), (151, 3, 1.0, 3), (29, 4, 1.0, 3), (131, 2, 1.0, 1), (154, 8, 1.0, 3), (27, 6, 1.0, 3), (102, 7, 1.0, 3), (143, 6, 1.0, 0), (203, 6, 1.0, 0), (1152, 5, 1.0, 4), (96, 5, 1.0, 1), (1655, 11, 1.0, 1), (178, 5, 1.0, 1), (11, 3, 1.0, 0), (664, 6, 1.0, 1), (55, 3, 1.0, 2), (30, 2, 1.0, 3), (36, 2, 1.0, 3), (330, 8, 1.0, 4), (51, 7, 1.0, 2), (361, 10, 1.0, 3), (149, 7, 1.0, 3), (28, 5, 1.0, 3), (666, 5, 1.0, 3), (1837, 6, 1.0, 1), (206, 4, 1.0, 0), (101, 5, 1.0, 3), (52, 7, 1.0, 1), (253, 4, 1.0, 2), (35, 3, 1.0, 0)]
=: [(484, 7, 1.0, 1), (506, 8, 1.0, 3), (321, 8, 1.0, 3), (532, 4, 1.0, 3), (98, 3, 1.0, 2), (33, 5, 1.0, 0), (1, 3, 1.0, 0), (208, 4, 1.0, 1), (15, 4, 1.0, 3), (175, 6, 1.0, 3), (159, 3, 1.0, 3), (137, 5, 1.0, 0), (94, 8, 1.0, 3), (151, 3, 1.0, 3), (29, 4, 1.0, 3), (131, 2, 1.0, 1), (154, 8, 1.0, 3), (27, 6, 1.0, 3), (102, 7, 1.0, 3), (143, 6, 1.0, 0), (203, 6, 1.0, 0), (1152, 5, 1.0, 4), (96, 5, 1.0, 1), (1655, 11, 1.0, 1), (178, 5, 1.0, 1), (11, 3, 1.0, 0), (664, 6, 1.0, 1), (55, 3, 1.0, 2), (30, 2, 1.0, 3), (36, 2, 1.0, 3), (330, 8, 1.0, 4), (51, 7, 1.0, 2), (361, 10, 1.0, 3), (149, 7, 1.0, 3), (28, 5, 1.0, 3), (666, 5, 1.0, 3), (1837, 6, 1.0, 1), (206, 4, 1.0, 0), (101, 5, 1.0, 3), (52, 7, 1.0, 1), (253, 4, 1.0, 2), (35, 3, 1.0, 0), (662, 8, 1.0, 1)]
=: [(484, 7, 1.0, 1), (506, 8, 1.0, 3), (321, 8, 1.0, 3), (532, 4, 1.0, 3), (98, 3, 1.0, 2), (33, 5, 1.0, 0), (1, 3, 1.0, 0), (208, 4, 1.0, 1), (15, 4, 1.0, 3), (175, 6, 1.0, 3), (159, 3, 1.0, 3), (137, 5, 1.0, 0), (94, 8, 1.0, 3), (151, 3, 1.0, 3), (29, 4, 1.0, 3), (131, 2, 1.0, 1), (154, 8, 1.0, 3), (27, 6, 1.0, 3), (102, 7, 1.0, 3), (143, 6, 1.0, 0), (203, 6, 1.0, 0), (1152, 5, 1.0, 4), (96, 5, 1.0, 1), (1655, 11, 1.0, 1), (178, 5, 1.0, 1), (11, 3, 1.0, 0), (664, 6, 1.0, 1), (55, 3, 1.0, 2), (30, 2, 1.0, 3), (36, 2, 1.0, 3), (330, 8, 1.0, 4), (51, 7, 1.0, 2), (361, 10, 1.0, 3), (149, 7, 1.0, 3), (28, 5, 1.0, 3), (666, 5, 1.0, 3), (1837, 6, 1.0, 1), (206, 4, 1.0, 0), (101, 5, 1.0, 3), (52, 7, 1.0, 1), (253, 4, 1.0, 2), (35, 3, 1.0, 0), (662, 8, 1.0, 1), (45, 4, 1.0, 3)]
=: [(484, 7, 1.0, 1), (506, 8, 1.0, 3), (321, 8, 1.0, 3), (532, 4, 1.0, 3), (98, 3, 1.0, 2), (33, 5, 1.0, 0), (1, 3, 1.0, 0), (208, 4, 1.0, 1), (15, 4, 1.0, 3), (175, 6, 1.0, 3), (159, 3, 1.0, 3), (137, 5, 1.0, 0), (94, 8, 1.0, 3), (151, 3, 1.0, 3), (29, 4, 1.0, 3), (131, 2, 1.0, 1), (154, 8, 1.0, 3), (27, 6, 1.0, 3), (102, 7, 1.0, 3), (143, 6, 1.0, 0), (203, 6, 1.0, 0), (1152, 5, 1.0, 4), (96, 5, 1.0, 1), (1655, 11, 1.0, 1), (178, 5, 1.0, 1), (11, 3, 1.0, 0), (664, 6, 1.0, 1), (55, 3, 1.0, 2), (30, 2, 1.0, 3), (36, 2, 1.0, 3), (330, 8, 1.0, 4), (51, 7, 1.0, 2), (361, 10, 1.0, 3), (149, 7, 1.0, 3), (28, 5, 1.0, 3), (666, 5, 1.0, 3), (1837, 6, 1.0, 1), (206, 4, 1.0, 0), (101, 5, 1.0, 3), (52, 7, 1.0, 1), (253, 4, 1.0, 2), (35, 3, 1.0, 0), (662, 8, 1.0, 1), (45, 4, 1.0, 3), (161, 5, 1.0, 0)]
=: [(484, 7, 1.0, 1), (506, 8, 1.0, 3), (321, 8, 1.0, 3), (532, 4, 1.0, 3), (98, 3, 1.0, 2), (33, 5, 1.0, 0), (1, 3, 1.0, 0), (208, 4, 1.0, 1), (15, 4, 1.0, 3), (175, 6, 1.0, 3), (159, 3, 1.0, 3), (137, 5, 1.0, 0), (94, 8, 1.0, 3), (151, 3, 1.0, 3), (29, 4, 1.0, 3), (131, 2, 1.0, 1), (154, 8, 1.0, 3), (27, 6, 1.0, 3), (102, 7, 1.0, 3), (143, 6, 1.0, 0), (203, 6, 1.0, 0), (1152, 5, 1.0, 4), (96, 5, 1.0, 1), (1655, 11, 1.0, 1), (178, 5, 1.0, 1), (11, 3, 1.0, 0), (664, 6, 1.0, 1), (55, 3, 1.0, 2), (30, 2, 1.0, 3), (36, 2, 1.0, 3), (330, 8, 1.0, 4), (51, 7, 1.0, 2), (361, 10, 1.0, 3), (149, 7, 1.0, 3), (28, 5, 1.0, 3), (666, 5, 1.0, 3), (1837, 6, 1.0, 1), (206, 4, 1.0, 0), (101, 5, 1.0, 3), (52, 7, 1.0, 1), (253, 4, 1.0, 2), (35, 3, 1.0, 0), (662, 8, 1.0, 1), (45, 4, 1.0, 3), (161, 5, 1.0, 0), (109, 4, 1.0, 0)]
=: [(484, 7, 1.0, 1), (506, 8, 1.0, 3), (321, 8, 1.0, 3), (532, 4, 1.0, 3), (98, 3, 1.0, 2), (33, 5, 1.0, 0), (1, 3, 1.0, 0), (208, 4, 1.0, 1), (15, 4, 1.0, 3), (175, 6, 1.0, 3), (159, 3, 1.0, 3), (137, 5, 1.0, 0), (94, 8, 1.0, 3), (151, 3, 1.0, 3), (29, 4, 1.0, 3), (131, 2, 1.0, 1), (154, 8, 1.0, 3), (27, 6, 1.0, 3), (102, 7, 1.0, 3), (143, 6, 1.0, 0), (203, 6, 1.0, 0), (1152, 5, 1.0, 4), (96, 5, 1.0, 1), (1655, 11, 1.0, 1), (178, 5, 1.0, 1), (11, 3, 1.0, 0), (664, 6, 1.0, 1), (55, 3, 1.0, 2), (30, 2, 1.0, 3), (36, 2, 1.0, 3), (330, 8, 1.0, 4), (51, 7, 1.0, 2), (361, 10, 1.0, 3), (149, 7, 1.0, 3), (28, 5, 1.0, 3), (666, 5, 1.0, 3), (1837, 6, 1.0, 1), (206, 4, 1.0, 0), (101, 5, 1.0, 3), (52, 7, 1.0, 1), (253, 4, 1.0, 2), (35, 3, 1.0, 0), (662, 8, 1.0, 1), (45, 4, 1.0, 3), (161, 5, 1.0, 0), (109, 4, 1.0, 0), (1838, 5, 1.0, 1)]
=: [(484, 7, 1.0, 1), (506, 8, 1.0, 3), (321, 8, 1.0, 3), (532, 4, 1.0, 3), (98, 3, 1.0, 2), (33, 5, 1.0, 0), (1, 3, 1.0, 0), (208, 4, 1.0, 1), (15, 4, 1.0, 3), (175, 6, 1.0, 3), (159, 3, 1.0, 3), (137, 5, 1.0, 0), (94, 8, 1.0, 3), (151, 3, 1.0, 3), (29, 4, 1.0, 3), (131, 2, 1.0, 1), (154, 8, 1.0, 3), (27, 6, 1.0, 3), (102, 7, 1.0, 3), (143, 6, 1.0, 0), (203, 6, 1.0, 0), (1152, 5, 1.0, 4), (96, 5, 1.0, 1), (1655, 11, 1.0, 1), (178, 5, 1.0, 1), (11, 3, 1.0, 0), (664, 6, 1.0, 1), (55, 3, 1.0, 2), (30, 2, 1.0, 3), (36, 2, 1.0, 3), (330, 8, 1.0, 4), (51, 7, 1.0, 2), (361, 10, 1.0, 3), (149, 7, 1.0, 3), (28, 5, 1.0, 3), (666, 5, 1.0, 3), (1837, 6, 1.0, 1), (206, 4, 1.0, 0), (101, 5, 1.0, 3), (52, 7, 1.0, 1), (253, 4, 1.0, 2), (35, 3, 1.0, 0), (662, 8, 1.0, 1), (45, 4, 1.0, 3), (161, 5, 1.0, 0), (109, 4, 1.0, 0), (1838, 5, 1.0, 1), (564, 8, 1.0, 1)]
=: [(484, 7, 1.0, 1), (506, 8, 1.0, 3), (321, 8, 1.0, 3), (532, 4, 1.0, 3), (98, 3, 1.0, 2), (33, 5, 1.0, 0), (1, 3, 1.0, 0), (208, 4, 1.0, 1), (15, 4, 1.0, 3), (175, 6, 1.0, 3), (159, 3, 1.0, 3), (137, 5, 1.0, 0), (94, 8, 1.0, 3), (151, 3, 1.0, 3), (29, 4, 1.0, 3), (131, 2, 1.0, 1), (154, 8, 1.0, 3), (27, 6, 1.0, 3), (102, 7, 1.0, 3), (143, 6, 1.0, 0), (203, 6, 1.0, 0), (1152, 5, 1.0, 4), (96, 5, 1.0, 1), (1655, 11, 1.0, 1), (178, 5, 1.0, 1), (11, 3, 1.0, 0), (664, 6, 1.0, 1), (55, 3, 1.0, 2), (30, 2, 1.0, 3), (36, 2, 1.0, 3), (330, 8, 1.0, 4), (51, 7, 1.0, 2), (361, 10, 1.0, 3), (149, 7, 1.0, 3), (28, 5, 1.0, 3), (666, 5, 1.0, 3), (1837, 6, 1.0, 1), (206, 4, 1.0, 0), (101, 5, 1.0, 3), (52, 7, 1.0, 1), (253, 4, 1.0, 2), (35, 3, 1.0, 0), (662, 8, 1.0, 1), (45, 4, 1.0, 3), (161, 5, 1.0, 0), (109, 4, 1.0, 0), (1838, 5, 1.0, 1), (564, 8, 1.0, 1), (122, 6, 1.0, 3)]
=: [(484, 7, 1.0, 1), (506, 8, 1.0, 3), (321, 8, 1.0, 3), (532, 4, 1.0, 3), (98, 3, 1.0, 2), (33, 5, 1.0, 0), (1, 3, 1.0, 0), (208, 4, 1.0, 1), (15, 4, 1.0, 3), (175, 6, 1.0, 3), (159, 3, 1.0, 3), (137, 5, 1.0, 0), (94, 8, 1.0, 3), (151, 3, 1.0, 3), (29, 4, 1.0, 3), (131, 2, 1.0, 1), (154, 8, 1.0, 3), (27, 6, 1.0, 3), (102, 7, 1.0, 3), (143, 6, 1.0, 0), (203, 6, 1.0, 0), (1152, 5, 1.0, 4), (96, 5, 1.0, 1), (1655, 11, 1.0, 1), (178, 5, 1.0, 1), (11, 3, 1.0, 0), (664, 6, 1.0, 1), (55, 3, 1.0, 2), (30, 2, 1.0, 3), (36, 2, 1.0, 3), (330, 8, 1.0, 4), (51, 7, 1.0, 2), (361, 10, 1.0, 3), (149, 7, 1.0, 3), (28, 5, 1.0, 3), (666, 5, 1.0, 3), (1837, 6, 1.0, 1), (206, 4, 1.0, 0), (101, 5, 1.0, 3), (52, 7, 1.0, 1), (253, 4, 1.0, 2), (35, 3, 1.0, 0), (662, 8, 1.0, 1), (45, 4, 1.0, 3), (161, 5, 1.0, 0), (109, 4, 1.0, 0), (1838, 5, 1.0, 1), (564, 8, 1.0, 1), (122, 6, 1.0, 3), (54, 4, 1.0, 0)]
=: [(484, 7, 1.0, 1), (506, 8, 1.0, 3), (321, 8, 1.0, 3), (532, 4, 1.0, 3), (98, 3, 1.0, 2), (33, 5, 1.0, 0), (1, 3, 1.0, 0), (208, 4, 1.0, 1), (15, 4, 1.0, 3), (175, 6, 1.0, 3), (159, 3, 1.0, 3), (137, 5, 1.0, 0), (94, 8, 1.0, 3), (151, 3, 1.0, 3), (29, 4, 1.0, 3), (131, 2, 1.0, 1), (154, 8, 1.0, 3), (27, 6, 1.0, 3), (102, 7, 1.0, 3), (143, 6, 1.0, 0), (203, 6, 1.0, 0), (1152, 5, 1.0, 4), (96, 5, 1.0, 1), (1655, 11, 1.0, 1), (178, 5, 1.0, 1), (11, 3, 1.0, 0), (664, 6, 1.0, 1), (55, 3, 1.0, 2), (30, 2, 1.0, 3), (36, 2, 1.0, 3), (330, 8, 1.0, 4), (51, 7, 1.0, 2), (361, 10, 1.0, 3), (149, 7, 1.0, 3), (28, 5, 1.0, 3), (666, 5, 1.0, 3), (1837, 6, 1.0, 1), (206, 4, 1.0, 0), (101, 5, 1.0, 3), (52, 7, 1.0, 1), (253, 4, 1.0, 2), (35, 3, 1.0, 0), (662, 8, 1.0, 1), (45, 4, 1.0, 3), (161, 5, 1.0, 0), (109, 4, 1.0, 0), (1838, 5, 1.0, 1), (564, 8, 1.0, 1), (122, 6, 1.0, 3), (54, 4, 1.0, 0), (168, 6, 1.0, 3)]
=: [(484, 7, 1.0, 1), (506, 8, 1.0, 3), (321, 8, 1.0, 3), (532, 4, 1.0, 3), (98, 3, 1.0, 2), (33, 5, 1.0, 0), (1, 3, 1.0, 0), (208, 4, 1.0, 1), (15, 4, 1.0, 3), (175, 6, 1.0, 3), (159, 3, 1.0, 3), (137, 5, 1.0, 0), (94, 8, 1.0, 3), (151, 3, 1.0, 3), (29, 4, 1.0, 3), (131, 2, 1.0, 1), (154, 8, 1.0, 3), (27, 6, 1.0, 3), (102, 7, 1.0, 3), (143, 6, 1.0, 0), (203, 6, 1.0, 0), (1152, 5, 1.0, 4), (96, 5, 1.0, 1), (1655, 11, 1.0, 1), (178, 5, 1.0, 1), (11, 3, 1.0, 0), (664, 6, 1.0, 1), (55, 3, 1.0, 2), (30, 2, 1.0, 3), (36, 2, 1.0, 3), (330, 8, 1.0, 4), (51, 7, 1.0, 2), (361, 10, 1.0, 3), (149, 7, 1.0, 3), (28, 5, 1.0, 3), (666, 5, 1.0, 3), (1837, 6, 1.0, 1), (206, 4, 1.0, 0), (101, 5, 1.0, 3), (52, 7, 1.0, 1), (253, 4, 1.0, 2), (35, 3, 1.0, 0), (662, 8, 1.0, 1), (45, 4, 1.0, 3), (161, 5, 1.0, 0), (109, 4, 1.0, 0), (1838, 5, 1.0, 1), (564, 8, 1.0, 1), (122, 6, 1.0, 3), (54, 4, 1.0, 0), (168, 6, 1.0, 3), (431, 4, 1.0, 4)]
=: [(484, 7, 1.0, 1), (506, 8, 1.0, 3), (321, 8, 1.0, 3), (532, 4, 1.0, 3), (98, 3, 1.0, 2), (33, 5, 1.0, 0), (1, 3, 1.0, 0), (208, 4, 1.0, 1), (15, 4, 1.0, 3), (175, 6, 1.0, 3), (159, 3, 1.0, 3), (137, 5, 1.0, 0), (94, 8, 1.0, 3), (151, 3, 1.0, 3), (29, 4, 1.0, 3), (131, 2, 1.0, 1), (154, 8, 1.0, 3), (27, 6, 1.0, 3), (102, 7, 1.0, 3), (143, 6, 1.0, 0), (203, 6, 1.0, 0), (1152, 5, 1.0, 4), (96, 5, 1.0, 1), (1655, 11, 1.0, 1), (178, 5, 1.0, 1), (11, 3, 1.0, 0), (664, 6, 1.0, 1), (55, 3, 1.0, 2), (30, 2, 1.0, 3), (36, 2, 1.0, 3), (330, 8, 1.0, 4), (51, 7, 1.0, 2), (361, 10, 1.0, 3), (149, 7, 1.0, 3), (28, 5, 1.0, 3), (666, 5, 1.0, 3), (1837, 6, 1.0, 1), (206, 4, 1.0, 0), (101, 5, 1.0, 3), (52, 7, 1.0, 1), (253, 4, 1.0, 2), (35, 3, 1.0, 0), (662, 8, 1.0, 1), (45, 4, 1.0, 3), (161, 5, 1.0, 0), (109, 4, 1.0, 0), (1838, 5, 1.0, 1), (564, 8, 1.0, 1), (122, 6, 1.0, 3), (54, 4, 1.0, 0), (168, 6, 1.0, 3), (431, 4, 1.0, 4), (328, 7, 1.0, 3)]
=: [(484, 7, 1.0, 1), (506, 8, 1.0, 3), (321, 8, 1.0, 3), (532, 4, 1.0, 3), (98, 3, 1.0, 2), (33, 5, 1.0, 0), (1, 3, 1.0, 0), (208, 4, 1.0, 1), (15, 4, 1.0, 3), (175, 6, 1.0, 3), (159, 3, 1.0, 3), (137, 5, 1.0, 0), (94, 8, 1.0, 3), (151, 3, 1.0, 3), (29, 4, 1.0, 3), (131, 2, 1.0, 1), (154, 8, 1.0, 3), (27, 6, 1.0, 3), (102, 7, 1.0, 3), (143, 6, 1.0, 0), (203, 6, 1.0, 0), (1152, 5, 1.0, 4), (96, 5, 1.0, 1), (1655, 11, 1.0, 1), (178, 5, 1.0, 1), (11, 3, 1.0, 0), (664, 6, 1.0, 1), (55, 3, 1.0, 2), (30, 2, 1.0, 3), (36, 2, 1.0, 3), (330, 8, 1.0, 4), (51, 7, 1.0, 2), (361, 10, 1.0, 3), (149, 7, 1.0, 3), (28, 5, 1.0, 3), (666, 5, 1.0, 3), (1837, 6, 1.0, 1), (206, 4, 1.0, 0), (101, 5, 1.0, 3), (52, 7, 1.0, 1), (253, 4, 1.0, 2), (35, 3, 1.0, 0), (662, 8, 1.0, 1), (45, 4, 1.0, 3), (161, 5, 1.0, 0), (109, 4, 1.0, 0), (1838, 5, 1.0, 1), (564, 8, 1.0, 1), (122, 6, 1.0, 3), (54, 4, 1.0, 0), (168, 6, 1.0, 3), (431, 4, 1.0, 4), (328, 7, 1.0, 3), (888, 7, 1.0, 4)]
=: [(484, 7, 1.0, 1), (506, 8, 1.0, 3), (321, 8, 1.0, 3), (532, 4, 1.0, 3), (98, 3, 1.0, 2), (33, 5, 1.0, 0), (1, 3, 1.0, 0), (208, 4, 1.0, 1), (15, 4, 1.0, 3), (175, 6, 1.0, 3), (159, 3, 1.0, 3), (137, 5, 1.0, 0), (94, 8, 1.0, 3), (151, 3, 1.0, 3), (29, 4, 1.0, 3), (131, 2, 1.0, 1), (154, 8, 1.0, 3), (27, 6, 1.0, 3), (102, 7, 1.0, 3), (143, 6, 1.0, 0), (203, 6, 1.0, 0), (1152, 5, 1.0, 4), (96, 5, 1.0, 1), (1655, 11, 1.0, 1), (178, 5, 1.0, 1), (11, 3, 1.0, 0), (664, 6, 1.0, 1), (55, 3, 1.0, 2), (30, 2, 1.0, 3), (36, 2, 1.0, 3), (330, 8, 1.0, 4), (51, 7, 1.0, 2), (361, 10, 1.0, 3), (149, 7, 1.0, 3), (28, 5, 1.0, 3), (666, 5, 1.0, 3), (1837, 6, 1.0, 1), (206, 4, 1.0, 0), (101, 5, 1.0, 3), (52, 7, 1.0, 1), (253, 4, 1.0, 2), (35, 3, 1.0, 0), (662, 8, 1.0, 1), (45, 4, 1.0, 3), (161, 5, 1.0, 0), (109, 4, 1.0, 0), (1838, 5, 1.0, 1), (564, 8, 1.0, 1), (122, 6, 1.0, 3), (54, 4, 1.0, 0), (168, 6, 1.0, 3), (431, 4, 1.0, 4), (328, 7, 1.0, 3), (888, 7, 1.0, 4), (167, 7, 1.0, 3)]
=: [(484, 7, 1.0, 1), (506, 8, 1.0, 3), (321, 8, 1.0, 3), (532, 4, 1.0, 3), (98, 3, 1.0, 2), (33, 5, 1.0, 0), (1, 3, 1.0, 0), (208, 4, 1.0, 1), (15, 4, 1.0, 3), (175, 6, 1.0, 3), (159, 3, 1.0, 3), (137, 5, 1.0, 0), (94, 8, 1.0, 3), (151, 3, 1.0, 3), (29, 4, 1.0, 3), (131, 2, 1.0, 1), (154, 8, 1.0, 3), (27, 6, 1.0, 3), (102, 7, 1.0, 3), (143, 6, 1.0, 0), (203, 6, 1.0, 0), (1152, 5, 1.0, 4), (96, 5, 1.0, 1), (1655, 11, 1.0, 1), (178, 5, 1.0, 1), (11, 3, 1.0, 0), (664, 6, 1.0, 1), (55, 3, 1.0, 2), (30, 2, 1.0, 3), (36, 2, 1.0, 3), (330, 8, 1.0, 4), (51, 7, 1.0, 2), (361, 10, 1.0, 3), (149, 7, 1.0, 3), (28, 5, 1.0, 3), (666, 5, 1.0, 3), (1837, 6, 1.0, 1), (206, 4, 1.0, 0), (101, 5, 1.0, 3), (52, 7, 1.0, 1), (253, 4, 1.0, 2), (35, 3, 1.0, 0), (662, 8, 1.0, 1), (45, 4, 1.0, 3), (161, 5, 1.0, 0), (109, 4, 1.0, 0), (1838, 5, 1.0, 1), (564, 8, 1.0, 1), (122, 6, 1.0, 3), (54, 4, 1.0, 0), (168, 6, 1.0, 3), (431, 4, 1.0, 4), (328, 7, 1.0, 3), (888, 7, 1.0, 4), (167, 7, 1.0, 3), (39, 2, 1.0, 3)]
=: [(484, 7, 1.0, 1), (506, 8, 1.0, 3), (321, 8, 1.0, 3), (532, 4, 1.0, 3), (98, 3, 1.0, 2), (33, 5, 1.0, 0), (1, 3, 1.0, 0), (208, 4, 1.0, 1), (15, 4, 1.0, 3), (175, 6, 1.0, 3), (159, 3, 1.0, 3), (137, 5, 1.0, 0), (94, 8, 1.0, 3), (151, 3, 1.0, 3), (29, 4, 1.0, 3), (131, 2, 1.0, 1), (154, 8, 1.0, 3), (27, 6, 1.0, 3), (102, 7, 1.0, 3), (143, 6, 1.0, 0), (203, 6, 1.0, 0), (1152, 5, 1.0, 4), (96, 5, 1.0, 1), (1655, 11, 1.0, 1), (178, 5, 1.0, 1), (11, 3, 1.0, 0), (664, 6, 1.0, 1), (55, 3, 1.0, 2), (30, 2, 1.0, 3), (36, 2, 1.0, 3), (330, 8, 1.0, 4), (51, 7, 1.0, 2), (361, 10, 1.0, 3), (149, 7, 1.0, 3), (28, 5, 1.0, 3), (666, 5, 1.0, 3), (1837, 6, 1.0, 1), (206, 4, 1.0, 0), (101, 5, 1.0, 3), (52, 7, 1.0, 1), (253, 4, 1.0, 2), (35, 3, 1.0, 0), (662, 8, 1.0, 1), (45, 4, 1.0, 3), (161, 5, 1.0, 0), (109, 4, 1.0, 0), (1838, 5, 1.0, 1), (564, 8, 1.0, 1), (122, 6, 1.0, 3), (54, 4, 1.0, 0), (168, 6, 1.0, 3), (431, 4, 1.0, 4), (328, 7, 1.0, 3), (888, 7, 1.0, 4), (167, 7, 1.0, 3), (39, 2, 1.0, 3), (145, 4, 1.0, 1)]
=: [(484, 7, 1.0, 1), (506, 8, 1.0, 3), (321, 8, 1.0, 3), (532, 4, 1.0, 3), (98, 3, 1.0, 2), (33, 5, 1.0, 0), (1, 3, 1.0, 0), (208, 4, 1.0, 1), (15, 4, 1.0, 3), (175, 6, 1.0, 3), (159, 3, 1.0, 3), (137, 5, 1.0, 0), (94, 8, 1.0, 3), (151, 3, 1.0, 3), (29, 4, 1.0, 3), (131, 2, 1.0, 1), (154, 8, 1.0, 3), (27, 6, 1.0, 3), (102, 7, 1.0, 3), (143, 6, 1.0, 0), (203, 6, 1.0, 0), (1152, 5, 1.0, 4), (96, 5, 1.0, 1), (1655, 11, 1.0, 1), (178, 5, 1.0, 1), (11, 3, 1.0, 0), (664, 6, 1.0, 1), (55, 3, 1.0, 2), (30, 2, 1.0, 3), (36, 2, 1.0, 3), (330, 8, 1.0, 4), (51, 7, 1.0, 2), (361, 10, 1.0, 3), (149, 7, 1.0, 3), (28, 5, 1.0, 3), (666, 5, 1.0, 3), (1837, 6, 1.0, 1), (206, 4, 1.0, 0), (101, 5, 1.0, 3), (52, 7, 1.0, 1), (253, 4, 1.0, 2), (35, 3, 1.0, 0), (662, 8, 1.0, 1), (45, 4, 1.0, 3), (161, 5, 1.0, 0), (109, 4, 1.0, 0), (1838, 5, 1.0, 1), (564, 8, 1.0, 1), (122, 6, 1.0, 3), (54, 4, 1.0, 0), (168, 6, 1.0, 3), (431, 4, 1.0, 4), (328, 7, 1.0, 3), (888, 7, 1.0, 4), (167, 7, 1.0, 3), (39, 2, 1.0, 3), (145, 4, 1.0, 1), (120, 8, 1.0, 3)]
=: [(484, 7, 1.0, 1), (506, 8, 1.0, 3), (321, 8, 1.0, 3), (532, 4, 1.0, 3), (98, 3, 1.0, 2), (33, 5, 1.0, 0), (1, 3, 1.0, 0), (208, 4, 1.0, 1), (15, 4, 1.0, 3), (175, 6, 1.0, 3), (159, 3, 1.0, 3), (137, 5, 1.0, 0), (94, 8, 1.0, 3), (151, 3, 1.0, 3), (29, 4, 1.0, 3), (131, 2, 1.0, 1), (154, 8, 1.0, 3), (27, 6, 1.0, 3), (102, 7, 1.0, 3), (143, 6, 1.0, 0), (203, 6, 1.0, 0), (1152, 5, 1.0, 4), (96, 5, 1.0, 1), (1655, 11, 1.0, 1), (178, 5, 1.0, 1), (11, 3, 1.0, 0), (664, 6, 1.0, 1), (55, 3, 1.0, 2), (30, 2, 1.0, 3), (36, 2, 1.0, 3), (330, 8, 1.0, 4), (51, 7, 1.0, 2), (361, 10, 1.0, 3), (149, 7, 1.0, 3), (28, 5, 1.0, 3), (666, 5, 1.0, 3), (1837, 6, 1.0, 1), (206, 4, 1.0, 0), (101, 5, 1.0, 3), (52, 7, 1.0, 1), (253, 4, 1.0, 2), (35, 3, 1.0, 0), (662, 8, 1.0, 1), (45, 4, 1.0, 3), (161, 5, 1.0, 0), (109, 4, 1.0, 0), (1838, 5, 1.0, 1), (564, 8, 1.0, 1), (122, 6, 1.0, 3), (54, 4, 1.0, 0), (168, 6, 1.0, 3), (431, 4, 1.0, 4), (328, 7, 1.0, 3), (888, 7, 1.0, 4), (167, 7, 1.0, 3), (39, 2, 1.0, 3), (145, 4, 1.0, 1), (120, 8, 1.0, 3), (13, 2, 1.0, 1)]
=: [(484, 7, 1.0, 1), (506, 8, 1.0, 3), (321, 8, 1.0, 3), (532, 4, 1.0, 3), (98, 3, 1.0, 2), (33, 5, 1.0, 0), (1, 3, 1.0, 0), (208, 4, 1.0, 1), (15, 4, 1.0, 3), (175, 6, 1.0, 3), (159, 3, 1.0, 3), (137, 5, 1.0, 0), (94, 8, 1.0, 3), (151, 3, 1.0, 3), (29, 4, 1.0, 3), (131, 2, 1.0, 1), (154, 8, 1.0, 3), (27, 6, 1.0, 3), (102, 7, 1.0, 3), (143, 6, 1.0, 0), (203, 6, 1.0, 0), (1152, 5, 1.0, 4), (96, 5, 1.0, 1), (1655, 11, 1.0, 1), (178, 5, 1.0, 1), (11, 3, 1.0, 0), (664, 6, 1.0, 1), (55, 3, 1.0, 2), (30, 2, 1.0, 3), (36, 2, 1.0, 3), (330, 8, 1.0, 4), (51, 7, 1.0, 2), (361, 10, 1.0, 3), (149, 7, 1.0, 3), (28, 5, 1.0, 3), (666, 5, 1.0, 3), (1837, 6, 1.0, 1), (206, 4, 1.0, 0), (101, 5, 1.0, 3), (52, 7, 1.0, 1), (253, 4, 1.0, 2), (35, 3, 1.0, 0), (662, 8, 1.0, 1), (45, 4, 1.0, 3), (161, 5, 1.0, 0), (109, 4, 1.0, 0), (1838, 5, 1.0, 1), (564, 8, 1.0, 1), (122, 6, 1.0, 3), (54, 4, 1.0, 0), (168, 6, 1.0, 3), (431, 4, 1.0, 4), (328, 7, 1.0, 3), (888, 7, 1.0, 4), (167, 7, 1.0, 3), (39, 2, 1.0, 3), (145, 4, 1.0, 1), (120, 8, 1.0, 3), (13, 2, 1.0, 1), (485, 8, 1.0, 1)]
=: [(484, 7, 1.0, 1), (506, 8, 1.0, 3), (321, 8, 1.0, 3), (532, 4, 1.0, 3), (98, 3, 1.0, 2), (33, 5, 1.0, 0), (1, 3, 1.0, 0), (208, 4, 1.0, 1), (15, 4, 1.0, 3), (175, 6, 1.0, 3), (159, 3, 1.0, 3), (137, 5, 1.0, 0), (94, 8, 1.0, 3), (151, 3, 1.0, 3), (29, 4, 1.0, 3), (131, 2, 1.0, 1), (154, 8, 1.0, 3), (27, 6, 1.0, 3), (102, 7, 1.0, 3), (143, 6, 1.0, 0), (203, 6, 1.0, 0), (1152, 5, 1.0, 4), (96, 5, 1.0, 1), (1655, 11, 1.0, 1), (178, 5, 1.0, 1), (11, 3, 1.0, 0), (664, 6, 1.0, 1), (55, 3, 1.0, 2), (30, 2, 1.0, 3), (36, 2, 1.0, 3), (330, 8, 1.0, 4), (51, 7, 1.0, 2), (361, 10, 1.0, 3), (149, 7, 1.0, 3), (28, 5, 1.0, 3), (666, 5, 1.0, 3), (1837, 6, 1.0, 1), (206, 4, 1.0, 0), (101, 5, 1.0, 3), (52, 7, 1.0, 1), (253, 4, 1.0, 2), (35, 3, 1.0, 0), (662, 8, 1.0, 1), (45, 4, 1.0, 3), (161, 5, 1.0, 0), (109, 4, 1.0, 0), (1838, 5, 1.0, 1), (564, 8, 1.0, 1), (122, 6, 1.0, 3), (54, 4, 1.0, 0), (168, 6, 1.0, 3), (431, 4, 1.0, 4), (328, 7, 1.0, 3), (888, 7, 1.0, 4), (167, 7, 1.0, 3), (39, 2, 1.0, 3), (145, 4, 1.0, 1), (120, 8, 1.0, 3), (13, 2, 1.0, 1), (485, 8, 1.0, 1), (38, 4, 1.0, 3)]
=: [(484, 7, 1.0, 1), (506, 8, 1.0, 3), (321, 8, 1.0, 3), (532, 4, 1.0, 3), (98, 3, 1.0, 2), (33, 5, 1.0, 0), (1, 3, 1.0, 0), (208, 4, 1.0, 1), (15, 4, 1.0, 3), (175, 6, 1.0, 3), (159, 3, 1.0, 3), (137, 5, 1.0, 0), (94, 8, 1.0, 3), (151, 3, 1.0, 3), (29, 4, 1.0, 3), (131, 2, 1.0, 1), (154, 8, 1.0, 3), (27, 6, 1.0, 3), (102, 7, 1.0, 3), (143, 6, 1.0, 0), (203, 6, 1.0, 0), (1152, 5, 1.0, 4), (96, 5, 1.0, 1), (1655, 11, 1.0, 1), (178, 5, 1.0, 1), (11, 3, 1.0, 0), (664, 6, 1.0, 1), (55, 3, 1.0, 2), (30, 2, 1.0, 3), (36, 2, 1.0, 3), (330, 8, 1.0, 4), (51, 7, 1.0, 2), (361, 10, 1.0, 3), (149, 7, 1.0, 3), (28, 5, 1.0, 3), (666, 5, 1.0, 3), (1837, 6, 1.0, 1), (206, 4, 1.0, 0), (101, 5, 1.0, 3), (52, 7, 1.0, 1), (253, 4, 1.0, 2), (35, 3, 1.0, 0), (662, 8, 1.0, 1), (45, 4, 1.0, 3), (161, 5, 1.0, 0), (109, 4, 1.0, 0), (1838, 5, 1.0, 1), (564, 8, 1.0, 1), (122, 6, 1.0, 3), (54, 4, 1.0, 0), (168, 6, 1.0, 3), (431, 4, 1.0, 4), (328, 7, 1.0, 3), (888, 7, 1.0, 4), (167, 7, 1.0, 3), (39, 2, 1.0, 3), (145, 4, 1.0, 1), (120, 8, 1.0, 3), (13, 2, 1.0, 1), (485, 8, 1.0, 1), (38, 4, 1.0, 3), (144, 7, 1.0, 3)]
=: [(484, 7, 1.0, 1), (506, 8, 1.0, 3), (321, 8, 1.0, 3), (532, 4, 1.0, 3), (98, 3, 1.0, 2), (33, 5, 1.0, 0), (1, 3, 1.0, 0), (208, 4, 1.0, 1), (15, 4, 1.0, 3), (175, 6, 1.0, 3), (159, 3, 1.0, 3), (137, 5, 1.0, 0), (94, 8, 1.0, 3), (151, 3, 1.0, 3), (29, 4, 1.0, 3), (131, 2, 1.0, 1), (154, 8, 1.0, 3), (27, 6, 1.0, 3), (102, 7, 1.0, 3), (143, 6, 1.0, 0), (203, 6, 1.0, 0), (1152, 5, 1.0, 4), (96, 5, 1.0, 1), (1655, 11, 1.0, 1), (178, 5, 1.0, 1), (11, 3, 1.0, 0), (664, 6, 1.0, 1), (55, 3, 1.0, 2), (30, 2, 1.0, 3), (36, 2, 1.0, 3), (330, 8, 1.0, 4), (51, 7, 1.0, 2), (361, 10, 1.0, 3), (149, 7, 1.0, 3), (28, 5, 1.0, 3), (666, 5, 1.0, 3), (1837, 6, 1.0, 1), (206, 4, 1.0, 0), (101, 5, 1.0, 3), (52, 7, 1.0, 1), (253, 4, 1.0, 2), (35, 3, 1.0, 0), (662, 8, 1.0, 1), (45, 4, 1.0, 3), (161, 5, 1.0, 0), (109, 4, 1.0, 0), (1838, 5, 1.0, 1), (564, 8, 1.0, 1), (122, 6, 1.0, 3), (54, 4, 1.0, 0), (168, 6, 1.0, 3), (431, 4, 1.0, 4), (328, 7, 1.0, 3), (888, 7, 1.0, 4), (167, 7, 1.0, 3), (39, 2, 1.0, 3), (145, 4, 1.0, 1), (120, 8, 1.0, 3), (13, 2, 1.0, 1), (485, 8, 1.0, 1), (38, 4, 1.0, 3), (144, 7, 1.0, 3), (329, 6, 1.0, 1)]
=: [(484, 7, 1.0, 1), (506, 8, 1.0, 3), (321, 8, 1.0, 3), (532, 4, 1.0, 3), (98, 3, 1.0, 2), (33, 5, 1.0, 0), (1, 3, 1.0, 0), (208, 4, 1.0, 1), (15, 4, 1.0, 3), (175, 6, 1.0, 3), (159, 3, 1.0, 3), (137, 5, 1.0, 0), (94, 8, 1.0, 3), (151, 3, 1.0, 3), (29, 4, 1.0, 3), (131, 2, 1.0, 1), (154, 8, 1.0, 3), (27, 6, 1.0, 3), (102, 7, 1.0, 3), (143, 6, 1.0, 0), (203, 6, 1.0, 0), (1152, 5, 1.0, 4), (96, 5, 1.0, 1), (1655, 11, 1.0, 1), (178, 5, 1.0, 1), (11, 3, 1.0, 0), (664, 6, 1.0, 1), (55, 3, 1.0, 2), (30, 2, 1.0, 3), (36, 2, 1.0, 3), (330, 8, 1.0, 4), (51, 7, 1.0, 2), (361, 10, 1.0, 3), (149, 7, 1.0, 3), (28, 5, 1.0, 3), (666, 5, 1.0, 3), (1837, 6, 1.0, 1), (206, 4, 1.0, 0), (101, 5, 1.0, 3), (52, 7, 1.0, 1), (253, 4, 1.0, 2), (35, 3, 1.0, 0), (662, 8, 1.0, 1), (45, 4, 1.0, 3), (161, 5, 1.0, 0), (109, 4, 1.0, 0), (1838, 5, 1.0, 1), (564, 8, 1.0, 1), (122, 6, 1.0, 3), (54, 4, 1.0, 0), (168, 6, 1.0, 3), (431, 4, 1.0, 4), (328, 7, 1.0, 3), (888, 7, 1.0, 4), (167, 7, 1.0, 3), (39, 2, 1.0, 3), (145, 4, 1.0, 1), (120, 8, 1.0, 3), (13, 2, 1.0, 1), (485, 8, 1.0, 1), (38, 4, 1.0, 3), (144, 7, 1.0, 3), (329, 6, 1.0, 1), (293, 5, 1.0, 3)]
=: [(484, 7, 1.0, 1), (506, 8, 1.0, 3), (321, 8, 1.0, 3), (532, 4, 1.0, 3), (98, 3, 1.0, 2), (33, 5, 1.0, 0), (1, 3, 1.0, 0), (208, 4, 1.0, 1), (15, 4, 1.0, 3), (175, 6, 1.0, 3), (159, 3, 1.0, 3), (137, 5, 1.0, 0), (94, 8, 1.0, 3), (151, 3, 1.0, 3), (29, 4, 1.0, 3), (131, 2, 1.0, 1), (154, 8, 1.0, 3), (27, 6, 1.0, 3), (102, 7, 1.0, 3), (143, 6, 1.0, 0), (203, 6, 1.0, 0), (1152, 5, 1.0, 4), (96, 5, 1.0, 1), (1655, 11, 1.0, 1), (178, 5, 1.0, 1), (11, 3, 1.0, 0), (664, 6, 1.0, 1), (55, 3, 1.0, 2), (30, 2, 1.0, 3), (36, 2, 1.0, 3), (330, 8, 1.0, 4), (51, 7, 1.0, 2), (361, 10, 1.0, 3), (149, 7, 1.0, 3), (28, 5, 1.0, 3), (666, 5, 1.0, 3), (1837, 6, 1.0, 1), (206, 4, 1.0, 0), (101, 5, 1.0, 3), (52, 7, 1.0, 1), (253, 4, 1.0, 2), (35, 3, 1.0, 0), (662, 8, 1.0, 1), (45, 4, 1.0, 3), (161, 5, 1.0, 0), (109, 4, 1.0, 0), (1838, 5, 1.0, 1), (564, 8, 1.0, 1), (122, 6, 1.0, 3), (54, 4, 1.0, 0), (168, 6, 1.0, 3), (431, 4, 1.0, 4), (328, 7, 1.0, 3), (888, 7, 1.0, 4), (167, 7, 1.0, 3), (39, 2, 1.0, 3), (145, 4, 1.0, 1), (120, 8, 1.0, 3), (13, 2, 1.0, 1), (485, 8, 1.0, 1), (38, 4, 1.0, 3), (144, 7, 1.0, 3), (329, 6, 1.0, 1), (293, 5, 1.0, 3), (97, 4, 1.0, 0)]
=: [(484, 7, 1.0, 1), (506, 8, 1.0, 3), (321, 8, 1.0, 3), (532, 4, 1.0, 3), (98, 3, 1.0, 2), (33, 5, 1.0, 0), (1, 3, 1.0, 0), (208, 4, 1.0, 1), (15, 4, 1.0, 3), (175, 6, 1.0, 3), (159, 3, 1.0, 3), (137, 5, 1.0, 0), (94, 8, 1.0, 3), (151, 3, 1.0, 3), (29, 4, 1.0, 3), (131, 2, 1.0, 1), (154, 8, 1.0, 3), (27, 6, 1.0, 3), (102, 7, 1.0, 3), (143, 6, 1.0, 0), (203, 6, 1.0, 0), (1152, 5, 1.0, 4), (96, 5, 1.0, 1), (1655, 11, 1.0, 1), (178, 5, 1.0, 1), (11, 3, 1.0, 0), (664, 6, 1.0, 1), (55, 3, 1.0, 2), (30, 2, 1.0, 3), (36, 2, 1.0, 3), (330, 8, 1.0, 4), (51, 7, 1.0, 2), (361, 10, 1.0, 3), (149, 7, 1.0, 3), (28, 5, 1.0, 3), (666, 5, 1.0, 3), (1837, 6, 1.0, 1), (206, 4, 1.0, 0), (101, 5, 1.0, 3), (52, 7, 1.0, 1), (253, 4, 1.0, 2), (35, 3, 1.0, 0), (662, 8, 1.0, 1), (45, 4, 1.0, 3), (161, 5, 1.0, 0), (109, 4, 1.0, 0), (1838, 5, 1.0, 1), (564, 8, 1.0, 1), (122, 6, 1.0, 3), (54, 4, 1.0, 0), (168, 6, 1.0, 3), (431, 4, 1.0, 4), (328, 7, 1.0, 3), (888, 7, 1.0, 4), (167, 7, 1.0, 3), (39, 2, 1.0, 3), (145, 4, 1.0, 1), (120, 8, 1.0, 3), (13, 2, 1.0, 1), (485, 8, 1.0, 1), (38, 4, 1.0, 3), (144, 7, 1.0, 3), (329, 6, 1.0, 1), (293, 5, 1.0, 3), (97, 4, 1.0, 0), (2333, 7, 1.0, 3)]
=: [(484, 7, 1.0, 1), (506, 8, 1.0, 3), (321, 8, 1.0, 3), (532, 4, 1.0, 3), (98, 3, 1.0, 2), (33, 5, 1.0, 0), (1, 3, 1.0, 0), (208, 4, 1.0, 1), (15, 4, 1.0, 3), (175, 6, 1.0, 3), (159, 3, 1.0, 3), (137, 5, 1.0, 0), (94, 8, 1.0, 3), (151, 3, 1.0, 3), (29, 4, 1.0, 3), (131, 2, 1.0, 1), (154, 8, 1.0, 3), (27, 6, 1.0, 3), (102, 7, 1.0, 3), (143, 6, 1.0, 0), (203, 6, 1.0, 0), (1152, 5, 1.0, 4), (96, 5, 1.0, 1), (1655, 11, 1.0, 1), (178, 5, 1.0, 1), (11, 3, 1.0, 0), (664, 6, 1.0, 1), (55, 3, 1.0, 2), (30, 2, 1.0, 3), (36, 2, 1.0, 3), (330, 8, 1.0, 4), (51, 7, 1.0, 2), (361, 10, 1.0, 3), (149, 7, 1.0, 3), (28, 5, 1.0, 3), (666, 5, 1.0, 3), (1837, 6, 1.0, 1), (206, 4, 1.0, 0), (101, 5, 1.0, 3), (52, 7, 1.0, 1), (253, 4, 1.0, 2), (35, 3, 1.0, 0), (662, 8, 1.0, 1), (45, 4, 1.0, 3), (161, 5, 1.0, 0), (109, 4, 1.0, 0), (1838, 5, 1.0, 1), (564, 8, 1.0, 1), (122, 6, 1.0, 3), (54, 4, 1.0, 0), (168, 6, 1.0, 3), (431, 4, 1.0, 4), (328, 7, 1.0, 3), (888, 7, 1.0, 4), (167, 7, 1.0, 3), (39, 2, 1.0, 3), (145, 4, 1.0, 1), (120, 8, 1.0, 3), (13, 2, 1.0, 1), (485, 8, 1.0, 1), (38, 4, 1.0, 3), (144, 7, 1.0, 3), (329, 6, 1.0, 1), (293, 5, 1.0, 3), (97, 4, 1.0, 0), (2333, 7, 1.0, 3), (0, 3, 1.0, 0)]
using time: 266.0813229084015