>: [(10611, 5, 0.77083333333333337, 3)]
>: [(4943, 7, 0.79166666666666663, 1)]
>: [(1582, 5, 0.875, 4)]
=: [(1582, 5, 0.875, 4), (2373, 7, 0.875, 3)]
=: [(1582, 5, 0.875, 4), (2373, 7, 0.875, 3), (3084, 5, 0.875, 3)]
>: [(1900, 5, 0.89583333333333337, 0)]
=: [(1900, 5, 0.89583333333333337, 0), (2816, 2, 0.89583333333333337, 0)]
=: [(1900, 5, 0.89583333333333337, 0), (2816, 2, 0.89583333333333337, 0), (1936, 5, 0.89583333333333337, 0)]
=: [(1900, 5, 0.89583333333333337, 0), (2816, 2, 0.89583333333333337, 0), (1936, 5, 0.89583333333333337, 0), (1526, 3, 0.89583333333333337, 0)]
=: [(1900, 5, 0.89583333333333337, 0), (2816, 2, 0.89583333333333337, 0), (1936, 5, 0.89583333333333337, 0), (1526, 3, 0.89583333333333337, 0), (4363, 7, 0.89583333333333337, 0)]
=: [(1900, 5, 0.89583333333333337, 0), (2816, 2, 0.89583333333333337, 0), (1936, 5, 0.89583333333333337, 0), (1526, 3, 0.89583333333333337, 0), (4363, 7, 0.89583333333333337, 0), (6156, 3, 0.89583333333333337, 0)]
=: [(1900, 5, 0.89583333333333337, 0), (2816, 2, 0.89583333333333337, 0), (1936, 5, 0.89583333333333337, 0), (1526, 3, 0.89583333333333337, 0), (4363, 7, 0.89583333333333337, 0), (6156, 3, 0.89583333333333337, 0), (3192, 8, 0.89583333333333337, 3)]
=: [(1900, 5, 0.89583333333333337, 0), (2816, 2, 0.89583333333333337, 0), (1936, 5, 0.89583333333333337, 0), (1526, 3, 0.89583333333333337, 0), (4363, 7, 0.89583333333333337, 0), (6156, 3, 0.89583333333333337, 0), (3192, 8, 0.89583333333333337, 3), (1953, 6, 0.89583333333333337, 1)]
=: [(1900, 5, 0.89583333333333337, 0), (2816, 2, 0.89583333333333337, 0), (1936, 5, 0.89583333333333337, 0), (1526, 3, 0.89583333333333337, 0), (4363, 7, 0.89583333333333337, 0), (6156, 3, 0.89583333333333337, 0), (3192, 8, 0.89583333333333337, 3), (1953, 6, 0.89583333333333337, 1), (1284, 1, 0.89583333333333337, 0)]
>: [(739, 2, 0.91666666666666663, 3)]
=: [(739, 2, 0.91666666666666663, 3), (2719, 13, 0.91666666666666663, 0)]
=: [(739, 2, 0.91666666666666663, 3), (2719, 13, 0.91666666666666663, 0), (134, 5, 0.91666666666666663, 3)]
=: [(739, 2, 0.91666666666666663, 3), (2719, 13, 0.91666666666666663, 0), (134, 5, 0.91666666666666663, 3), (2206, 4, 0.91666666666666663, 3)]
=: [(739, 2, 0.91666666666666663, 3), (2719, 13, 0.91666666666666663, 0), (134, 5, 0.91666666666666663, 3), (2206, 4, 0.91666666666666663, 3), (7, 1, 0.91666666666666663, 0)]
=: [(739, 2, 0.91666666666666663, 3), (2719, 13, 0.91666666666666663, 0), (134, 5, 0.91666666666666663, 3), (2206, 4, 0.91666666666666663, 3), (7, 1, 0.91666666666666663, 0), (835, 7, 0.91666666666666663, 3)]
=: [(739, 2, 0.91666666666666663, 3), (2719, 13, 0.91666666666666663, 0), (134, 5, 0.91666666666666663, 3), (2206, 4, 0.91666666666666663, 3), (7, 1, 0.91666666666666663, 0), (835, 7, 0.91666666666666663, 3), (4025, 8, 0.91666666666666663, 1)]
=: [(739, 2, 0.91666666666666663, 3), (2719, 13, 0.91666666666666663, 0), (134, 5, 0.91666666666666663, 3), (2206, 4, 0.91666666666666663, 3), (7, 1, 0.91666666666666663, 0), (835, 7, 0.91666666666666663, 3), (4025, 8, 0.91666666666666663, 1), (756, 9, 0.91666666666666663, 0)]
=: [(739, 2, 0.91666666666666663, 3), (2719, 13, 0.91666666666666663, 0), (134, 5, 0.91666666666666663, 3), (2206, 4, 0.91666666666666663, 3), (7, 1, 0.91666666666666663, 0), (835, 7, 0.91666666666666663, 3), (4025, 8, 0.91666666666666663, 1), (756, 9, 0.91666666666666663, 0), (62, 2, 0.91666666666666663, 0)]
=: [(739, 2, 0.91666666666666663, 3), (2719, 13, 0.91666666666666663, 0), (134, 5, 0.91666666666666663, 3), (2206, 4, 0.91666666666666663, 3), (7, 1, 0.91666666666666663, 0), (835, 7, 0.91666666666666663, 3), (4025, 8, 0.91666666666666663, 1), (756, 9, 0.91666666666666663, 0), (62, 2, 0.91666666666666663, 0), (902, 3, 0.91666666666666663, 0)]
=: [(739, 2, 0.91666666666666663, 3), (2719, 13, 0.91666666666666663, 0), (134, 5, 0.91666666666666663, 3), (2206, 4, 0.91666666666666663, 3), (7, 1, 0.91666666666666663, 0), (835, 7, 0.91666666666666663, 3), (4025, 8, 0.91666666666666663, 1), (756, 9, 0.91666666666666663, 0), (62, 2, 0.91666666666666663, 0), (902, 3, 0.91666666666666663, 0), (466, 6, 0.91666666666666663, 3)]
>: [(3367, 7, 0.9375, 3)]
=: [(3367, 7, 0.9375, 3), (913, 2, 0.9375, 2)]
=: [(3367, 7, 0.9375, 3), (913, 2, 0.9375, 2), (2183, 9, 0.9375, 0)]
=: [(3367, 7, 0.9375, 3), (913, 2, 0.9375, 2), (2183, 9, 0.9375, 0), (7317, 8, 0.9375, 4)]
=: [(3367, 7, 0.9375, 3), (913, 2, 0.9375, 2), (2183, 9, 0.9375, 0), (7317, 8, 0.9375, 4), (596, 6, 0.9375, 3)]
=: [(3367, 7, 0.9375, 3), (913, 2, 0.9375, 2), (2183, 9, 0.9375, 0), (7317, 8, 0.9375, 4), (596, 6, 0.9375, 3), (1425, 4, 0.9375, 3)]
=: [(3367, 7, 0.9375, 3), (913, 2, 0.9375, 2), (2183, 9, 0.9375, 0), (7317, 8, 0.9375, 4), (596, 6, 0.9375, 3), (1425, 4, 0.9375, 3), (7611, 9, 0.9375, 3)]
=: [(3367, 7, 0.9375, 3), (913, 2, 0.9375, 2), (2183, 9, 0.9375, 0), (7317, 8, 0.9375, 4), (596, 6, 0.9375, 3), (1425, 4, 0.9375, 3), (7611, 9, 0.9375, 3), (209, 5, 0.9375, 3)]
>: [(2222, 5, 0.95833333333333337, 0)]
=: [(2222, 5, 0.95833333333333337, 0), (2838, 4, 0.95833333333333337, 1)]
=: [(2222, 5, 0.95833333333333337, 0), (2838, 4, 0.95833333333333337, 1), (624, 2, 0.95833333333333337, 3)]
using time: 1287.0856878757477