>: [(10611, 2, 0.76190476190476186, 0)]
=: [(10611, 2, 0.76190476190476186, 0), (4943, 1, 0.76190476190476186, 0)]
>: [(12937, 2, 0.80952380952380953, 1)]
=: [(12937, 2, 0.80952380952380953, 1), (7035, 8, 0.80952380952380953, 4)]
>: [(1936, 6, 0.90476190476190477, 0)]
=: [(1936, 6, 0.90476190476190477, 0), (1526, 4, 0.90476190476190477, 3)]
=: [(1936, 6, 0.90476190476190477, 0), (1526, 4, 0.90476190476190477, 3), (1284, 1, 0.90476190476190477, 0)]
>: [(2129, 3, 0.95238095238095233, 0)]
>: [(7, 3, 1.0, 1)]
=: [(7, 3, 1.0, 1), (1128, 4, 1.0, 0)]
=: [(7, 3, 1.0, 1), (1128, 4, 1.0, 0), (573, 9, 1.0, 1)]
=: [(7, 3, 1.0, 1), (1128, 4, 1.0, 0), (573, 9, 1.0, 1), (57, 2, 1.0, 3)]
=: [(7, 3, 1.0, 1), (1128, 4, 1.0, 0), (573, 9, 1.0, 1), (57, 2, 1.0, 3), (5, 3, 1.0, 0)]
=: [(7, 3, 1.0, 1), (1128, 4, 1.0, 0), (573, 9, 1.0, 1), (57, 2, 1.0, 3), (5, 3, 1.0, 0), (94, 1, 1.0, 3)]
=: [(7, 3, 1.0, 1), (1128, 4, 1.0, 0), (573, 9, 1.0, 1), (57, 2, 1.0, 3), (5, 3, 1.0, 0), (94, 1, 1.0, 3), (207, 4, 1.0, 3)]
=: [(7, 3, 1.0, 1), (1128, 4, 1.0, 0), (573, 9, 1.0, 1), (57, 2, 1.0, 3), (5, 3, 1.0, 0), (94, 1, 1.0, 3), (207, 4, 1.0, 3), (376, 6, 1.0, 4)]
=: [(7, 3, 1.0, 1), (1128, 4, 1.0, 0), (573, 9, 1.0, 1), (57, 2, 1.0, 3), (5, 3, 1.0, 0), (94, 1, 1.0, 3), (207, 4, 1.0, 3), (376, 6, 1.0, 4), (5432, 4, 1.0, 0)]
=: [(7, 3, 1.0, 1), (1128, 4, 1.0, 0), (573, 9, 1.0, 1), (57, 2, 1.0, 3), (5, 3, 1.0, 0), (94, 1, 1.0, 3), (207, 4, 1.0, 3), (376, 6, 1.0, 4), (5432, 4, 1.0, 0), (88, 6, 1.0, 0)]
=: [(7, 3, 1.0, 1), (1128, 4, 1.0, 0), (573, 9, 1.0, 1), (57, 2, 1.0, 3), (5, 3, 1.0, 0), (94, 1, 1.0, 3), (207, 4, 1.0, 3), (376, 6, 1.0, 4), (5432, 4, 1.0, 0), (88, 6, 1.0, 0), (91, 2, 1.0, 3)]
=: [(7, 3, 1.0, 1), (1128, 4, 1.0, 0), (573, 9, 1.0, 1), (57, 2, 1.0, 3), (5, 3, 1.0, 0), (94, 1, 1.0, 3), (207, 4, 1.0, 3), (376, 6, 1.0, 4), (5432, 4, 1.0, 0), (88, 6, 1.0, 0), (91, 2, 1.0, 3), (1791, 8, 1.0, 0)]
=: [(7, 3, 1.0, 1), (1128, 4, 1.0, 0), (573, 9, 1.0, 1), (57, 2, 1.0, 3), (5, 3, 1.0, 0), (94, 1, 1.0, 3), (207, 4, 1.0, 3), (376, 6, 1.0, 4), (5432, 4, 1.0, 0), (88, 6, 1.0, 0), (91, 2, 1.0, 3), (1791, 8, 1.0, 0), (5887, 4, 1.0, 0)]
=: [(7, 3, 1.0, 1), (1128, 4, 1.0, 0), (573, 9, 1.0, 1), (57, 2, 1.0, 3), (5, 3, 1.0, 0), (94, 1, 1.0, 3), (207, 4, 1.0, 3), (376, 6, 1.0, 4), (5432, 4, 1.0, 0), (88, 6, 1.0, 0), (91, 2, 1.0, 3), (1791, 8, 1.0, 0), (5887, 4, 1.0, 0), (26, 3, 1.0, 1)]
=: [(7, 3, 1.0, 1), (1128, 4, 1.0, 0), (573, 9, 1.0, 1), (57, 2, 1.0, 3), (5, 3, 1.0, 0), (94, 1, 1.0, 3), (207, 4, 1.0, 3), (376, 6, 1.0, 4), (5432, 4, 1.0, 0), (88, 6, 1.0, 0), (91, 2, 1.0, 3), (1791, 8, 1.0, 0), (5887, 4, 1.0, 0), (26, 3, 1.0, 1), (311, 7, 1.0, 0)]
=: [(7, 3, 1.0, 1), (1128, 4, 1.0, 0), (573, 9, 1.0, 1), (57, 2, 1.0, 3), (5, 3, 1.0, 0), (94, 1, 1.0, 3), (207, 4, 1.0, 3), (376, 6, 1.0, 4), (5432, 4, 1.0, 0), (88, 6, 1.0, 0), (91, 2, 1.0, 3), (1791, 8, 1.0, 0), (5887, 4, 1.0, 0), (26, 3, 1.0, 1), (311, 7, 1.0, 0), (197, 5, 1.0, 3)]
=: [(7, 3, 1.0, 1), (1128, 4, 1.0, 0), (573, 9, 1.0, 1), (57, 2, 1.0, 3), (5, 3, 1.0, 0), (94, 1, 1.0, 3), (207, 4, 1.0, 3), (376, 6, 1.0, 4), (5432, 4, 1.0, 0), (88, 6, 1.0, 0), (91, 2, 1.0, 3), (1791, 8, 1.0, 0), (5887, 4, 1.0, 0), (26, 3, 1.0, 1), (311, 7, 1.0, 0), (197, 5, 1.0, 3), (11, 4, 1.0, 3)]
=: [(7, 3, 1.0, 1), (1128, 4, 1.0, 0), (573, 9, 1.0, 1), (57, 2, 1.0, 3), (5, 3, 1.0, 0), (94, 1, 1.0, 3), (207, 4, 1.0, 3), (376, 6, 1.0, 4), (5432, 4, 1.0, 0), (88, 6, 1.0, 0), (91, 2, 1.0, 3), (1791, 8, 1.0, 0), (5887, 4, 1.0, 0), (26, 3, 1.0, 1), (311, 7, 1.0, 0), (197, 5, 1.0, 3), (11, 4, 1.0, 3), (74, 3, 1.0, 0)]
=: [(7, 3, 1.0, 1), (1128, 4, 1.0, 0), (573, 9, 1.0, 1), (57, 2, 1.0, 3), (5, 3, 1.0, 0), (94, 1, 1.0, 3), (207, 4, 1.0, 3), (376, 6, 1.0, 4), (5432, 4, 1.0, 0), (88, 6, 1.0, 0), (91, 2, 1.0, 3), (1791, 8, 1.0, 0), (5887, 4, 1.0, 0), (26, 3, 1.0, 1), (311, 7, 1.0, 0), (197, 5, 1.0, 3), (11, 4, 1.0, 3), (74, 3, 1.0, 0), (5433, 3, 1.0, 0)]
=: [(7, 3, 1.0, 1), (1128, 4, 1.0, 0), (573, 9, 1.0, 1), (57, 2, 1.0, 3), (5, 3, 1.0, 0), (94, 1, 1.0, 3), (207, 4, 1.0, 3), (376, 6, 1.0, 4), (5432, 4, 1.0, 0), (88, 6, 1.0, 0), (91, 2, 1.0, 3), (1791, 8, 1.0, 0), (5887, 4, 1.0, 0), (26, 3, 1.0, 1), (311, 7, 1.0, 0), (197, 5, 1.0, 3), (11, 4, 1.0, 3), (74, 3, 1.0, 0), (5433, 3, 1.0, 0), (314, 5, 1.0, 1)]
=: [(7, 3, 1.0, 1), (1128, 4, 1.0, 0), (573, 9, 1.0, 1), (57, 2, 1.0, 3), (5, 3, 1.0, 0), (94, 1, 1.0, 3), (207, 4, 1.0, 3), (376, 6, 1.0, 4), (5432, 4, 1.0, 0), (88, 6, 1.0, 0), (91, 2, 1.0, 3), (1791, 8, 1.0, 0), (5887, 4, 1.0, 0), (26, 3, 1.0, 1), (311, 7, 1.0, 0), (197, 5, 1.0, 3), (11, 4, 1.0, 3), (74, 3, 1.0, 0), (5433, 3, 1.0, 0), (314, 5, 1.0, 1), (784, 2, 1.0, 4)]
=: [(7, 3, 1.0, 1), (1128, 4, 1.0, 0), (573, 9, 1.0, 1), (57, 2, 1.0, 3), (5, 3, 1.0, 0), (94, 1, 1.0, 3), (207, 4, 1.0, 3), (376, 6, 1.0, 4), (5432, 4, 1.0, 0), (88, 6, 1.0, 0), (91, 2, 1.0, 3), (1791, 8, 1.0, 0), (5887, 4, 1.0, 0), (26, 3, 1.0, 1), (311, 7, 1.0, 0), (197, 5, 1.0, 3), (11, 4, 1.0, 3), (74, 3, 1.0, 0), (5433, 3, 1.0, 0), (314, 5, 1.0, 1), (784, 2, 1.0, 4), (544, 6, 1.0, 3)]
=: [(7, 3, 1.0, 1), (1128, 4, 1.0, 0), (573, 9, 1.0, 1), (57, 2, 1.0, 3), (5, 3, 1.0, 0), (94, 1, 1.0, 3), (207, 4, 1.0, 3), (376, 6, 1.0, 4), (5432, 4, 1.0, 0), (88, 6, 1.0, 0), (91, 2, 1.0, 3), (1791, 8, 1.0, 0), (5887, 4, 1.0, 0), (26, 3, 1.0, 1), (311, 7, 1.0, 0), (197, 5, 1.0, 3), (11, 4, 1.0, 3), (74, 3, 1.0, 0), (5433, 3, 1.0, 0), (314, 5, 1.0, 1), (784, 2, 1.0, 4), (544, 6, 1.0, 3), (15462, 10, 1.0, 1)]
=: [(7, 3, 1.0, 1), (1128, 4, 1.0, 0), (573, 9, 1.0, 1), (57, 2, 1.0, 3), (5, 3, 1.0, 0), (94, 1, 1.0, 3), (207, 4, 1.0, 3), (376, 6, 1.0, 4), (5432, 4, 1.0, 0), (88, 6, 1.0, 0), (91, 2, 1.0, 3), (1791, 8, 1.0, 0), (5887, 4, 1.0, 0), (26, 3, 1.0, 1), (311, 7, 1.0, 0), (197, 5, 1.0, 3), (11, 4, 1.0, 3), (74, 3, 1.0, 0), (5433, 3, 1.0, 0), (314, 5, 1.0, 1), (784, 2, 1.0, 4), (544, 6, 1.0, 3), (15462, 10, 1.0, 1), (3, 4, 1.0, 3)]
=: [(7, 3, 1.0, 1), (1128, 4, 1.0, 0), (573, 9, 1.0, 1), (57, 2, 1.0, 3), (5, 3, 1.0, 0), (94, 1, 1.0, 3), (207, 4, 1.0, 3), (376, 6, 1.0, 4), (5432, 4, 1.0, 0), (88, 6, 1.0, 0), (91, 2, 1.0, 3), (1791, 8, 1.0, 0), (5887, 4, 1.0, 0), (26, 3, 1.0, 1), (311, 7, 1.0, 0), (197, 5, 1.0, 3), (11, 4, 1.0, 3), (74, 3, 1.0, 0), (5433, 3, 1.0, 0), (314, 5, 1.0, 1), (784, 2, 1.0, 4), (544, 6, 1.0, 3), (15462, 10, 1.0, 1), (3, 4, 1.0, 3), (575, 7, 1.0, 1)]
=: [(7, 3, 1.0, 1), (1128, 4, 1.0, 0), (573, 9, 1.0, 1), (57, 2, 1.0, 3), (5, 3, 1.0, 0), (94, 1, 1.0, 3), (207, 4, 1.0, 3), (376, 6, 1.0, 4), (5432, 4, 1.0, 0), (88, 6, 1.0, 0), (91, 2, 1.0, 3), (1791, 8, 1.0, 0), (5887, 4, 1.0, 0), (26, 3, 1.0, 1), (311, 7, 1.0, 0), (197, 5, 1.0, 3), (11, 4, 1.0, 3), (74, 3, 1.0, 0), (5433, 3, 1.0, 0), (314, 5, 1.0, 1), (784, 2, 1.0, 4), (544, 6, 1.0, 3), (15462, 10, 1.0, 1), (3, 4, 1.0, 3), (575, 7, 1.0, 1), (274, 6, 1.0, 0)]
=: [(7, 3, 1.0, 1), (1128, 4, 1.0, 0), (573, 9, 1.0, 1), (57, 2, 1.0, 3), (5, 3, 1.0, 0), (94, 1, 1.0, 3), (207, 4, 1.0, 3), (376, 6, 1.0, 4), (5432, 4, 1.0, 0), (88, 6, 1.0, 0), (91, 2, 1.0, 3), (1791, 8, 1.0, 0), (5887, 4, 1.0, 0), (26, 3, 1.0, 1), (311, 7, 1.0, 0), (197, 5, 1.0, 3), (11, 4, 1.0, 3), (74, 3, 1.0, 0), (5433, 3, 1.0, 0), (314, 5, 1.0, 1), (784, 2, 1.0, 4), (544, 6, 1.0, 3), (15462, 10, 1.0, 1), (3, 4, 1.0, 3), (575, 7, 1.0, 1), (274, 6, 1.0, 0), (708, 7, 1.0, 0)]
=: [(7, 3, 1.0, 1), (1128, 4, 1.0, 0), (573, 9, 1.0, 1), (57, 2, 1.0, 3), (5, 3, 1.0, 0), (94, 1, 1.0, 3), (207, 4, 1.0, 3), (376, 6, 1.0, 4), (5432, 4, 1.0, 0), (88, 6, 1.0, 0), (91, 2, 1.0, 3), (1791, 8, 1.0, 0), (5887, 4, 1.0, 0), (26, 3, 1.0, 1), (311, 7, 1.0, 0), (197, 5, 1.0, 3), (11, 4, 1.0, 3), (74, 3, 1.0, 0), (5433, 3, 1.0, 0), (314, 5, 1.0, 1), (784, 2, 1.0, 4), (544, 6, 1.0, 3), (15462, 10, 1.0, 1), (3, 4, 1.0, 3), (575, 7, 1.0, 1), (274, 6, 1.0, 0), (708, 7, 1.0, 0), (5431, 5, 1.0, 1)]
=: [(7, 3, 1.0, 1), (1128, 4, 1.0, 0), (573, 9, 1.0, 1), (57, 2, 1.0, 3), (5, 3, 1.0, 0), (94, 1, 1.0, 3), (207, 4, 1.0, 3), (376, 6, 1.0, 4), (5432, 4, 1.0, 0), (88, 6, 1.0, 0), (91, 2, 1.0, 3), (1791, 8, 1.0, 0), (5887, 4, 1.0, 0), (26, 3, 1.0, 1), (311, 7, 1.0, 0), (197, 5, 1.0, 3), (11, 4, 1.0, 3), (74, 3, 1.0, 0), (5433, 3, 1.0, 0), (314, 5, 1.0, 1), (784, 2, 1.0, 4), (544, 6, 1.0, 3), (15462, 10, 1.0, 1), (3, 4, 1.0, 3), (575, 7, 1.0, 1), (274, 6, 1.0, 0), (708, 7, 1.0, 0), (5431, 5, 1.0, 1), (574, 8, 1.0, 1)]
=: [(7, 3, 1.0, 1), (1128, 4, 1.0, 0), (573, 9, 1.0, 1), (57, 2, 1.0, 3), (5, 3, 1.0, 0), (94, 1, 1.0, 3), (207, 4, 1.0, 3), (376, 6, 1.0, 4), (5432, 4, 1.0, 0), (88, 6, 1.0, 0), (91, 2, 1.0, 3), (1791, 8, 1.0, 0), (5887, 4, 1.0, 0), (26, 3, 1.0, 1), (311, 7, 1.0, 0), (197, 5, 1.0, 3), (11, 4, 1.0, 3), (74, 3, 1.0, 0), (5433, 3, 1.0, 0), (314, 5, 1.0, 1), (784, 2, 1.0, 4), (544, 6, 1.0, 3), (15462, 10, 1.0, 1), (3, 4, 1.0, 3), (575, 7, 1.0, 1), (274, 6, 1.0, 0), (708, 7, 1.0, 0), (5431, 5, 1.0, 1), (574, 8, 1.0, 1), (78, 1, 1.0, 3)]
=: [(7, 3, 1.0, 1), (1128, 4, 1.0, 0), (573, 9, 1.0, 1), (57, 2, 1.0, 3), (5, 3, 1.0, 0), (94, 1, 1.0, 3), (207, 4, 1.0, 3), (376, 6, 1.0, 4), (5432, 4, 1.0, 0), (88, 6, 1.0, 0), (91, 2, 1.0, 3), (1791, 8, 1.0, 0), (5887, 4, 1.0, 0), (26, 3, 1.0, 1), (311, 7, 1.0, 0), (197, 5, 1.0, 3), (11, 4, 1.0, 3), (74, 3, 1.0, 0), (5433, 3, 1.0, 0), (314, 5, 1.0, 1), (784, 2, 1.0, 4), (544, 6, 1.0, 3), (15462, 10, 1.0, 1), (3, 4, 1.0, 3), (575, 7, 1.0, 1), (274, 6, 1.0, 0), (708, 7, 1.0, 0), (5431, 5, 1.0, 1), (574, 8, 1.0, 1), (78, 1, 1.0, 3), (90, 5, 1.0, 0)]
=: [(7, 3, 1.0, 1), (1128, 4, 1.0, 0), (573, 9, 1.0, 1), (57, 2, 1.0, 3), (5, 3, 1.0, 0), (94, 1, 1.0, 3), (207, 4, 1.0, 3), (376, 6, 1.0, 4), (5432, 4, 1.0, 0), (88, 6, 1.0, 0), (91, 2, 1.0, 3), (1791, 8, 1.0, 0), (5887, 4, 1.0, 0), (26, 3, 1.0, 1), (311, 7, 1.0, 0), (197, 5, 1.0, 3), (11, 4, 1.0, 3), (74, 3, 1.0, 0), (5433, 3, 1.0, 0), (314, 5, 1.0, 1), (784, 2, 1.0, 4), (544, 6, 1.0, 3), (15462, 10, 1.0, 1), (3, 4, 1.0, 3), (575, 7, 1.0, 1), (274, 6, 1.0, 0), (708, 7, 1.0, 0), (5431, 5, 1.0, 1), (574, 8, 1.0, 1), (78, 1, 1.0, 3), (90, 5, 1.0, 0), (747, 6, 1.0, 1)]
=: [(7, 3, 1.0, 1), (1128, 4, 1.0, 0), (573, 9, 1.0, 1), (57, 2, 1.0, 3), (5, 3, 1.0, 0), (94, 1, 1.0, 3), (207, 4, 1.0, 3), (376, 6, 1.0, 4), (5432, 4, 1.0, 0), (88, 6, 1.0, 0), (91, 2, 1.0, 3), (1791, 8, 1.0, 0), (5887, 4, 1.0, 0), (26, 3, 1.0, 1), (311, 7, 1.0, 0), (197, 5, 1.0, 3), (11, 4, 1.0, 3), (74, 3, 1.0, 0), (5433, 3, 1.0, 0), (314, 5, 1.0, 1), (784, 2, 1.0, 4), (544, 6, 1.0, 3), (15462, 10, 1.0, 1), (3, 4, 1.0, 3), (575, 7, 1.0, 1), (274, 6, 1.0, 0), (708, 7, 1.0, 0), (5431, 5, 1.0, 1), (574, 8, 1.0, 1), (78, 1, 1.0, 3), (90, 5, 1.0, 0), (747, 6, 1.0, 1), (273, 7, 1.0, 0)]
=: [(7, 3, 1.0, 1), (1128, 4, 1.0, 0), (573, 9, 1.0, 1), (57, 2, 1.0, 3), (5, 3, 1.0, 0), (94, 1, 1.0, 3), (207, 4, 1.0, 3), (376, 6, 1.0, 4), (5432, 4, 1.0, 0), (88, 6, 1.0, 0), (91, 2, 1.0, 3), (1791, 8, 1.0, 0), (5887, 4, 1.0, 0), (26, 3, 1.0, 1), (311, 7, 1.0, 0), (197, 5, 1.0, 3), (11, 4, 1.0, 3), (74, 3, 1.0, 0), (5433, 3, 1.0, 0), (314, 5, 1.0, 1), (784, 2, 1.0, 4), (544, 6, 1.0, 3), (15462, 10, 1.0, 1), (3, 4, 1.0, 3), (575, 7, 1.0, 1), (274, 6, 1.0, 0), (708, 7, 1.0, 0), (5431, 5, 1.0, 1), (574, 8, 1.0, 1), (78, 1, 1.0, 3), (90, 5, 1.0, 0), (747, 6, 1.0, 1), (273, 7, 1.0, 0), (1345, 5, 1.0, 3)]
=: [(7, 3, 1.0, 1), (1128, 4, 1.0, 0), (573, 9, 1.0, 1), (57, 2, 1.0, 3), (5, 3, 1.0, 0), (94, 1, 1.0, 3), (207, 4, 1.0, 3), (376, 6, 1.0, 4), (5432, 4, 1.0, 0), (88, 6, 1.0, 0), (91, 2, 1.0, 3), (1791, 8, 1.0, 0), (5887, 4, 1.0, 0), (26, 3, 1.0, 1), (311, 7, 1.0, 0), (197, 5, 1.0, 3), (11, 4, 1.0, 3), (74, 3, 1.0, 0), (5433, 3, 1.0, 0), (314, 5, 1.0, 1), (784, 2, 1.0, 4), (544, 6, 1.0, 3), (15462, 10, 1.0, 1), (3, 4, 1.0, 3), (575, 7, 1.0, 1), (274, 6, 1.0, 0), (708, 7, 1.0, 0), (5431, 5, 1.0, 1), (574, 8, 1.0, 1), (78, 1, 1.0, 3), (90, 5, 1.0, 0), (747, 6, 1.0, 1), (273, 7, 1.0, 0), (1345, 5, 1.0, 3), (198, 6, 1.0, 3)]
=: [(7, 3, 1.0, 1), (1128, 4, 1.0, 0), (573, 9, 1.0, 1), (57, 2, 1.0, 3), (5, 3, 1.0, 0), (94, 1, 1.0, 3), (207, 4, 1.0, 3), (376, 6, 1.0, 4), (5432, 4, 1.0, 0), (88, 6, 1.0, 0), (91, 2, 1.0, 3), (1791, 8, 1.0, 0), (5887, 4, 1.0, 0), (26, 3, 1.0, 1), (311, 7, 1.0, 0), (197, 5, 1.0, 3), (11, 4, 1.0, 3), (74, 3, 1.0, 0), (5433, 3, 1.0, 0), (314, 5, 1.0, 1), (784, 2, 1.0, 4), (544, 6, 1.0, 3), (15462, 10, 1.0, 1), (3, 4, 1.0, 3), (575, 7, 1.0, 1), (274, 6, 1.0, 0), (708, 7, 1.0, 0), (5431, 5, 1.0, 1), (574, 8, 1.0, 1), (78, 1, 1.0, 3), (90, 5, 1.0, 0), (747, 6, 1.0, 1), (273, 7, 1.0, 0), (1345, 5, 1.0, 3), (198, 6, 1.0, 3), (6, 4, 1.0, 1)]
=: [(7, 3, 1.0, 1), (1128, 4, 1.0, 0), (573, 9, 1.0, 1), (57, 2, 1.0, 3), (5, 3, 1.0, 0), (94, 1, 1.0, 3), (207, 4, 1.0, 3), (376, 6, 1.0, 4), (5432, 4, 1.0, 0), (88, 6, 1.0, 0), (91, 2, 1.0, 3), (1791, 8, 1.0, 0), (5887, 4, 1.0, 0), (26, 3, 1.0, 1), (311, 7, 1.0, 0), (197, 5, 1.0, 3), (11, 4, 1.0, 3), (74, 3, 1.0, 0), (5433, 3, 1.0, 0), (314, 5, 1.0, 1), (784, 2, 1.0, 4), (544, 6, 1.0, 3), (15462, 10, 1.0, 1), (3, 4, 1.0, 3), (575, 7, 1.0, 1), (274, 6, 1.0, 0), (708, 7, 1.0, 0), (5431, 5, 1.0, 1), (574, 8, 1.0, 1), (78, 1, 1.0, 3), (90, 5, 1.0, 0), (747, 6, 1.0, 1), (273, 7, 1.0, 0), (1345, 5, 1.0, 3), (198, 6, 1.0, 3), (6, 4, 1.0, 1), (205, 5, 1.0, 3)]
=: [(7, 3, 1.0, 1), (1128, 4, 1.0, 0), (573, 9, 1.0, 1), (57, 2, 1.0, 3), (5, 3, 1.0, 0), (94, 1, 1.0, 3), (207, 4, 1.0, 3), (376, 6, 1.0, 4), (5432, 4, 1.0, 0), (88, 6, 1.0, 0), (91, 2, 1.0, 3), (1791, 8, 1.0, 0), (5887, 4, 1.0, 0), (26, 3, 1.0, 1), (311, 7, 1.0, 0), (197, 5, 1.0, 3), (11, 4, 1.0, 3), (74, 3, 1.0, 0), (5433, 3, 1.0, 0), (314, 5, 1.0, 1), (784, 2, 1.0, 4), (544, 6, 1.0, 3), (15462, 10, 1.0, 1), (3, 4, 1.0, 3), (575, 7, 1.0, 1), (274, 6, 1.0, 0), (708, 7, 1.0, 0), (5431, 5, 1.0, 1), (574, 8, 1.0, 1), (78, 1, 1.0, 3), (90, 5, 1.0, 0), (747, 6, 1.0, 1), (273, 7, 1.0, 0), (1345, 5, 1.0, 3), (198, 6, 1.0, 3), (6, 4, 1.0, 1), (205, 5, 1.0, 3), (45, 6, 1.0, 4)]
=: [(7, 3, 1.0, 1), (1128, 4, 1.0, 0), (573, 9, 1.0, 1), (57, 2, 1.0, 3), (5, 3, 1.0, 0), (94, 1, 1.0, 3), (207, 4, 1.0, 3), (376, 6, 1.0, 4), (5432, 4, 1.0, 0), (88, 6, 1.0, 0), (91, 2, 1.0, 3), (1791, 8, 1.0, 0), (5887, 4, 1.0, 0), (26, 3, 1.0, 1), (311, 7, 1.0, 0), (197, 5, 1.0, 3), (11, 4, 1.0, 3), (74, 3, 1.0, 0), (5433, 3, 1.0, 0), (314, 5, 1.0, 1), (784, 2, 1.0, 4), (544, 6, 1.0, 3), (15462, 10, 1.0, 1), (3, 4, 1.0, 3), (575, 7, 1.0, 1), (274, 6, 1.0, 0), (708, 7, 1.0, 0), (5431, 5, 1.0, 1), (574, 8, 1.0, 1), (78, 1, 1.0, 3), (90, 5, 1.0, 0), (747, 6, 1.0, 1), (273, 7, 1.0, 0), (1345, 5, 1.0, 3), (198, 6, 1.0, 3), (6, 4, 1.0, 1), (205, 5, 1.0, 3), (45, 6, 1.0, 4), (259, 5, 1.0, 3)]
=: [(7, 3, 1.0, 1), (1128, 4, 1.0, 0), (573, 9, 1.0, 1), (57, 2, 1.0, 3), (5, 3, 1.0, 0), (94, 1, 1.0, 3), (207, 4, 1.0, 3), (376, 6, 1.0, 4), (5432, 4, 1.0, 0), (88, 6, 1.0, 0), (91, 2, 1.0, 3), (1791, 8, 1.0, 0), (5887, 4, 1.0, 0), (26, 3, 1.0, 1), (311, 7, 1.0, 0), (197, 5, 1.0, 3), (11, 4, 1.0, 3), (74, 3, 1.0, 0), (5433, 3, 1.0, 0), (314, 5, 1.0, 1), (784, 2, 1.0, 4), (544, 6, 1.0, 3), (15462, 10, 1.0, 1), (3, 4, 1.0, 3), (575, 7, 1.0, 1), (274, 6, 1.0, 0), (708, 7, 1.0, 0), (5431, 5, 1.0, 1), (574, 8, 1.0, 1), (78, 1, 1.0, 3), (90, 5, 1.0, 0), (747, 6, 1.0, 1), (273, 7, 1.0, 0), (1345, 5, 1.0, 3), (198, 6, 1.0, 3), (6, 4, 1.0, 1), (205, 5, 1.0, 3), (45, 6, 1.0, 4), (259, 5, 1.0, 3), (5834, 8, 1.0, 0)]
=: [(7, 3, 1.0, 1), (1128, 4, 1.0, 0), (573, 9, 1.0, 1), (57, 2, 1.0, 3), (5, 3, 1.0, 0), (94, 1, 1.0, 3), (207, 4, 1.0, 3), (376, 6, 1.0, 4), (5432, 4, 1.0, 0), (88, 6, 1.0, 0), (91, 2, 1.0, 3), (1791, 8, 1.0, 0), (5887, 4, 1.0, 0), (26, 3, 1.0, 1), (311, 7, 1.0, 0), (197, 5, 1.0, 3), (11, 4, 1.0, 3), (74, 3, 1.0, 0), (5433, 3, 1.0, 0), (314, 5, 1.0, 1), (784, 2, 1.0, 4), (544, 6, 1.0, 3), (15462, 10, 1.0, 1), (3, 4, 1.0, 3), (575, 7, 1.0, 1), (274, 6, 1.0, 0), (708, 7, 1.0, 0), (5431, 5, 1.0, 1), (574, 8, 1.0, 1), (78, 1, 1.0, 3), (90, 5, 1.0, 0), (747, 6, 1.0, 1), (273, 7, 1.0, 0), (1345, 5, 1.0, 3), (198, 6, 1.0, 3), (6, 4, 1.0, 1), (205, 5, 1.0, 3), (45, 6, 1.0, 4), (259, 5, 1.0, 3), (5834, 8, 1.0, 0), (9, 1, 1.0, 0)]
=: [(7, 3, 1.0, 1), (1128, 4, 1.0, 0), (573, 9, 1.0, 1), (57, 2, 1.0, 3), (5, 3, 1.0, 0), (94, 1, 1.0, 3), (207, 4, 1.0, 3), (376, 6, 1.0, 4), (5432, 4, 1.0, 0), (88, 6, 1.0, 0), (91, 2, 1.0, 3), (1791, 8, 1.0, 0), (5887, 4, 1.0, 0), (26, 3, 1.0, 1), (311, 7, 1.0, 0), (197, 5, 1.0, 3), (11, 4, 1.0, 3), (74, 3, 1.0, 0), (5433, 3, 1.0, 0), (314, 5, 1.0, 1), (784, 2, 1.0, 4), (544, 6, 1.0, 3), (15462, 10, 1.0, 1), (3, 4, 1.0, 3), (575, 7, 1.0, 1), (274, 6, 1.0, 0), (708, 7, 1.0, 0), (5431, 5, 1.0, 1), (574, 8, 1.0, 1), (78, 1, 1.0, 3), (90, 5, 1.0, 0), (747, 6, 1.0, 1), (273, 7, 1.0, 0), (1345, 5, 1.0, 3), (198, 6, 1.0, 3), (6, 4, 1.0, 1), (205, 5, 1.0, 3), (45, 6, 1.0, 4), (259, 5, 1.0, 3), (5834, 8, 1.0, 0), (9, 1, 1.0, 0), (327, 5, 1.0, 2)]
=: [(7, 3, 1.0, 1), (1128, 4, 1.0, 0), (573, 9, 1.0, 1), (57, 2, 1.0, 3), (5, 3, 1.0, 0), (94, 1, 1.0, 3), (207, 4, 1.0, 3), (376, 6, 1.0, 4), (5432, 4, 1.0, 0), (88, 6, 1.0, 0), (91, 2, 1.0, 3), (1791, 8, 1.0, 0), (5887, 4, 1.0, 0), (26, 3, 1.0, 1), (311, 7, 1.0, 0), (197, 5, 1.0, 3), (11, 4, 1.0, 3), (74, 3, 1.0, 0), (5433, 3, 1.0, 0), (314, 5, 1.0, 1), (784, 2, 1.0, 4), (544, 6, 1.0, 3), (15462, 10, 1.0, 1), (3, 4, 1.0, 3), (575, 7, 1.0, 1), (274, 6, 1.0, 0), (708, 7, 1.0, 0), (5431, 5, 1.0, 1), (574, 8, 1.0, 1), (78, 1, 1.0, 3), (90, 5, 1.0, 0), (747, 6, 1.0, 1), (273, 7, 1.0, 0), (1345, 5, 1.0, 3), (198, 6, 1.0, 3), (6, 4, 1.0, 1), (205, 5, 1.0, 3), (45, 6, 1.0, 4), (259, 5, 1.0, 3), (5834, 8, 1.0, 0), (9, 1, 1.0, 0), (327, 5, 1.0, 2), (277, 4, 1.0, 0)]
=: [(7, 3, 1.0, 1), (1128, 4, 1.0, 0), (573, 9, 1.0, 1), (57, 2, 1.0, 3), (5, 3, 1.0, 0), (94, 1, 1.0, 3), (207, 4, 1.0, 3), (376, 6, 1.0, 4), (5432, 4, 1.0, 0), (88, 6, 1.0, 0), (91, 2, 1.0, 3), (1791, 8, 1.0, 0), (5887, 4, 1.0, 0), (26, 3, 1.0, 1), (311, 7, 1.0, 0), (197, 5, 1.0, 3), (11, 4, 1.0, 3), (74, 3, 1.0, 0), (5433, 3, 1.0, 0), (314, 5, 1.0, 1), (784, 2, 1.0, 4), (544, 6, 1.0, 3), (15462, 10, 1.0, 1), (3, 4, 1.0, 3), (575, 7, 1.0, 1), (274, 6, 1.0, 0), (708, 7, 1.0, 0), (5431, 5, 1.0, 1), (574, 8, 1.0, 1), (78, 1, 1.0, 3), (90, 5, 1.0, 0), (747, 6, 1.0, 1), (273, 7, 1.0, 0), (1345, 5, 1.0, 3), (198, 6, 1.0, 3), (6, 4, 1.0, 1), (205, 5, 1.0, 3), (45, 6, 1.0, 4), (259, 5, 1.0, 3), (5834, 8, 1.0, 0), (9, 1, 1.0, 0), (327, 5, 1.0, 2), (277, 4, 1.0, 0), (0, 2, 1.0, 0)]
using time: 901.0933971405029