>: [(1326, 1, 0.73913043478260865, 0)]
>: [(617, 5, 0.86956521739130432, 4)]
>: [(197, 4, 0.95652173913043481, 0)]
=: [(197, 4, 0.95652173913043481, 0), (296, 6, 0.95652173913043481, 3)]
>: [(385, 6, 1.0, 0)]
=: [(385, 6, 1.0, 0), (237, 5, 1.0, 4)]
=: [(385, 6, 1.0, 0), (237, 5, 1.0, 4), (352, 4, 1.0, 1)]
=: [(385, 6, 1.0, 0), (237, 5, 1.0, 4), (352, 4, 1.0, 1), (253, 6, 1.0, 1)]
=: [(385, 6, 1.0, 0), (237, 5, 1.0, 4), (352, 4, 1.0, 1), (253, 6, 1.0, 1), (160, 10, 1.0, 0)]
=: [(385, 6, 1.0, 0), (237, 5, 1.0, 4), (352, 4, 1.0, 1), (253, 6, 1.0, 1), (160, 10, 1.0, 0), (266, 7, 1.0, 3)]
=: [(385, 6, 1.0, 0), (237, 5, 1.0, 4), (352, 4, 1.0, 1), (253, 6, 1.0, 1), (160, 10, 1.0, 0), (266, 7, 1.0, 3), (92, 8, 1.0, 3)]
=: [(385, 6, 1.0, 0), (237, 5, 1.0, 4), (352, 4, 1.0, 1), (253, 6, 1.0, 1), (160, 10, 1.0, 0), (266, 7, 1.0, 3), (92, 8, 1.0, 3), (16, 5, 1.0, 3)]
=: [(385, 6, 1.0, 0), (237, 5, 1.0, 4), (352, 4, 1.0, 1), (253, 6, 1.0, 1), (160, 10, 1.0, 0), (266, 7, 1.0, 3), (92, 8, 1.0, 3), (16, 5, 1.0, 3), (254, 6, 1.0, 0)]
=: [(385, 6, 1.0, 0), (237, 5, 1.0, 4), (352, 4, 1.0, 1), (253, 6, 1.0, 1), (160, 10, 1.0, 0), (266, 7, 1.0, 3), (92, 8, 1.0, 3), (16, 5, 1.0, 3), (254, 6, 1.0, 0), (215, 11, 1.0, 0)]
=: [(385, 6, 1.0, 0), (237, 5, 1.0, 4), (352, 4, 1.0, 1), (253, 6, 1.0, 1), (160, 10, 1.0, 0), (266, 7, 1.0, 3), (92, 8, 1.0, 3), (16, 5, 1.0, 3), (254, 6, 1.0, 0), (215, 11, 1.0, 0), (0, 2, 1.0, 1)]
=: [(385, 6, 1.0, 0), (237, 5, 1.0, 4), (352, 4, 1.0, 1), (253, 6, 1.0, 1), (160, 10, 1.0, 0), (266, 7, 1.0, 3), (92, 8, 1.0, 3), (16, 5, 1.0, 3), (254, 6, 1.0, 0), (215, 11, 1.0, 0), (0, 2, 1.0, 1), (351, 2, 1.0, 0)]
=: [(385, 6, 1.0, 0), (237, 5, 1.0, 4), (352, 4, 1.0, 1), (253, 6, 1.0, 1), (160, 10, 1.0, 0), (266, 7, 1.0, 3), (92, 8, 1.0, 3), (16, 5, 1.0, 3), (254, 6, 1.0, 0), (215, 11, 1.0, 0), (0, 2, 1.0, 1), (351, 2, 1.0, 0), (94, 6, 1.0, 3)]
=: [(385, 6, 1.0, 0), (237, 5, 1.0, 4), (352, 4, 1.0, 1), (253, 6, 1.0, 1), (160, 10, 1.0, 0), (266, 7, 1.0, 3), (92, 8, 1.0, 3), (16, 5, 1.0, 3), (254, 6, 1.0, 0), (215, 11, 1.0, 0), (0, 2, 1.0, 1), (351, 2, 1.0, 0), (94, 6, 1.0, 3), (7, 7, 1.0, 0)]
=: [(385, 6, 1.0, 0), (237, 5, 1.0, 4), (352, 4, 1.0, 1), (253, 6, 1.0, 1), (160, 10, 1.0, 0), (266, 7, 1.0, 3), (92, 8, 1.0, 3), (16, 5, 1.0, 3), (254, 6, 1.0, 0), (215, 11, 1.0, 0), (0, 2, 1.0, 1), (351, 2, 1.0, 0), (94, 6, 1.0, 3), (7, 7, 1.0, 0), (536, 10, 1.0, 0)]
=: [(385, 6, 1.0, 0), (237, 5, 1.0, 4), (352, 4, 1.0, 1), (253, 6, 1.0, 1), (160, 10, 1.0, 0), (266, 7, 1.0, 3), (92, 8, 1.0, 3), (16, 5, 1.0, 3), (254, 6, 1.0, 0), (215, 11, 1.0, 0), (0, 2, 1.0, 1), (351, 2, 1.0, 0), (94, 6, 1.0, 3), (7, 7, 1.0, 0), (536, 10, 1.0, 0), (58, 8, 1.0, 3)]
=: [(385, 6, 1.0, 0), (237, 5, 1.0, 4), (352, 4, 1.0, 1), (253, 6, 1.0, 1), (160, 10, 1.0, 0), (266, 7, 1.0, 3), (92, 8, 1.0, 3), (16, 5, 1.0, 3), (254, 6, 1.0, 0), (215, 11, 1.0, 0), (0, 2, 1.0, 1), (351, 2, 1.0, 0), (94, 6, 1.0, 3), (7, 7, 1.0, 0), (536, 10, 1.0, 0), (58, 8, 1.0, 3), (492, 13, 1.0, 3)]
=: [(385, 6, 1.0, 0), (237, 5, 1.0, 4), (352, 4, 1.0, 1), (253, 6, 1.0, 1), (160, 10, 1.0, 0), (266, 7, 1.0, 3), (92, 8, 1.0, 3), (16, 5, 1.0, 3), (254, 6, 1.0, 0), (215, 11, 1.0, 0), (0, 2, 1.0, 1), (351, 2, 1.0, 0), (94, 6, 1.0, 3), (7, 7, 1.0, 0), (536, 10, 1.0, 0), (58, 8, 1.0, 3), (492, 13, 1.0, 3), (252, 8, 1.0, 1)]
=: [(385, 6, 1.0, 0), (237, 5, 1.0, 4), (352, 4, 1.0, 1), (253, 6, 1.0, 1), (160, 10, 1.0, 0), (266, 7, 1.0, 3), (92, 8, 1.0, 3), (16, 5, 1.0, 3), (254, 6, 1.0, 0), (215, 11, 1.0, 0), (0, 2, 1.0, 1), (351, 2, 1.0, 0), (94, 6, 1.0, 3), (7, 7, 1.0, 0), (536, 10, 1.0, 0), (58, 8, 1.0, 3), (492, 13, 1.0, 3), (252, 8, 1.0, 1), (297, 6, 1.0, 0)]
=: [(385, 6, 1.0, 0), (237, 5, 1.0, 4), (352, 4, 1.0, 1), (253, 6, 1.0, 1), (160, 10, 1.0, 0), (266, 7, 1.0, 3), (92, 8, 1.0, 3), (16, 5, 1.0, 3), (254, 6, 1.0, 0), (215, 11, 1.0, 0), (0, 2, 1.0, 1), (351, 2, 1.0, 0), (94, 6, 1.0, 3), (7, 7, 1.0, 0), (536, 10, 1.0, 0), (58, 8, 1.0, 3), (492, 13, 1.0, 3), (252, 8, 1.0, 1), (297, 6, 1.0, 0), (462, 4, 1.0, 0)]
=: [(385, 6, 1.0, 0), (237, 5, 1.0, 4), (352, 4, 1.0, 1), (253, 6, 1.0, 1), (160, 10, 1.0, 0), (266, 7, 1.0, 3), (92, 8, 1.0, 3), (16, 5, 1.0, 3), (254, 6, 1.0, 0), (215, 11, 1.0, 0), (0, 2, 1.0, 1), (351, 2, 1.0, 0), (94, 6, 1.0, 3), (7, 7, 1.0, 0), (536, 10, 1.0, 0), (58, 8, 1.0, 3), (492, 13, 1.0, 3), (252, 8, 1.0, 1), (297, 6, 1.0, 0), (462, 4, 1.0, 0), (366, 5, 1.0, 3)]
=: [(385, 6, 1.0, 0), (237, 5, 1.0, 4), (352, 4, 1.0, 1), (253, 6, 1.0, 1), (160, 10, 1.0, 0), (266, 7, 1.0, 3), (92, 8, 1.0, 3), (16, 5, 1.0, 3), (254, 6, 1.0, 0), (215, 11, 1.0, 0), (0, 2, 1.0, 1), (351, 2, 1.0, 0), (94, 6, 1.0, 3), (7, 7, 1.0, 0), (536, 10, 1.0, 0), (58, 8, 1.0, 3), (492, 13, 1.0, 3), (252, 8, 1.0, 1), (297, 6, 1.0, 0), (462, 4, 1.0, 0), (366, 5, 1.0, 3), (362, 7, 1.0, 3)]
=: [(385, 6, 1.0, 0), (237, 5, 1.0, 4), (352, 4, 1.0, 1), (253, 6, 1.0, 1), (160, 10, 1.0, 0), (266, 7, 1.0, 3), (92, 8, 1.0, 3), (16, 5, 1.0, 3), (254, 6, 1.0, 0), (215, 11, 1.0, 0), (0, 2, 1.0, 1), (351, 2, 1.0, 0), (94, 6, 1.0, 3), (7, 7, 1.0, 0), (536, 10, 1.0, 0), (58, 8, 1.0, 3), (492, 13, 1.0, 3), (252, 8, 1.0, 1), (297, 6, 1.0, 0), (462, 4, 1.0, 0), (366, 5, 1.0, 3), (362, 7, 1.0, 3), (47, 9, 1.0, 2)]
=: [(385, 6, 1.0, 0), (237, 5, 1.0, 4), (352, 4, 1.0, 1), (253, 6, 1.0, 1), (160, 10, 1.0, 0), (266, 7, 1.0, 3), (92, 8, 1.0, 3), (16, 5, 1.0, 3), (254, 6, 1.0, 0), (215, 11, 1.0, 0), (0, 2, 1.0, 1), (351, 2, 1.0, 0), (94, 6, 1.0, 3), (7, 7, 1.0, 0), (536, 10, 1.0, 0), (58, 8, 1.0, 3), (492, 13, 1.0, 3), (252, 8, 1.0, 1), (297, 6, 1.0, 0), (462, 4, 1.0, 0), (366, 5, 1.0, 3), (362, 7, 1.0, 3), (47, 9, 1.0, 2), (176, 9, 1.0, 3)]
=: [(385, 6, 1.0, 0), (237, 5, 1.0, 4), (352, 4, 1.0, 1), (253, 6, 1.0, 1), (160, 10, 1.0, 0), (266, 7, 1.0, 3), (92, 8, 1.0, 3), (16, 5, 1.0, 3), (254, 6, 1.0, 0), (215, 11, 1.0, 0), (0, 2, 1.0, 1), (351, 2, 1.0, 0), (94, 6, 1.0, 3), (7, 7, 1.0, 0), (536, 10, 1.0, 0), (58, 8, 1.0, 3), (492, 13, 1.0, 3), (252, 8, 1.0, 1), (297, 6, 1.0, 0), (462, 4, 1.0, 0), (366, 5, 1.0, 3), (362, 7, 1.0, 3), (47, 9, 1.0, 2), (176, 9, 1.0, 3), (151, 8, 1.0, 0)]
=: [(385, 6, 1.0, 0), (237, 5, 1.0, 4), (352, 4, 1.0, 1), (253, 6, 1.0, 1), (160, 10, 1.0, 0), (266, 7, 1.0, 3), (92, 8, 1.0, 3), (16, 5, 1.0, 3), (254, 6, 1.0, 0), (215, 11, 1.0, 0), (0, 2, 1.0, 1), (351, 2, 1.0, 0), (94, 6, 1.0, 3), (7, 7, 1.0, 0), (536, 10, 1.0, 0), (58, 8, 1.0, 3), (492, 13, 1.0, 3), (252, 8, 1.0, 1), (297, 6, 1.0, 0), (462, 4, 1.0, 0), (366, 5, 1.0, 3), (362, 7, 1.0, 3), (47, 9, 1.0, 2), (176, 9, 1.0, 3), (151, 8, 1.0, 0), (14, 3, 1.0, 1)]
=: [(385, 6, 1.0, 0), (237, 5, 1.0, 4), (352, 4, 1.0, 1), (253, 6, 1.0, 1), (160, 10, 1.0, 0), (266, 7, 1.0, 3), (92, 8, 1.0, 3), (16, 5, 1.0, 3), (254, 6, 1.0, 0), (215, 11, 1.0, 0), (0, 2, 1.0, 1), (351, 2, 1.0, 0), (94, 6, 1.0, 3), (7, 7, 1.0, 0), (536, 10, 1.0, 0), (58, 8, 1.0, 3), (492, 13, 1.0, 3), (252, 8, 1.0, 1), (297, 6, 1.0, 0), (462, 4, 1.0, 0), (366, 5, 1.0, 3), (362, 7, 1.0, 3), (47, 9, 1.0, 2), (176, 9, 1.0, 3), (151, 8, 1.0, 0), (14, 3, 1.0, 1), (141, 6, 1.0, 0)]
=: [(385, 6, 1.0, 0), (237, 5, 1.0, 4), (352, 4, 1.0, 1), (253, 6, 1.0, 1), (160, 10, 1.0, 0), (266, 7, 1.0, 3), (92, 8, 1.0, 3), (16, 5, 1.0, 3), (254, 6, 1.0, 0), (215, 11, 1.0, 0), (0, 2, 1.0, 1), (351, 2, 1.0, 0), (94, 6, 1.0, 3), (7, 7, 1.0, 0), (536, 10, 1.0, 0), (58, 8, 1.0, 3), (492, 13, 1.0, 3), (252, 8, 1.0, 1), (297, 6, 1.0, 0), (462, 4, 1.0, 0), (366, 5, 1.0, 3), (362, 7, 1.0, 3), (47, 9, 1.0, 2), (176, 9, 1.0, 3), (151, 8, 1.0, 0), (14, 3, 1.0, 1), (141, 6, 1.0, 0), (4, 4, 1.0, 0)]
=: [(385, 6, 1.0, 0), (237, 5, 1.0, 4), (352, 4, 1.0, 1), (253, 6, 1.0, 1), (160, 10, 1.0, 0), (266, 7, 1.0, 3), (92, 8, 1.0, 3), (16, 5, 1.0, 3), (254, 6, 1.0, 0), (215, 11, 1.0, 0), (0, 2, 1.0, 1), (351, 2, 1.0, 0), (94, 6, 1.0, 3), (7, 7, 1.0, 0), (536, 10, 1.0, 0), (58, 8, 1.0, 3), (492, 13, 1.0, 3), (252, 8, 1.0, 1), (297, 6, 1.0, 0), (462, 4, 1.0, 0), (366, 5, 1.0, 3), (362, 7, 1.0, 3), (47, 9, 1.0, 2), (176, 9, 1.0, 3), (151, 8, 1.0, 0), (14, 3, 1.0, 1), (141, 6, 1.0, 0), (4, 4, 1.0, 0), (367, 4, 1.0, 3)]
=: [(385, 6, 1.0, 0), (237, 5, 1.0, 4), (352, 4, 1.0, 1), (253, 6, 1.0, 1), (160, 10, 1.0, 0), (266, 7, 1.0, 3), (92, 8, 1.0, 3), (16, 5, 1.0, 3), (254, 6, 1.0, 0), (215, 11, 1.0, 0), (0, 2, 1.0, 1), (351, 2, 1.0, 0), (94, 6, 1.0, 3), (7, 7, 1.0, 0), (536, 10, 1.0, 0), (58, 8, 1.0, 3), (492, 13, 1.0, 3), (252, 8, 1.0, 1), (297, 6, 1.0, 0), (462, 4, 1.0, 0), (366, 5, 1.0, 3), (362, 7, 1.0, 3), (47, 9, 1.0, 2), (176, 9, 1.0, 3), (151, 8, 1.0, 0), (14, 3, 1.0, 1), (141, 6, 1.0, 0), (4, 4, 1.0, 0), (367, 4, 1.0, 3), (179, 7, 1.0, 3)]
=: [(385, 6, 1.0, 0), (237, 5, 1.0, 4), (352, 4, 1.0, 1), (253, 6, 1.0, 1), (160, 10, 1.0, 0), (266, 7, 1.0, 3), (92, 8, 1.0, 3), (16, 5, 1.0, 3), (254, 6, 1.0, 0), (215, 11, 1.0, 0), (0, 2, 1.0, 1), (351, 2, 1.0, 0), (94, 6, 1.0, 3), (7, 7, 1.0, 0), (536, 10, 1.0, 0), (58, 8, 1.0, 3), (492, 13, 1.0, 3), (252, 8, 1.0, 1), (297, 6, 1.0, 0), (462, 4, 1.0, 0), (366, 5, 1.0, 3), (362, 7, 1.0, 3), (47, 9, 1.0, 2), (176, 9, 1.0, 3), (151, 8, 1.0, 0), (14, 3, 1.0, 1), (141, 6, 1.0, 0), (4, 4, 1.0, 0), (367, 4, 1.0, 3), (179, 7, 1.0, 3), (65, 5, 1.0, 0)]
=: [(385, 6, 1.0, 0), (237, 5, 1.0, 4), (352, 4, 1.0, 1), (253, 6, 1.0, 1), (160, 10, 1.0, 0), (266, 7, 1.0, 3), (92, 8, 1.0, 3), (16, 5, 1.0, 3), (254, 6, 1.0, 0), (215, 11, 1.0, 0), (0, 2, 1.0, 1), (351, 2, 1.0, 0), (94, 6, 1.0, 3), (7, 7, 1.0, 0), (536, 10, 1.0, 0), (58, 8, 1.0, 3), (492, 13, 1.0, 3), (252, 8, 1.0, 1), (297, 6, 1.0, 0), (462, 4, 1.0, 0), (366, 5, 1.0, 3), (362, 7, 1.0, 3), (47, 9, 1.0, 2), (176, 9, 1.0, 3), (151, 8, 1.0, 0), (14, 3, 1.0, 1), (141, 6, 1.0, 0), (4, 4, 1.0, 0), (367, 4, 1.0, 3), (179, 7, 1.0, 3), (65, 5, 1.0, 0), (127, 8, 1.0, 3)]
=: [(385, 6, 1.0, 0), (237, 5, 1.0, 4), (352, 4, 1.0, 1), (253, 6, 1.0, 1), (160, 10, 1.0, 0), (266, 7, 1.0, 3), (92, 8, 1.0, 3), (16, 5, 1.0, 3), (254, 6, 1.0, 0), (215, 11, 1.0, 0), (0, 2, 1.0, 1), (351, 2, 1.0, 0), (94, 6, 1.0, 3), (7, 7, 1.0, 0), (536, 10, 1.0, 0), (58, 8, 1.0, 3), (492, 13, 1.0, 3), (252, 8, 1.0, 1), (297, 6, 1.0, 0), (462, 4, 1.0, 0), (366, 5, 1.0, 3), (362, 7, 1.0, 3), (47, 9, 1.0, 2), (176, 9, 1.0, 3), (151, 8, 1.0, 0), (14, 3, 1.0, 1), (141, 6, 1.0, 0), (4, 4, 1.0, 0), (367, 4, 1.0, 3), (179, 7, 1.0, 3), (65, 5, 1.0, 0), (127, 8, 1.0, 3), (207, 6, 1.0, 3)]
=: [(385, 6, 1.0, 0), (237, 5, 1.0, 4), (352, 4, 1.0, 1), (253, 6, 1.0, 1), (160, 10, 1.0, 0), (266, 7, 1.0, 3), (92, 8, 1.0, 3), (16, 5, 1.0, 3), (254, 6, 1.0, 0), (215, 11, 1.0, 0), (0, 2, 1.0, 1), (351, 2, 1.0, 0), (94, 6, 1.0, 3), (7, 7, 1.0, 0), (536, 10, 1.0, 0), (58, 8, 1.0, 3), (492, 13, 1.0, 3), (252, 8, 1.0, 1), (297, 6, 1.0, 0), (462, 4, 1.0, 0), (366, 5, 1.0, 3), (362, 7, 1.0, 3), (47, 9, 1.0, 2), (176, 9, 1.0, 3), (151, 8, 1.0, 0), (14, 3, 1.0, 1), (141, 6, 1.0, 0), (4, 4, 1.0, 0), (367, 4, 1.0, 3), (179, 7, 1.0, 3), (65, 5, 1.0, 0), (127, 8, 1.0, 3), (207, 6, 1.0, 3), (77, 2, 1.0, 0)]
=: [(385, 6, 1.0, 0), (237, 5, 1.0, 4), (352, 4, 1.0, 1), (253, 6, 1.0, 1), (160, 10, 1.0, 0), (266, 7, 1.0, 3), (92, 8, 1.0, 3), (16, 5, 1.0, 3), (254, 6, 1.0, 0), (215, 11, 1.0, 0), (0, 2, 1.0, 1), (351, 2, 1.0, 0), (94, 6, 1.0, 3), (7, 7, 1.0, 0), (536, 10, 1.0, 0), (58, 8, 1.0, 3), (492, 13, 1.0, 3), (252, 8, 1.0, 1), (297, 6, 1.0, 0), (462, 4, 1.0, 0), (366, 5, 1.0, 3), (362, 7, 1.0, 3), (47, 9, 1.0, 2), (176, 9, 1.0, 3), (151, 8, 1.0, 0), (14, 3, 1.0, 1), (141, 6, 1.0, 0), (4, 4, 1.0, 0), (367, 4, 1.0, 3), (179, 7, 1.0, 3), (65, 5, 1.0, 0), (127, 8, 1.0, 3), (207, 6, 1.0, 3), (77, 2, 1.0, 0), (51, 5, 1.0, 2)]
=: [(385, 6, 1.0, 0), (237, 5, 1.0, 4), (352, 4, 1.0, 1), (253, 6, 1.0, 1), (160, 10, 1.0, 0), (266, 7, 1.0, 3), (92, 8, 1.0, 3), (16, 5, 1.0, 3), (254, 6, 1.0, 0), (215, 11, 1.0, 0), (0, 2, 1.0, 1), (351, 2, 1.0, 0), (94, 6, 1.0, 3), (7, 7, 1.0, 0), (536, 10, 1.0, 0), (58, 8, 1.0, 3), (492, 13, 1.0, 3), (252, 8, 1.0, 1), (297, 6, 1.0, 0), (462, 4, 1.0, 0), (366, 5, 1.0, 3), (362, 7, 1.0, 3), (47, 9, 1.0, 2), (176, 9, 1.0, 3), (151, 8, 1.0, 0), (14, 3, 1.0, 1), (141, 6, 1.0, 0), (4, 4, 1.0, 0), (367, 4, 1.0, 3), (179, 7, 1.0, 3), (65, 5, 1.0, 0), (127, 8, 1.0, 3), (207, 6, 1.0, 3), (77, 2, 1.0, 0), (51, 5, 1.0, 2), (407, 4, 1.0, 4)]
=: [(385, 6, 1.0, 0), (237, 5, 1.0, 4), (352, 4, 1.0, 1), (253, 6, 1.0, 1), (160, 10, 1.0, 0), (266, 7, 1.0, 3), (92, 8, 1.0, 3), (16, 5, 1.0, 3), (254, 6, 1.0, 0), (215, 11, 1.0, 0), (0, 2, 1.0, 1), (351, 2, 1.0, 0), (94, 6, 1.0, 3), (7, 7, 1.0, 0), (536, 10, 1.0, 0), (58, 8, 1.0, 3), (492, 13, 1.0, 3), (252, 8, 1.0, 1), (297, 6, 1.0, 0), (462, 4, 1.0, 0), (366, 5, 1.0, 3), (362, 7, 1.0, 3), (47, 9, 1.0, 2), (176, 9, 1.0, 3), (151, 8, 1.0, 0), (14, 3, 1.0, 1), (141, 6, 1.0, 0), (4, 4, 1.0, 0), (367, 4, 1.0, 3), (179, 7, 1.0, 3), (65, 5, 1.0, 0), (127, 8, 1.0, 3), (207, 6, 1.0, 3), (77, 2, 1.0, 0), (51, 5, 1.0, 2), (407, 4, 1.0, 4), (285, 3, 1.0, 4)]
=: [(385, 6, 1.0, 0), (237, 5, 1.0, 4), (352, 4, 1.0, 1), (253, 6, 1.0, 1), (160, 10, 1.0, 0), (266, 7, 1.0, 3), (92, 8, 1.0, 3), (16, 5, 1.0, 3), (254, 6, 1.0, 0), (215, 11, 1.0, 0), (0, 2, 1.0, 1), (351, 2, 1.0, 0), (94, 6, 1.0, 3), (7, 7, 1.0, 0), (536, 10, 1.0, 0), (58, 8, 1.0, 3), (492, 13, 1.0, 3), (252, 8, 1.0, 1), (297, 6, 1.0, 0), (462, 4, 1.0, 0), (366, 5, 1.0, 3), (362, 7, 1.0, 3), (47, 9, 1.0, 2), (176, 9, 1.0, 3), (151, 8, 1.0, 0), (14, 3, 1.0, 1), (141, 6, 1.0, 0), (4, 4, 1.0, 0), (367, 4, 1.0, 3), (179, 7, 1.0, 3), (65, 5, 1.0, 0), (127, 8, 1.0, 3), (207, 6, 1.0, 3), (77, 2, 1.0, 0), (51, 5, 1.0, 2), (407, 4, 1.0, 4), (285, 3, 1.0, 4), (44, 2, 1.0, 4)]
=: [(385, 6, 1.0, 0), (237, 5, 1.0, 4), (352, 4, 1.0, 1), (253, 6, 1.0, 1), (160, 10, 1.0, 0), (266, 7, 1.0, 3), (92, 8, 1.0, 3), (16, 5, 1.0, 3), (254, 6, 1.0, 0), (215, 11, 1.0, 0), (0, 2, 1.0, 1), (351, 2, 1.0, 0), (94, 6, 1.0, 3), (7, 7, 1.0, 0), (536, 10, 1.0, 0), (58, 8, 1.0, 3), (492, 13, 1.0, 3), (252, 8, 1.0, 1), (297, 6, 1.0, 0), (462, 4, 1.0, 0), (366, 5, 1.0, 3), (362, 7, 1.0, 3), (47, 9, 1.0, 2), (176, 9, 1.0, 3), (151, 8, 1.0, 0), (14, 3, 1.0, 1), (141, 6, 1.0, 0), (4, 4, 1.0, 0), (367, 4, 1.0, 3), (179, 7, 1.0, 3), (65, 5, 1.0, 0), (127, 8, 1.0, 3), (207, 6, 1.0, 3), (77, 2, 1.0, 0), (51, 5, 1.0, 2), (407, 4, 1.0, 4), (285, 3, 1.0, 4), (44, 2, 1.0, 4), (66, 3, 1.0, 0)]
=: [(385, 6, 1.0, 0), (237, 5, 1.0, 4), (352, 4, 1.0, 1), (253, 6, 1.0, 1), (160, 10, 1.0, 0), (266, 7, 1.0, 3), (92, 8, 1.0, 3), (16, 5, 1.0, 3), (254, 6, 1.0, 0), (215, 11, 1.0, 0), (0, 2, 1.0, 1), (351, 2, 1.0, 0), (94, 6, 1.0, 3), (7, 7, 1.0, 0), (536, 10, 1.0, 0), (58, 8, 1.0, 3), (492, 13, 1.0, 3), (252, 8, 1.0, 1), (297, 6, 1.0, 0), (462, 4, 1.0, 0), (366, 5, 1.0, 3), (362, 7, 1.0, 3), (47, 9, 1.0, 2), (176, 9, 1.0, 3), (151, 8, 1.0, 0), (14, 3, 1.0, 1), (141, 6, 1.0, 0), (4, 4, 1.0, 0), (367, 4, 1.0, 3), (179, 7, 1.0, 3), (65, 5, 1.0, 0), (127, 8, 1.0, 3), (207, 6, 1.0, 3), (77, 2, 1.0, 0), (51, 5, 1.0, 2), (407, 4, 1.0, 4), (285, 3, 1.0, 4), (44, 2, 1.0, 4), (66, 3, 1.0, 0), (149, 3, 1.0, 1)]
=: [(385, 6, 1.0, 0), (237, 5, 1.0, 4), (352, 4, 1.0, 1), (253, 6, 1.0, 1), (160, 10, 1.0, 0), (266, 7, 1.0, 3), (92, 8, 1.0, 3), (16, 5, 1.0, 3), (254, 6, 1.0, 0), (215, 11, 1.0, 0), (0, 2, 1.0, 1), (351, 2, 1.0, 0), (94, 6, 1.0, 3), (7, 7, 1.0, 0), (536, 10, 1.0, 0), (58, 8, 1.0, 3), (492, 13, 1.0, 3), (252, 8, 1.0, 1), (297, 6, 1.0, 0), (462, 4, 1.0, 0), (366, 5, 1.0, 3), (362, 7, 1.0, 3), (47, 9, 1.0, 2), (176, 9, 1.0, 3), (151, 8, 1.0, 0), (14, 3, 1.0, 1), (141, 6, 1.0, 0), (4, 4, 1.0, 0), (367, 4, 1.0, 3), (179, 7, 1.0, 3), (65, 5, 1.0, 0), (127, 8, 1.0, 3), (207, 6, 1.0, 3), (77, 2, 1.0, 0), (51, 5, 1.0, 2), (407, 4, 1.0, 4), (285, 3, 1.0, 4), (44, 2, 1.0, 4), (66, 3, 1.0, 0), (149, 3, 1.0, 1), (2, 4, 1.0, 3)]
=: [(385, 6, 1.0, 0), (237, 5, 1.0, 4), (352, 4, 1.0, 1), (253, 6, 1.0, 1), (160, 10, 1.0, 0), (266, 7, 1.0, 3), (92, 8, 1.0, 3), (16, 5, 1.0, 3), (254, 6, 1.0, 0), (215, 11, 1.0, 0), (0, 2, 1.0, 1), (351, 2, 1.0, 0), (94, 6, 1.0, 3), (7, 7, 1.0, 0), (536, 10, 1.0, 0), (58, 8, 1.0, 3), (492, 13, 1.0, 3), (252, 8, 1.0, 1), (297, 6, 1.0, 0), (462, 4, 1.0, 0), (366, 5, 1.0, 3), (362, 7, 1.0, 3), (47, 9, 1.0, 2), (176, 9, 1.0, 3), (151, 8, 1.0, 0), (14, 3, 1.0, 1), (141, 6, 1.0, 0), (4, 4, 1.0, 0), (367, 4, 1.0, 3), (179, 7, 1.0, 3), (65, 5, 1.0, 0), (127, 8, 1.0, 3), (207, 6, 1.0, 3), (77, 2, 1.0, 0), (51, 5, 1.0, 2), (407, 4, 1.0, 4), (285, 3, 1.0, 4), (44, 2, 1.0, 4), (66, 3, 1.0, 0), (149, 3, 1.0, 1), (2, 4, 1.0, 3), (59, 7, 1.0, 1)]
=: [(385, 6, 1.0, 0), (237, 5, 1.0, 4), (352, 4, 1.0, 1), (253, 6, 1.0, 1), (160, 10, 1.0, 0), (266, 7, 1.0, 3), (92, 8, 1.0, 3), (16, 5, 1.0, 3), (254, 6, 1.0, 0), (215, 11, 1.0, 0), (0, 2, 1.0, 1), (351, 2, 1.0, 0), (94, 6, 1.0, 3), (7, 7, 1.0, 0), (536, 10, 1.0, 0), (58, 8, 1.0, 3), (492, 13, 1.0, 3), (252, 8, 1.0, 1), (297, 6, 1.0, 0), (462, 4, 1.0, 0), (366, 5, 1.0, 3), (362, 7, 1.0, 3), (47, 9, 1.0, 2), (176, 9, 1.0, 3), (151, 8, 1.0, 0), (14, 3, 1.0, 1), (141, 6, 1.0, 0), (4, 4, 1.0, 0), (367, 4, 1.0, 3), (179, 7, 1.0, 3), (65, 5, 1.0, 0), (127, 8, 1.0, 3), (207, 6, 1.0, 3), (77, 2, 1.0, 0), (51, 5, 1.0, 2), (407, 4, 1.0, 4), (285, 3, 1.0, 4), (44, 2, 1.0, 4), (66, 3, 1.0, 0), (149, 3, 1.0, 1), (2, 4, 1.0, 3), (59, 7, 1.0, 1), (166, 4, 1.0, 0)]
=: [(385, 6, 1.0, 0), (237, 5, 1.0, 4), (352, 4, 1.0, 1), (253, 6, 1.0, 1), (160, 10, 1.0, 0), (266, 7, 1.0, 3), (92, 8, 1.0, 3), (16, 5, 1.0, 3), (254, 6, 1.0, 0), (215, 11, 1.0, 0), (0, 2, 1.0, 1), (351, 2, 1.0, 0), (94, 6, 1.0, 3), (7, 7, 1.0, 0), (536, 10, 1.0, 0), (58, 8, 1.0, 3), (492, 13, 1.0, 3), (252, 8, 1.0, 1), (297, 6, 1.0, 0), (462, 4, 1.0, 0), (366, 5, 1.0, 3), (362, 7, 1.0, 3), (47, 9, 1.0, 2), (176, 9, 1.0, 3), (151, 8, 1.0, 0), (14, 3, 1.0, 1), (141, 6, 1.0, 0), (4, 4, 1.0, 0), (367, 4, 1.0, 3), (179, 7, 1.0, 3), (65, 5, 1.0, 0), (127, 8, 1.0, 3), (207, 6, 1.0, 3), (77, 2, 1.0, 0), (51, 5, 1.0, 2), (407, 4, 1.0, 4), (285, 3, 1.0, 4), (44, 2, 1.0, 4), (66, 3, 1.0, 0), (149, 3, 1.0, 1), (2, 4, 1.0, 3), (59, 7, 1.0, 1), (166, 4, 1.0, 0), (405, 8, 1.0, 3)]
=: [(385, 6, 1.0, 0), (237, 5, 1.0, 4), (352, 4, 1.0, 1), (253, 6, 1.0, 1), (160, 10, 1.0, 0), (266, 7, 1.0, 3), (92, 8, 1.0, 3), (16, 5, 1.0, 3), (254, 6, 1.0, 0), (215, 11, 1.0, 0), (0, 2, 1.0, 1), (351, 2, 1.0, 0), (94, 6, 1.0, 3), (7, 7, 1.0, 0), (536, 10, 1.0, 0), (58, 8, 1.0, 3), (492, 13, 1.0, 3), (252, 8, 1.0, 1), (297, 6, 1.0, 0), (462, 4, 1.0, 0), (366, 5, 1.0, 3), (362, 7, 1.0, 3), (47, 9, 1.0, 2), (176, 9, 1.0, 3), (151, 8, 1.0, 0), (14, 3, 1.0, 1), (141, 6, 1.0, 0), (4, 4, 1.0, 0), (367, 4, 1.0, 3), (179, 7, 1.0, 3), (65, 5, 1.0, 0), (127, 8, 1.0, 3), (207, 6, 1.0, 3), (77, 2, 1.0, 0), (51, 5, 1.0, 2), (407, 4, 1.0, 4), (285, 3, 1.0, 4), (44, 2, 1.0, 4), (66, 3, 1.0, 0), (149, 3, 1.0, 1), (2, 4, 1.0, 3), (59, 7, 1.0, 1), (166, 4, 1.0, 0), (405, 8, 1.0, 3), (5, 3, 1.0, 0)]
=: [(385, 6, 1.0, 0), (237, 5, 1.0, 4), (352, 4, 1.0, 1), (253, 6, 1.0, 1), (160, 10, 1.0, 0), (266, 7, 1.0, 3), (92, 8, 1.0, 3), (16, 5, 1.0, 3), (254, 6, 1.0, 0), (215, 11, 1.0, 0), (0, 2, 1.0, 1), (351, 2, 1.0, 0), (94, 6, 1.0, 3), (7, 7, 1.0, 0), (536, 10, 1.0, 0), (58, 8, 1.0, 3), (492, 13, 1.0, 3), (252, 8, 1.0, 1), (297, 6, 1.0, 0), (462, 4, 1.0, 0), (366, 5, 1.0, 3), (362, 7, 1.0, 3), (47, 9, 1.0, 2), (176, 9, 1.0, 3), (151, 8, 1.0, 0), (14, 3, 1.0, 1), (141, 6, 1.0, 0), (4, 4, 1.0, 0), (367, 4, 1.0, 3), (179, 7, 1.0, 3), (65, 5, 1.0, 0), (127, 8, 1.0, 3), (207, 6, 1.0, 3), (77, 2, 1.0, 0), (51, 5, 1.0, 2), (407, 4, 1.0, 4), (285, 3, 1.0, 4), (44, 2, 1.0, 4), (66, 3, 1.0, 0), (149, 3, 1.0, 1), (2, 4, 1.0, 3), (59, 7, 1.0, 1), (166, 4, 1.0, 0), (405, 8, 1.0, 3), (5, 3, 1.0, 0), (126, 8, 1.0, 3)]
=: [(385, 6, 1.0, 0), (237, 5, 1.0, 4), (352, 4, 1.0, 1), (253, 6, 1.0, 1), (160, 10, 1.0, 0), (266, 7, 1.0, 3), (92, 8, 1.0, 3), (16, 5, 1.0, 3), (254, 6, 1.0, 0), (215, 11, 1.0, 0), (0, 2, 1.0, 1), (351, 2, 1.0, 0), (94, 6, 1.0, 3), (7, 7, 1.0, 0), (536, 10, 1.0, 0), (58, 8, 1.0, 3), (492, 13, 1.0, 3), (252, 8, 1.0, 1), (297, 6, 1.0, 0), (462, 4, 1.0, 0), (366, 5, 1.0, 3), (362, 7, 1.0, 3), (47, 9, 1.0, 2), (176, 9, 1.0, 3), (151, 8, 1.0, 0), (14, 3, 1.0, 1), (141, 6, 1.0, 0), (4, 4, 1.0, 0), (367, 4, 1.0, 3), (179, 7, 1.0, 3), (65, 5, 1.0, 0), (127, 8, 1.0, 3), (207, 6, 1.0, 3), (77, 2, 1.0, 0), (51, 5, 1.0, 2), (407, 4, 1.0, 4), (285, 3, 1.0, 4), (44, 2, 1.0, 4), (66, 3, 1.0, 0), (149, 3, 1.0, 1), (2, 4, 1.0, 3), (59, 7, 1.0, 1), (166, 4, 1.0, 0), (405, 8, 1.0, 3), (5, 3, 1.0, 0), (126, 8, 1.0, 3), (17, 4, 1.0, 4)]
=: [(385, 6, 1.0, 0), (237, 5, 1.0, 4), (352, 4, 1.0, 1), (253, 6, 1.0, 1), (160, 10, 1.0, 0), (266, 7, 1.0, 3), (92, 8, 1.0, 3), (16, 5, 1.0, 3), (254, 6, 1.0, 0), (215, 11, 1.0, 0), (0, 2, 1.0, 1), (351, 2, 1.0, 0), (94, 6, 1.0, 3), (7, 7, 1.0, 0), (536, 10, 1.0, 0), (58, 8, 1.0, 3), (492, 13, 1.0, 3), (252, 8, 1.0, 1), (297, 6, 1.0, 0), (462, 4, 1.0, 0), (366, 5, 1.0, 3), (362, 7, 1.0, 3), (47, 9, 1.0, 2), (176, 9, 1.0, 3), (151, 8, 1.0, 0), (14, 3, 1.0, 1), (141, 6, 1.0, 0), (4, 4, 1.0, 0), (367, 4, 1.0, 3), (179, 7, 1.0, 3), (65, 5, 1.0, 0), (127, 8, 1.0, 3), (207, 6, 1.0, 3), (77, 2, 1.0, 0), (51, 5, 1.0, 2), (407, 4, 1.0, 4), (285, 3, 1.0, 4), (44, 2, 1.0, 4), (66, 3, 1.0, 0), (149, 3, 1.0, 1), (2, 4, 1.0, 3), (59, 7, 1.0, 1), (166, 4, 1.0, 0), (405, 8, 1.0, 3), (5, 3, 1.0, 0), (126, 8, 1.0, 3), (17, 4, 1.0, 4), (0, 2, 1.0, 1)]
using time: 119.69693851470947