>: [(1326, 1, 0.6428571428571429, 4)]
>: [(617, 3, 0.7857142857142857, 0)]
>: [(197, 9, 0.9285714285714286, 3)]
>: [(296, 2, 1.0, 3)]
=: [(296, 2, 1.0, 3), (190, 5, 1.0, 1)]
=: [(296, 2, 1.0, 3), (190, 5, 1.0, 1), (479, 9, 1.0, 0)]
=: [(296, 2, 1.0, 3), (190, 5, 1.0, 1), (479, 9, 1.0, 0), (339, 7, 1.0, 2)]
=: [(296, 2, 1.0, 3), (190, 5, 1.0, 1), (479, 9, 1.0, 0), (339, 7, 1.0, 2), (215, 5, 1.0, 1)]
=: [(296, 2, 1.0, 3), (190, 5, 1.0, 1), (479, 9, 1.0, 0), (339, 7, 1.0, 2), (215, 5, 1.0, 1), (288, 2, 1.0, 1)]
=: [(296, 2, 1.0, 3), (190, 5, 1.0, 1), (479, 9, 1.0, 0), (339, 7, 1.0, 2), (215, 5, 1.0, 1), (288, 2, 1.0, 1), (429, 3, 1.0, 0)]
=: [(296, 2, 1.0, 3), (190, 5, 1.0, 1), (479, 9, 1.0, 0), (339, 7, 1.0, 2), (215, 5, 1.0, 1), (288, 2, 1.0, 1), (429, 3, 1.0, 0), (151, 5, 1.0, 4)]
=: [(296, 2, 1.0, 3), (190, 5, 1.0, 1), (479, 9, 1.0, 0), (339, 7, 1.0, 2), (215, 5, 1.0, 1), (288, 2, 1.0, 1), (429, 3, 1.0, 0), (151, 5, 1.0, 4), (4, 2, 1.0, 1)]
=: [(296, 2, 1.0, 3), (190, 5, 1.0, 1), (479, 9, 1.0, 0), (339, 7, 1.0, 2), (215, 5, 1.0, 1), (288, 2, 1.0, 1), (429, 3, 1.0, 0), (151, 5, 1.0, 4), (4, 2, 1.0, 1), (20, 7, 1.0, 3)]
=: [(296, 2, 1.0, 3), (190, 5, 1.0, 1), (479, 9, 1.0, 0), (339, 7, 1.0, 2), (215, 5, 1.0, 1), (288, 2, 1.0, 1), (429, 3, 1.0, 0), (151, 5, 1.0, 4), (4, 2, 1.0, 1), (20, 7, 1.0, 3), (171, 5, 1.0, 1)]
=: [(296, 2, 1.0, 3), (190, 5, 1.0, 1), (479, 9, 1.0, 0), (339, 7, 1.0, 2), (215, 5, 1.0, 1), (288, 2, 1.0, 1), (429, 3, 1.0, 0), (151, 5, 1.0, 4), (4, 2, 1.0, 1), (20, 7, 1.0, 3), (171, 5, 1.0, 1), (13, 2, 1.0, 2)]
=: [(296, 2, 1.0, 3), (190, 5, 1.0, 1), (479, 9, 1.0, 0), (339, 7, 1.0, 2), (215, 5, 1.0, 1), (288, 2, 1.0, 1), (429, 3, 1.0, 0), (151, 5, 1.0, 4), (4, 2, 1.0, 1), (20, 7, 1.0, 3), (171, 5, 1.0, 1), (13, 2, 1.0, 2), (191, 5, 1.0, 1)]
=: [(296, 2, 1.0, 3), (190, 5, 1.0, 1), (479, 9, 1.0, 0), (339, 7, 1.0, 2), (215, 5, 1.0, 1), (288, 2, 1.0, 1), (429, 3, 1.0, 0), (151, 5, 1.0, 4), (4, 2, 1.0, 1), (20, 7, 1.0, 3), (171, 5, 1.0, 1), (13, 2, 1.0, 2), (191, 5, 1.0, 1), (603, 6, 1.0, 0)]
=: [(296, 2, 1.0, 3), (190, 5, 1.0, 1), (479, 9, 1.0, 0), (339, 7, 1.0, 2), (215, 5, 1.0, 1), (288, 2, 1.0, 1), (429, 3, 1.0, 0), (151, 5, 1.0, 4), (4, 2, 1.0, 1), (20, 7, 1.0, 3), (171, 5, 1.0, 1), (13, 2, 1.0, 2), (191, 5, 1.0, 1), (603, 6, 1.0, 0), (211, 8, 1.0, 0)]
=: [(296, 2, 1.0, 3), (190, 5, 1.0, 1), (479, 9, 1.0, 0), (339, 7, 1.0, 2), (215, 5, 1.0, 1), (288, 2, 1.0, 1), (429, 3, 1.0, 0), (151, 5, 1.0, 4), (4, 2, 1.0, 1), (20, 7, 1.0, 3), (171, 5, 1.0, 1), (13, 2, 1.0, 2), (191, 5, 1.0, 1), (603, 6, 1.0, 0), (211, 8, 1.0, 0), (5, 2, 1.0, 4)]
=: [(296, 2, 1.0, 3), (190, 5, 1.0, 1), (479, 9, 1.0, 0), (339, 7, 1.0, 2), (215, 5, 1.0, 1), (288, 2, 1.0, 1), (429, 3, 1.0, 0), (151, 5, 1.0, 4), (4, 2, 1.0, 1), (20, 7, 1.0, 3), (171, 5, 1.0, 1), (13, 2, 1.0, 2), (191, 5, 1.0, 1), (603, 6, 1.0, 0), (211, 8, 1.0, 0), (5, 2, 1.0, 4), (42, 3, 1.0, 4)]
=: [(296, 2, 1.0, 3), (190, 5, 1.0, 1), (479, 9, 1.0, 0), (339, 7, 1.0, 2), (215, 5, 1.0, 1), (288, 2, 1.0, 1), (429, 3, 1.0, 0), (151, 5, 1.0, 4), (4, 2, 1.0, 1), (20, 7, 1.0, 3), (171, 5, 1.0, 1), (13, 2, 1.0, 2), (191, 5, 1.0, 1), (603, 6, 1.0, 0), (211, 8, 1.0, 0), (5, 2, 1.0, 4), (42, 3, 1.0, 4), (27, 2, 1.0, 4)]
=: [(296, 2, 1.0, 3), (190, 5, 1.0, 1), (479, 9, 1.0, 0), (339, 7, 1.0, 2), (215, 5, 1.0, 1), (288, 2, 1.0, 1), (429, 3, 1.0, 0), (151, 5, 1.0, 4), (4, 2, 1.0, 1), (20, 7, 1.0, 3), (171, 5, 1.0, 1), (13, 2, 1.0, 2), (191, 5, 1.0, 1), (603, 6, 1.0, 0), (211, 8, 1.0, 0), (5, 2, 1.0, 4), (42, 3, 1.0, 4), (27, 2, 1.0, 4), (212, 7, 1.0, 0)]
=: [(296, 2, 1.0, 3), (190, 5, 1.0, 1), (479, 9, 1.0, 0), (339, 7, 1.0, 2), (215, 5, 1.0, 1), (288, 2, 1.0, 1), (429, 3, 1.0, 0), (151, 5, 1.0, 4), (4, 2, 1.0, 1), (20, 7, 1.0, 3), (171, 5, 1.0, 1), (13, 2, 1.0, 2), (191, 5, 1.0, 1), (603, 6, 1.0, 0), (211, 8, 1.0, 0), (5, 2, 1.0, 4), (42, 3, 1.0, 4), (27, 2, 1.0, 4), (212, 7, 1.0, 0), (11, 7, 1.0, 1)]
=: [(296, 2, 1.0, 3), (190, 5, 1.0, 1), (479, 9, 1.0, 0), (339, 7, 1.0, 2), (215, 5, 1.0, 1), (288, 2, 1.0, 1), (429, 3, 1.0, 0), (151, 5, 1.0, 4), (4, 2, 1.0, 1), (20, 7, 1.0, 3), (171, 5, 1.0, 1), (13, 2, 1.0, 2), (191, 5, 1.0, 1), (603, 6, 1.0, 0), (211, 8, 1.0, 0), (5, 2, 1.0, 4), (42, 3, 1.0, 4), (27, 2, 1.0, 4), (212, 7, 1.0, 0), (11, 7, 1.0, 1), (166, 11, 1.0, 4)]
=: [(296, 2, 1.0, 3), (190, 5, 1.0, 1), (479, 9, 1.0, 0), (339, 7, 1.0, 2), (215, 5, 1.0, 1), (288, 2, 1.0, 1), (429, 3, 1.0, 0), (151, 5, 1.0, 4), (4, 2, 1.0, 1), (20, 7, 1.0, 3), (171, 5, 1.0, 1), (13, 2, 1.0, 2), (191, 5, 1.0, 1), (603, 6, 1.0, 0), (211, 8, 1.0, 0), (5, 2, 1.0, 4), (42, 3, 1.0, 4), (27, 2, 1.0, 4), (212, 7, 1.0, 0), (11, 7, 1.0, 1), (166, 11, 1.0, 4), (35, 2, 1.0, 0)]
=: [(296, 2, 1.0, 3), (190, 5, 1.0, 1), (479, 9, 1.0, 0), (339, 7, 1.0, 2), (215, 5, 1.0, 1), (288, 2, 1.0, 1), (429, 3, 1.0, 0), (151, 5, 1.0, 4), (4, 2, 1.0, 1), (20, 7, 1.0, 3), (171, 5, 1.0, 1), (13, 2, 1.0, 2), (191, 5, 1.0, 1), (603, 6, 1.0, 0), (211, 8, 1.0, 0), (5, 2, 1.0, 4), (42, 3, 1.0, 4), (27, 2, 1.0, 4), (212, 7, 1.0, 0), (11, 7, 1.0, 1), (166, 11, 1.0, 4), (35, 2, 1.0, 0), (394, 3, 1.0, 3)]
=: [(296, 2, 1.0, 3), (190, 5, 1.0, 1), (479, 9, 1.0, 0), (339, 7, 1.0, 2), (215, 5, 1.0, 1), (288, 2, 1.0, 1), (429, 3, 1.0, 0), (151, 5, 1.0, 4), (4, 2, 1.0, 1), (20, 7, 1.0, 3), (171, 5, 1.0, 1), (13, 2, 1.0, 2), (191, 5, 1.0, 1), (603, 6, 1.0, 0), (211, 8, 1.0, 0), (5, 2, 1.0, 4), (42, 3, 1.0, 4), (27, 2, 1.0, 4), (212, 7, 1.0, 0), (11, 7, 1.0, 1), (166, 11, 1.0, 4), (35, 2, 1.0, 0), (394, 3, 1.0, 3), (25, 4, 1.0, 1)]
=: [(296, 2, 1.0, 3), (190, 5, 1.0, 1), (479, 9, 1.0, 0), (339, 7, 1.0, 2), (215, 5, 1.0, 1), (288, 2, 1.0, 1), (429, 3, 1.0, 0), (151, 5, 1.0, 4), (4, 2, 1.0, 1), (20, 7, 1.0, 3), (171, 5, 1.0, 1), (13, 2, 1.0, 2), (191, 5, 1.0, 1), (603, 6, 1.0, 0), (211, 8, 1.0, 0), (5, 2, 1.0, 4), (42, 3, 1.0, 4), (27, 2, 1.0, 4), (212, 7, 1.0, 0), (11, 7, 1.0, 1), (166, 11, 1.0, 4), (35, 2, 1.0, 0), (394, 3, 1.0, 3), (25, 4, 1.0, 1), (24, 5, 1.0, 0)]
=: [(296, 2, 1.0, 3), (190, 5, 1.0, 1), (479, 9, 1.0, 0), (339, 7, 1.0, 2), (215, 5, 1.0, 1), (288, 2, 1.0, 1), (429, 3, 1.0, 0), (151, 5, 1.0, 4), (4, 2, 1.0, 1), (20, 7, 1.0, 3), (171, 5, 1.0, 1), (13, 2, 1.0, 2), (191, 5, 1.0, 1), (603, 6, 1.0, 0), (211, 8, 1.0, 0), (5, 2, 1.0, 4), (42, 3, 1.0, 4), (27, 2, 1.0, 4), (212, 7, 1.0, 0), (11, 7, 1.0, 1), (166, 11, 1.0, 4), (35, 2, 1.0, 0), (394, 3, 1.0, 3), (25, 4, 1.0, 1), (24, 5, 1.0, 0), (150, 6, 1.0, 0)]
using time: 149.22051167488098