>: [(5305, 1, 0.78947368421052633, 0)]
=: [(5305, 1, 0.78947368421052633, 0), (2471, 1, 0.78947368421052633, 0)]
=: [(5305, 1, 0.78947368421052633, 0), (2471, 1, 0.78947368421052633, 0), (6468, 1, 0.78947368421052633, 0)]
>: [(10664, 4, 0.82456140350877194, 1)]
=: [(10664, 4, 0.82456140350877194, 1), (950, 3, 0.82456140350877194, 3)]
>: [(614, 3, 0.84210526315789469, 1)]
=: [(614, 3, 0.84210526315789469, 1), (1144, 2, 0.84210526315789469, 2)]
>: [(3943, 4, 0.85964912280701755, 1)]
=: [(3943, 4, 0.85964912280701755, 1), (763, 8, 0.85964912280701755, 3)]
=: [(3943, 4, 0.85964912280701755, 1), (763, 8, 0.85964912280701755, 3), (994, 8, 0.85964912280701755, 3)]
>: [(67, 10, 0.89473684210526316, 0)]
>: [(997, 10, 0.91228070175438591, 3)]
=: [(997, 10, 0.91228070175438591, 3), (286, 8, 0.91228070175438591, 3)]
=: [(997, 10, 0.91228070175438591, 3), (286, 8, 0.91228070175438591, 3), (110, 6, 0.91228070175438591, 3)]
=: [(997, 10, 0.91228070175438591, 3), (286, 8, 0.91228070175438591, 3), (110, 6, 0.91228070175438591, 3), (101, 6, 0.91228070175438591, 3)]
=: [(997, 10, 0.91228070175438591, 3), (286, 8, 0.91228070175438591, 3), (110, 6, 0.91228070175438591, 3), (101, 6, 0.91228070175438591, 3), (777, 9, 0.91228070175438591, 4)]
=: [(997, 10, 0.91228070175438591, 3), (286, 8, 0.91228070175438591, 3), (110, 6, 0.91228070175438591, 3), (101, 6, 0.91228070175438591, 3), (777, 9, 0.91228070175438591, 4), (773, 10, 0.91228070175438591, 4)]
>: [(287, 13, 0.92982456140350878, 3)]
using time: 494.17399072647095