>: [(5305, 3, 0.60606060606060608, 1)]
>: [(2471, 2, 0.66666666666666663, 1)]
>: [(6468, 9, 0.75757575757575757, 1)]
>: [(1186, 5, 0.90909090909090906, 3)]
>: [(1596, 8, 0.93939393939393945, 4)]
=: [(1596, 8, 0.93939393939393945, 4), (3, 1, 0.93939393939393945, 1)]
=: [(1596, 8, 0.93939393939393945, 4), (3, 1, 0.93939393939393945, 1), (233, 4, 0.93939393939393945, 3)]
=: [(1596, 8, 0.93939393939393945, 4), (3, 1, 0.93939393939393945, 1), (233, 4, 0.93939393939393945, 3), (189, 8, 0.93939393939393945, 3)]
=: [(1596, 8, 0.93939393939393945, 4), (3, 1, 0.93939393939393945, 1), (233, 4, 0.93939393939393945, 3), (189, 8, 0.93939393939393945, 3), (3761, 12, 0.93939393939393945, 3)]
=: [(1596, 8, 0.93939393939393945, 4), (3, 1, 0.93939393939393945, 1), (233, 4, 0.93939393939393945, 3), (189, 8, 0.93939393939393945, 3), (3761, 12, 0.93939393939393945, 3), (907, 5, 0.93939393939393945, 1)]
>: [(17, 4, 0.96969696969696972, 3)]
>: [(54, 3, 1.0, 0)]
=: [(54, 3, 1.0, 0), (0, 4, 1.0, 4)]
using time: 545.6092581748962