>: [(21222, 2, 0.72727272727272729, 2)]
>: [(25875, 5, 0.78787878787878785, 3)]
=: [(25875, 5, 0.78787878787878785, 3), (42659, 9, 0.78787878787878785, 1)]
>: [(3164, 1, 0.81818181818181823, 3)]
>: [(3801, 4, 0.84848484848484851, 4)]
=: [(3801, 4, 0.84848484848484851, 4), (2457, 4, 0.84848484848484851, 0)]
=: [(3801, 4, 0.84848484848484851, 4), (2457, 4, 0.84848484848484851, 0), (5944, 7, 0.84848484848484851, 0)]
=: [(3801, 4, 0.84848484848484851, 4), (2457, 4, 0.84848484848484851, 0), (5944, 7, 0.84848484848484851, 0), (3052, 4, 0.84848484848484851, 1)]
=: [(3801, 4, 0.84848484848484851, 4), (2457, 4, 0.84848484848484851, 0), (5944, 7, 0.84848484848484851, 0), (3052, 4, 0.84848484848484851, 1), (20216, 4, 0.84848484848484851, 2)]
>: [(3906, 3, 0.87878787878787878, 4)]
>: [(268, 4, 0.93939393939393945, 0)]
=: [(268, 4, 0.93939393939393945, 0), (1288, 3, 0.93939393939393945, 4)]
=: [(268, 4, 0.93939393939393945, 0), (1288, 3, 0.93939393939393945, 4), (304, 6, 0.93939393939393945, 3)]
=: [(268, 4, 0.93939393939393945, 0), (1288, 3, 0.93939393939393945, 4), (304, 6, 0.93939393939393945, 3), (895, 2, 0.93939393939393945, 3)]
=: [(268, 4, 0.93939393939393945, 0), (1288, 3, 0.93939393939393945, 4), (304, 6, 0.93939393939393945, 3), (895, 2, 0.93939393939393945, 3), (6064, 10, 0.93939393939393945, 4)]
=: [(268, 4, 0.93939393939393945, 0), (1288, 3, 0.93939393939393945, 4), (304, 6, 0.93939393939393945, 3), (895, 2, 0.93939393939393945, 3), (6064, 10, 0.93939393939393945, 4), (3932, 5, 0.93939393939393945, 4)]
=: [(268, 4, 0.93939393939393945, 0), (1288, 3, 0.93939393939393945, 4), (304, 6, 0.93939393939393945, 3), (895, 2, 0.93939393939393945, 3), (6064, 10, 0.93939393939393945, 4), (3932, 5, 0.93939393939393945, 4), (1344, 2, 0.93939393939393945, 0)]
=: [(268, 4, 0.93939393939393945, 0), (1288, 3, 0.93939393939393945, 4), (304, 6, 0.93939393939393945, 3), (895, 2, 0.93939393939393945, 3), (6064, 10, 0.93939393939393945, 4), (3932, 5, 0.93939393939393945, 4), (1344, 2, 0.93939393939393945, 0), (3931, 6, 0.93939393939393945, 4)]
=: [(268, 4, 0.93939393939393945, 0), (1288, 3, 0.93939393939393945, 4), (304, 6, 0.93939393939393945, 3), (895, 2, 0.93939393939393945, 3), (6064, 10, 0.93939393939393945, 4), (3932, 5, 0.93939393939393945, 4), (1344, 2, 0.93939393939393945, 0), (3931, 6, 0.93939393939393945, 4), (3516, 4, 0.93939393939393945, 4)]
>: [(12996, 6, 0.96969696969696972, 3)]
=: [(12996, 6, 0.96969696969696972, 3), (644, 4, 0.96969696969696972, 4)]
=: [(12996, 6, 0.96969696969696972, 3), (644, 4, 0.96969696969696972, 4), (4331, 3, 0.96969696969696972, 4)]
=: [(12996, 6, 0.96969696969696972, 3), (644, 4, 0.96969696969696972, 4), (4331, 3, 0.96969696969696972, 4), (1521, 8, 0.96969696969696972, 0)]
=: [(12996, 6, 0.96969696969696972, 3), (644, 4, 0.96969696969696972, 4), (4331, 3, 0.96969696969696972, 4), (1521, 8, 0.96969696969696972, 0), (7929, 9, 0.96969696969696972, 4)]
=: [(12996, 6, 0.96969696969696972, 3), (644, 4, 0.96969696969696972, 4), (4331, 3, 0.96969696969696972, 4), (1521, 8, 0.96969696969696972, 0), (7929, 9, 0.96969696969696972, 4), (66, 2, 0.96969696969696972, 0)]
=: [(12996, 6, 0.96969696969696972, 3), (644, 4, 0.96969696969696972, 4), (4331, 3, 0.96969696969696972, 4), (1521, 8, 0.96969696969696972, 0), (7929, 9, 0.96969696969696972, 4), (66, 2, 0.96969696969696972, 0), (12997, 5, 0.96969696969696972, 3)]
using time: 2305.141420841217