>: [(5305, 1, 0.76043956043956051, 1)]
>: [(2471, 9, 0.86785714285714266, 4)]
>: [(791, 9, 0.95961538461538454, 1)]
>: [(614, 13, 0.9780219780219781, 1)]
>: [(1408, 17, 0.98516483516483522, 4)]
>: [(968, 19, 0.99166666666666659, 1)]
>: [(197, 8, 0.99285714285714288, 0)]
>: [(3, 2, 1.0, 4)]
=: [(3, 2, 1.0, 4), (31, 7, 1.0, 3)]
=: [(3, 2, 1.0, 4), (31, 7, 1.0, 3), (64, 9, 1.0, 0)]
=: [(3, 2, 1.0, 4), (31, 7, 1.0, 3), (64, 9, 1.0, 0), (275, 8, 1.0, 3)]
=: [(3, 2, 1.0, 4), (31, 7, 1.0, 3), (64, 9, 1.0, 0), (275, 8, 1.0, 3), (189, 9, 1.0, 1)]
=: [(3, 2, 1.0, 4), (31, 7, 1.0, 3), (64, 9, 1.0, 0), (275, 8, 1.0, 3), (189, 9, 1.0, 1), (741, 18, 1.0, 4)]
=: [(3, 2, 1.0, 4), (31, 7, 1.0, 3), (64, 9, 1.0, 0), (275, 8, 1.0, 3), (189, 9, 1.0, 1), (741, 18, 1.0, 4), (17, 3, 1.0, 0)]
=: [(3, 2, 1.0, 4), (31, 7, 1.0, 3), (64, 9, 1.0, 0), (275, 8, 1.0, 3), (189, 9, 1.0, 1), (741, 18, 1.0, 4), (17, 3, 1.0, 0), (263, 10, 1.0, 1)]
=: [(3, 2, 1.0, 4), (31, 7, 1.0, 3), (64, 9, 1.0, 0), (275, 8, 1.0, 3), (189, 9, 1.0, 1), (741, 18, 1.0, 4), (17, 3, 1.0, 0), (263, 10, 1.0, 1), (54, 4, 1.0, 4)]
=: [(3, 2, 1.0, 4), (31, 7, 1.0, 3), (64, 9, 1.0, 0), (275, 8, 1.0, 3), (189, 9, 1.0, 1), (741, 18, 1.0, 4), (17, 3, 1.0, 0), (263, 10, 1.0, 1), (54, 4, 1.0, 4), (765, 20, 1.0, 0)]
=: [(3, 2, 1.0, 4), (31, 7, 1.0, 3), (64, 9, 1.0, 0), (275, 8, 1.0, 3), (189, 9, 1.0, 1), (741, 18, 1.0, 4), (17, 3, 1.0, 0), (263, 10, 1.0, 1), (54, 4, 1.0, 4), (765, 20, 1.0, 0), (406, 14, 1.0, 4)]
=: [(3, 2, 1.0, 4), (31, 7, 1.0, 3), (64, 9, 1.0, 0), (275, 8, 1.0, 3), (189, 9, 1.0, 1), (741, 18, 1.0, 4), (17, 3, 1.0, 0), (263, 10, 1.0, 1), (54, 4, 1.0, 4), (765, 20, 1.0, 0), (406, 14, 1.0, 4), (58, 6, 1.0, 3)]
=: [(3, 2, 1.0, 4), (31, 7, 1.0, 3), (64, 9, 1.0, 0), (275, 8, 1.0, 3), (189, 9, 1.0, 1), (741, 18, 1.0, 4), (17, 3, 1.0, 0), (263, 10, 1.0, 1), (54, 4, 1.0, 4), (765, 20, 1.0, 0), (406, 14, 1.0, 4), (58, 6, 1.0, 3), (28, 5, 1.0, 0)]
=: [(3, 2, 1.0, 4), (31, 7, 1.0, 3), (64, 9, 1.0, 0), (275, 8, 1.0, 3), (189, 9, 1.0, 1), (741, 18, 1.0, 4), (17, 3, 1.0, 0), (263, 10, 1.0, 1), (54, 4, 1.0, 4), (765, 20, 1.0, 0), (406, 14, 1.0, 4), (58, 6, 1.0, 3), (28, 5, 1.0, 0), (192, 7, 1.0, 0)]
=: [(3, 2, 1.0, 4), (31, 7, 1.0, 3), (64, 9, 1.0, 0), (275, 8, 1.0, 3), (189, 9, 1.0, 1), (741, 18, 1.0, 4), (17, 3, 1.0, 0), (263, 10, 1.0, 1), (54, 4, 1.0, 4), (765, 20, 1.0, 0), (406, 14, 1.0, 4), (58, 6, 1.0, 3), (28, 5, 1.0, 0), (192, 7, 1.0, 0), (528, 17, 1.0, 0)]
=: [(3, 2, 1.0, 4), (31, 7, 1.0, 3), (64, 9, 1.0, 0), (275, 8, 1.0, 3), (189, 9, 1.0, 1), (741, 18, 1.0, 4), (17, 3, 1.0, 0), (263, 10, 1.0, 1), (54, 4, 1.0, 4), (765, 20, 1.0, 0), (406, 14, 1.0, 4), (58, 6, 1.0, 3), (28, 5, 1.0, 0), (192, 7, 1.0, 0), (528, 17, 1.0, 0), (2, 2, 1.0, 0)]
=: [(3, 2, 1.0, 4), (31, 7, 1.0, 3), (64, 9, 1.0, 0), (275, 8, 1.0, 3), (189, 9, 1.0, 1), (741, 18, 1.0, 4), (17, 3, 1.0, 0), (263, 10, 1.0, 1), (54, 4, 1.0, 4), (765, 20, 1.0, 0), (406, 14, 1.0, 4), (58, 6, 1.0, 3), (28, 5, 1.0, 0), (192, 7, 1.0, 0), (528, 17, 1.0, 0), (2, 2, 1.0, 0), (22, 3, 1.0, 1)]
=: [(3, 2, 1.0, 4), (31, 7, 1.0, 3), (64, 9, 1.0, 0), (275, 8, 1.0, 3), (189, 9, 1.0, 1), (741, 18, 1.0, 4), (17, 3, 1.0, 0), (263, 10, 1.0, 1), (54, 4, 1.0, 4), (765, 20, 1.0, 0), (406, 14, 1.0, 4), (58, 6, 1.0, 3), (28, 5, 1.0, 0), (192, 7, 1.0, 0), (528, 17, 1.0, 0), (2, 2, 1.0, 0), (22, 3, 1.0, 1), (18, 2, 1.0, 0)]
=: [(3, 2, 1.0, 4), (31, 7, 1.0, 3), (64, 9, 1.0, 0), (275, 8, 1.0, 3), (189, 9, 1.0, 1), (741, 18, 1.0, 4), (17, 3, 1.0, 0), (263, 10, 1.0, 1), (54, 4, 1.0, 4), (765, 20, 1.0, 0), (406, 14, 1.0, 4), (58, 6, 1.0, 3), (28, 5, 1.0, 0), (192, 7, 1.0, 0), (528, 17, 1.0, 0), (2, 2, 1.0, 0), (22, 3, 1.0, 1), (18, 2, 1.0, 0), (171, 6, 1.0, 0)]
=: [(3, 2, 1.0, 4), (31, 7, 1.0, 3), (64, 9, 1.0, 0), (275, 8, 1.0, 3), (189, 9, 1.0, 1), (741, 18, 1.0, 4), (17, 3, 1.0, 0), (263, 10, 1.0, 1), (54, 4, 1.0, 4), (765, 20, 1.0, 0), (406, 14, 1.0, 4), (58, 6, 1.0, 3), (28, 5, 1.0, 0), (192, 7, 1.0, 0), (528, 17, 1.0, 0), (2, 2, 1.0, 0), (22, 3, 1.0, 1), (18, 2, 1.0, 0), (171, 6, 1.0, 0), (110, 5, 1.0, 0)]
=: [(3, 2, 1.0, 4), (31, 7, 1.0, 3), (64, 9, 1.0, 0), (275, 8, 1.0, 3), (189, 9, 1.0, 1), (741, 18, 1.0, 4), (17, 3, 1.0, 0), (263, 10, 1.0, 1), (54, 4, 1.0, 4), (765, 20, 1.0, 0), (406, 14, 1.0, 4), (58, 6, 1.0, 3), (28, 5, 1.0, 0), (192, 7, 1.0, 0), (528, 17, 1.0, 0), (2, 2, 1.0, 0), (22, 3, 1.0, 1), (18, 2, 1.0, 0), (171, 6, 1.0, 0), (110, 5, 1.0, 0), (849, 21, 1.0, 0)]
=: [(3, 2, 1.0, 4), (31, 7, 1.0, 3), (64, 9, 1.0, 0), (275, 8, 1.0, 3), (189, 9, 1.0, 1), (741, 18, 1.0, 4), (17, 3, 1.0, 0), (263, 10, 1.0, 1), (54, 4, 1.0, 4), (765, 20, 1.0, 0), (406, 14, 1.0, 4), (58, 6, 1.0, 3), (28, 5, 1.0, 0), (192, 7, 1.0, 0), (528, 17, 1.0, 0), (2, 2, 1.0, 0), (22, 3, 1.0, 1), (18, 2, 1.0, 0), (171, 6, 1.0, 0), (110, 5, 1.0, 0), (849, 21, 1.0, 0), (47, 5, 1.0, 3)]
=: [(3, 2, 1.0, 4), (31, 7, 1.0, 3), (64, 9, 1.0, 0), (275, 8, 1.0, 3), (189, 9, 1.0, 1), (741, 18, 1.0, 4), (17, 3, 1.0, 0), (263, 10, 1.0, 1), (54, 4, 1.0, 4), (765, 20, 1.0, 0), (406, 14, 1.0, 4), (58, 6, 1.0, 3), (28, 5, 1.0, 0), (192, 7, 1.0, 0), (528, 17, 1.0, 0), (2, 2, 1.0, 0), (22, 3, 1.0, 1), (18, 2, 1.0, 0), (171, 6, 1.0, 0), (110, 5, 1.0, 0), (849, 21, 1.0, 0), (47, 5, 1.0, 3), (61, 8, 1.0, 3)]
=: [(3, 2, 1.0, 4), (31, 7, 1.0, 3), (64, 9, 1.0, 0), (275, 8, 1.0, 3), (189, 9, 1.0, 1), (741, 18, 1.0, 4), (17, 3, 1.0, 0), (263, 10, 1.0, 1), (54, 4, 1.0, 4), (765, 20, 1.0, 0), (406, 14, 1.0, 4), (58, 6, 1.0, 3), (28, 5, 1.0, 0), (192, 7, 1.0, 0), (528, 17, 1.0, 0), (2, 2, 1.0, 0), (22, 3, 1.0, 1), (18, 2, 1.0, 0), (171, 6, 1.0, 0), (110, 5, 1.0, 0), (849, 21, 1.0, 0), (47, 5, 1.0, 3), (61, 8, 1.0, 3), (142, 10, 1.0, 4)]
=: [(3, 2, 1.0, 4), (31, 7, 1.0, 3), (64, 9, 1.0, 0), (275, 8, 1.0, 3), (189, 9, 1.0, 1), (741, 18, 1.0, 4), (17, 3, 1.0, 0), (263, 10, 1.0, 1), (54, 4, 1.0, 4), (765, 20, 1.0, 0), (406, 14, 1.0, 4), (58, 6, 1.0, 3), (28, 5, 1.0, 0), (192, 7, 1.0, 0), (528, 17, 1.0, 0), (2, 2, 1.0, 0), (22, 3, 1.0, 1), (18, 2, 1.0, 0), (171, 6, 1.0, 0), (110, 5, 1.0, 0), (849, 21, 1.0, 0), (47, 5, 1.0, 3), (61, 8, 1.0, 3), (142, 10, 1.0, 4), (0, 1, 1.0, 0)]
using time: 566.9704706668854