>: [(10205, 1, 0.79276960784313721, 0)]
=: [(10205, 1, 0.79276960784313721, 0), (4185, 1, 0.79276960784313721, 0)]
=: [(10205, 1, 0.79276960784313721, 0), (4185, 1, 0.79276960784313721, 0), (12153, 1, 0.79276960784313721, 0)]
=: [(10205, 1, 0.79276960784313721, 0), (4185, 1, 0.79276960784313721, 0), (12153, 1, 0.79276960784313721, 0), (5874, 1, 0.79276960784313721, 0)]
=: [(10205, 1, 0.79276960784313721, 0), (4185, 1, 0.79276960784313721, 0), (12153, 1, 0.79276960784313721, 0), (5874, 1, 0.79276960784313721, 0), (11312, 1, 0.79276960784313721, 0)]
=: [(10205, 1, 0.79276960784313721, 0), (4185, 1, 0.79276960784313721, 0), (12153, 1, 0.79276960784313721, 0), (5874, 1, 0.79276960784313721, 0), (11312, 1, 0.79276960784313721, 0), (12122, 1, 0.79276960784313721, 0)]
=: [(10205, 1, 0.79276960784313721, 0), (4185, 1, 0.79276960784313721, 0), (12153, 1, 0.79276960784313721, 0), (5874, 1, 0.79276960784313721, 0), (11312, 1, 0.79276960784313721, 0), (12122, 1, 0.79276960784313721, 0), (10682, 1, 0.79276960784313721, 0)]
=: [(10205, 1, 0.79276960784313721, 0), (4185, 1, 0.79276960784313721, 0), (12153, 1, 0.79276960784313721, 0), (5874, 1, 0.79276960784313721, 0), (11312, 1, 0.79276960784313721, 0), (12122, 1, 0.79276960784313721, 0), (10682, 1, 0.79276960784313721, 0), (8684, 1, 0.79276960784313721, 0)]
>: [(475, 2, 0.80388071895424829, 3)]
>: [(849, 9, 0.83235294117647063, 4)]
>: [(214, 5, 0.83860294117647061, 0)]
=: [(214, 5, 0.83860294117647061, 0), (29, 7, 0.83860294117647061, 1)]
>: [(87, 7, 0.84517973856209139, 4)]
>: [(353, 11, 0.85142973856209136, 3)]
>: [(10, 10, 0.85559640522875813, 1)]
>: [(15, 13, 0.86184640522875822, 1)]
>: [(163, 15, 0.87883986928104574, 4)]
>: [(525, 25, 0.87953431372549018, 0)]
>: [(1, 18, 0.88684640522875813, 4)]
>: [(165, 15, 0.88995098039215681, 4)]
>: [(66, 17, 0.89166666666666661, 4)]
using time: 3106.5867063999176