>: [(3714, 1, 0.80934065934065935, 0)]
=: [(3714, 1, 0.80934065934065935, 0), (6068, 1, 0.80934065934065935, 0)]
=: [(3714, 1, 0.80934065934065935, 0), (6068, 1, 0.80934065934065935, 0), (6150, 1, 0.80934065934065935, 0)]
=: [(3714, 1, 0.80934065934065935, 0), (6068, 1, 0.80934065934065935, 0), (6150, 1, 0.80934065934065935, 0), (2069, 1, 0.80934065934065935, 0)]
=: [(3714, 1, 0.80934065934065935, 0), (6068, 1, 0.80934065934065935, 0), (6150, 1, 0.80934065934065935, 0), (2069, 1, 0.80934065934065935, 0), (3164, 1, 0.80934065934065935, 0)]
=: [(3714, 1, 0.80934065934065935, 0), (6068, 1, 0.80934065934065935, 0), (6150, 1, 0.80934065934065935, 0), (2069, 1, 0.80934065934065935, 0), (3164, 1, 0.80934065934065935, 0), (11547, 1, 0.80934065934065935, 0)]
=: [(3714, 1, 0.80934065934065935, 0), (6068, 1, 0.80934065934065935, 0), (6150, 1, 0.80934065934065935, 0), (2069, 1, 0.80934065934065935, 0), (3164, 1, 0.80934065934065935, 0), (11547, 1, 0.80934065934065935, 0), (717, 1, 0.80934065934065935, 0)]
>: [(1395, 7, 0.82600732600732596, 1)]
>: [(1765, 1, 0.83305860805860799, 1)]
>: [(1396, 4, 0.83315018315018319, 1)]
>: [(1825, 4, 0.8402014652014651, 1)]
>: [(11027, 1, 0.8413919413919414, 1)]
=: [(11027, 1, 0.8413919413919414, 1), (361, 3, 0.8413919413919414, 1)]
=: [(11027, 1, 0.8413919413919414, 1), (361, 3, 0.8413919413919414, 1), (6652, 2, 0.8413919413919414, 1)]
>: [(11486, 1, 0.84798534798534797, 1)]
>: [(6860, 1, 0.84972527472527459, 1)]
>: [(236, 4, 0.87115384615384617, 1)]
>: [(1158, 14, 0.88250915750915748, 1)]
using time: 2544.5801084041595