>: [(7428, 11, 0.89523809523809528, 0)]
>: [(12300, 16, 0.92500000000000004, 4)]
>: [(1434, 3, 0.94285714285714284, 0)]
>: [(2791, 7, 0.96785714285714275, 0)]
>: [(992, 17, 0.97499999999999987, 1)]
>: [(655, 9, 0.98452380952380947, 3)]
=: [(655, 9, 0.98452380952380947, 3), (1227, 15, 0.98452380952380947, 0)]
>: [(390, 12, 0.99166666666666659, 0)]
>: [(433, 11, 0.99285714285714288, 4)]
>: [(741, 13, 1.0, 3)]
=: [(741, 13, 1.0, 3), (432, 10, 1.0, 3)]
=: [(741, 13, 1.0, 3), (432, 10, 1.0, 3), (387, 19, 1.0, 0)]
=: [(741, 13, 1.0, 3), (432, 10, 1.0, 3), (387, 19, 1.0, 0), (501, 15, 1.0, 0)]
=: [(741, 13, 1.0, 3), (432, 10, 1.0, 3), (387, 19, 1.0, 0), (501, 15, 1.0, 0), (397, 9, 1.0, 0)]
=: [(741, 13, 1.0, 3), (432, 10, 1.0, 3), (387, 19, 1.0, 0), (501, 15, 1.0, 0), (397, 9, 1.0, 0), (384, 22, 1.0, 1)]
=: [(741, 13, 1.0, 3), (432, 10, 1.0, 3), (387, 19, 1.0, 0), (501, 15, 1.0, 0), (397, 9, 1.0, 0), (384, 22, 1.0, 1), (396, 9, 1.0, 0)]
=: [(741, 13, 1.0, 3), (432, 10, 1.0, 3), (387, 19, 1.0, 0), (501, 15, 1.0, 0), (397, 9, 1.0, 0), (384, 22, 1.0, 1), (396, 9, 1.0, 0), (425, 11, 1.0, 1)]
=: [(741, 13, 1.0, 3), (432, 10, 1.0, 3), (387, 19, 1.0, 0), (501, 15, 1.0, 0), (397, 9, 1.0, 0), (384, 22, 1.0, 1), (396, 9, 1.0, 0), (425, 11, 1.0, 1), (360, 8, 1.0, 0)]
=: [(741, 13, 1.0, 3), (432, 10, 1.0, 3), (387, 19, 1.0, 0), (501, 15, 1.0, 0), (397, 9, 1.0, 0), (384, 22, 1.0, 1), (396, 9, 1.0, 0), (425, 11, 1.0, 1), (360, 8, 1.0, 0), (492, 20, 1.0, 3)]
=: [(741, 13, 1.0, 3), (432, 10, 1.0, 3), (387, 19, 1.0, 0), (501, 15, 1.0, 0), (397, 9, 1.0, 0), (384, 22, 1.0, 1), (396, 9, 1.0, 0), (425, 11, 1.0, 1), (360, 8, 1.0, 0), (492, 20, 1.0, 3), (506, 10, 1.0, 0)]
=: [(741, 13, 1.0, 3), (432, 10, 1.0, 3), (387, 19, 1.0, 0), (501, 15, 1.0, 0), (397, 9, 1.0, 0), (384, 22, 1.0, 1), (396, 9, 1.0, 0), (425, 11, 1.0, 1), (360, 8, 1.0, 0), (492, 20, 1.0, 3), (506, 10, 1.0, 0), (17, 3, 1.0, 4)]
=: [(741, 13, 1.0, 3), (432, 10, 1.0, 3), (387, 19, 1.0, 0), (501, 15, 1.0, 0), (397, 9, 1.0, 0), (384, 22, 1.0, 1), (396, 9, 1.0, 0), (425, 11, 1.0, 1), (360, 8, 1.0, 0), (492, 20, 1.0, 3), (506, 10, 1.0, 0), (17, 3, 1.0, 4), (386, 20, 1.0, 0)]
=: [(741, 13, 1.0, 3), (432, 10, 1.0, 3), (387, 19, 1.0, 0), (501, 15, 1.0, 0), (397, 9, 1.0, 0), (384, 22, 1.0, 1), (396, 9, 1.0, 0), (425, 11, 1.0, 1), (360, 8, 1.0, 0), (492, 20, 1.0, 3), (506, 10, 1.0, 0), (17, 3, 1.0, 4), (386, 20, 1.0, 0), (393, 11, 1.0, 4)]
=: [(741, 13, 1.0, 3), (432, 10, 1.0, 3), (387, 19, 1.0, 0), (501, 15, 1.0, 0), (397, 9, 1.0, 0), (384, 22, 1.0, 1), (396, 9, 1.0, 0), (425, 11, 1.0, 1), (360, 8, 1.0, 0), (492, 20, 1.0, 3), (506, 10, 1.0, 0), (17, 3, 1.0, 4), (386, 20, 1.0, 0), (393, 11, 1.0, 4), (359, 10, 1.0, 1)]
=: [(741, 13, 1.0, 3), (432, 10, 1.0, 3), (387, 19, 1.0, 0), (501, 15, 1.0, 0), (397, 9, 1.0, 0), (384, 22, 1.0, 1), (396, 9, 1.0, 0), (425, 11, 1.0, 1), (360, 8, 1.0, 0), (492, 20, 1.0, 3), (506, 10, 1.0, 0), (17, 3, 1.0, 4), (386, 20, 1.0, 0), (393, 11, 1.0, 4), (359, 10, 1.0, 1), (398, 8, 1.0, 0)]
=: [(741, 13, 1.0, 3), (432, 10, 1.0, 3), (387, 19, 1.0, 0), (501, 15, 1.0, 0), (397, 9, 1.0, 0), (384, 22, 1.0, 1), (396, 9, 1.0, 0), (425, 11, 1.0, 1), (360, 8, 1.0, 0), (492, 20, 1.0, 3), (506, 10, 1.0, 0), (17, 3, 1.0, 4), (386, 20, 1.0, 0), (393, 11, 1.0, 4), (359, 10, 1.0, 1), (398, 8, 1.0, 0), (68, 3, 1.0, 3)]
=: [(741, 13, 1.0, 3), (432, 10, 1.0, 3), (387, 19, 1.0, 0), (501, 15, 1.0, 0), (397, 9, 1.0, 0), (384, 22, 1.0, 1), (396, 9, 1.0, 0), (425, 11, 1.0, 1), (360, 8, 1.0, 0), (492, 20, 1.0, 3), (506, 10, 1.0, 0), (17, 3, 1.0, 4), (386, 20, 1.0, 0), (393, 11, 1.0, 4), (359, 10, 1.0, 1), (398, 8, 1.0, 0), (68, 3, 1.0, 3), (738, 16, 1.0, 4)]
=: [(741, 13, 1.0, 3), (432, 10, 1.0, 3), (387, 19, 1.0, 0), (501, 15, 1.0, 0), (397, 9, 1.0, 0), (384, 22, 1.0, 1), (396, 9, 1.0, 0), (425, 11, 1.0, 1), (360, 8, 1.0, 0), (492, 20, 1.0, 3), (506, 10, 1.0, 0), (17, 3, 1.0, 4), (386, 20, 1.0, 0), (393, 11, 1.0, 4), (359, 10, 1.0, 1), (398, 8, 1.0, 0), (68, 3, 1.0, 3), (738, 16, 1.0, 4), (734, 19, 1.0, 4)]
using time: 12048.40881729126