>: [(14857, 1, 0.75, 1)]
=: [(14857, 1, 0.75, 1), (2869, 1, 0.75, 2)]
>: [(5582, 3, 0.80000000000000004, 1)]
>: [(1310, 16, 0.90000000000000002, 2)]
>: [(29, 6, 0.92500000000000004, 3)]
=: [(29, 6, 0.92500000000000004, 3), (79, 8, 0.92500000000000004, 3)]
=: [(29, 6, 0.92500000000000004, 3), (79, 8, 0.92500000000000004, 3), (822, 8, 0.92500000000000004, 1)]
>: [(15, 9, 0.94999999999999996, 3)]
=: [(15, 9, 0.94999999999999996, 3), (10, 7, 0.94999999999999996, 1)]
>: [(477, 10, 0.97499999999999998, 4)]
=: [(477, 10, 0.97499999999999998, 4), (254, 7, 0.97499999999999998, 4)]
>: [(561, 19, 1.0, 3)]
=: [(561, 19, 1.0, 3), (0, 10, 1.0, 3)]
using time: 12613.184075117111