>: [(10611, 2, 0.64571428571428569, 3)]
>: [(4943, 2, 0.72523809523809524, 4)]
>: [(1582, 10, 0.85952380952380947, 1)]
>: [(1936, 6, 0.88095238095238104, 4)]
>: [(1526, 5, 0.89047619047619053, 4)]
>: [(2682, 4, 0.89285714285714268, 0)]
>: [(1284, 8, 0.92380952380952375, 3)]
>: [(2129, 8, 0.94047619047619047, 0)]
>: [(7, 5, 0.94285714285714284, 3)]
>: [(128, 6, 0.95714285714285707, 0)]
=: [(128, 6, 0.95714285714285707, 0), (5935, 23, 0.95714285714285707, 1)]
>: [(5, 3, 0.98571428571428577, 0)]
=: [(5, 3, 0.98571428571428577, 0), (3, 5, 0.98571428571428577, 1)]
>: [(2, 7, 1.0, 1)]
using time: 7182.821351051331