>: [(10611, 12, 0.84404761904761916, 0)]
>: [(4943, 14, 0.89523809523809528, 1)]
>: [(2373, 5, 0.93690476190476191, 0)]
>: [(1900, 4, 0.94285714285714284, 4)]
>: [(1228, 16, 0.99166666666666659, 0)]
>: [(739, 15, 1.0, 4)]
=: [(739, 15, 1.0, 4), (395, 9, 1.0, 4)]
=: [(739, 15, 1.0, 4), (395, 9, 1.0, 4), (502, 14, 1.0, 0)]
=: [(739, 15, 1.0, 4), (395, 9, 1.0, 4), (502, 14, 1.0, 0), (384, 22, 1.0, 1)]
=: [(739, 15, 1.0, 4), (395, 9, 1.0, 4), (502, 14, 1.0, 0), (384, 22, 1.0, 1), (506, 10, 1.0, 0)]
=: [(739, 15, 1.0, 4), (395, 9, 1.0, 4), (502, 14, 1.0, 0), (384, 22, 1.0, 1), (506, 10, 1.0, 0), (505, 11, 1.0, 0)]
=: [(739, 15, 1.0, 4), (395, 9, 1.0, 4), (502, 14, 1.0, 0), (384, 22, 1.0, 1), (506, 10, 1.0, 0), (505, 11, 1.0, 0), (734, 19, 1.0, 4)]
=: [(739, 15, 1.0, 4), (395, 9, 1.0, 4), (502, 14, 1.0, 0), (384, 22, 1.0, 1), (506, 10, 1.0, 0), (505, 11, 1.0, 0), (734, 19, 1.0, 4), (653, 10, 1.0, 3)]
=: [(739, 15, 1.0, 4), (395, 9, 1.0, 4), (502, 14, 1.0, 0), (384, 22, 1.0, 1), (506, 10, 1.0, 0), (505, 11, 1.0, 0), (734, 19, 1.0, 4), (653, 10, 1.0, 3), (386, 20, 1.0, 0)]
=: [(739, 15, 1.0, 4), (395, 9, 1.0, 4), (502, 14, 1.0, 0), (384, 22, 1.0, 1), (506, 10, 1.0, 0), (505, 11, 1.0, 0), (734, 19, 1.0, 4), (653, 10, 1.0, 3), (386, 20, 1.0, 0), (393, 11, 1.0, 4)]
=: [(739, 15, 1.0, 4), (395, 9, 1.0, 4), (502, 14, 1.0, 0), (384, 22, 1.0, 1), (506, 10, 1.0, 0), (505, 11, 1.0, 0), (734, 19, 1.0, 4), (653, 10, 1.0, 3), (386, 20, 1.0, 0), (393, 11, 1.0, 4), (740, 14, 1.0, 3)]
=: [(739, 15, 1.0, 4), (395, 9, 1.0, 4), (502, 14, 1.0, 0), (384, 22, 1.0, 1), (506, 10, 1.0, 0), (505, 11, 1.0, 0), (734, 19, 1.0, 4), (653, 10, 1.0, 3), (386, 20, 1.0, 0), (393, 11, 1.0, 4), (740, 14, 1.0, 3), (397, 9, 1.0, 0)]
=: [(739, 15, 1.0, 4), (395, 9, 1.0, 4), (502, 14, 1.0, 0), (384, 22, 1.0, 1), (506, 10, 1.0, 0), (505, 11, 1.0, 0), (734, 19, 1.0, 4), (653, 10, 1.0, 3), (386, 20, 1.0, 0), (393, 11, 1.0, 4), (740, 14, 1.0, 3), (397, 9, 1.0, 0), (9, 7, 1.0, 4)]
=: [(739, 15, 1.0, 4), (395, 9, 1.0, 4), (502, 14, 1.0, 0), (384, 22, 1.0, 1), (506, 10, 1.0, 0), (505, 11, 1.0, 0), (734, 19, 1.0, 4), (653, 10, 1.0, 3), (386, 20, 1.0, 0), (393, 11, 1.0, 4), (740, 14, 1.0, 3), (397, 9, 1.0, 0), (9, 7, 1.0, 4), (742, 12, 1.0, 4)]
=: [(739, 15, 1.0, 4), (395, 9, 1.0, 4), (502, 14, 1.0, 0), (384, 22, 1.0, 1), (506, 10, 1.0, 0), (505, 11, 1.0, 0), (734, 19, 1.0, 4), (653, 10, 1.0, 3), (386, 20, 1.0, 0), (393, 11, 1.0, 4), (740, 14, 1.0, 3), (397, 9, 1.0, 0), (9, 7, 1.0, 4), (742, 12, 1.0, 4), (1230, 14, 1.0, 0)]
=: [(739, 15, 1.0, 4), (395, 9, 1.0, 4), (502, 14, 1.0, 0), (384, 22, 1.0, 1), (506, 10, 1.0, 0), (505, 11, 1.0, 0), (734, 19, 1.0, 4), (653, 10, 1.0, 3), (386, 20, 1.0, 0), (393, 11, 1.0, 4), (740, 14, 1.0, 3), (397, 9, 1.0, 0), (9, 7, 1.0, 4), (742, 12, 1.0, 4), (1230, 14, 1.0, 0), (396, 9, 1.0, 0)]
using time: 11579.553326129913