>: [(5305, 1, 0.72277777777777774, 0)]
=: [(5305, 1, 0.72277777777777774, 0), (2471, 1, 0.72277777777777774, 0)]
=: [(5305, 1, 0.72277777777777774, 0), (2471, 1, 0.72277777777777774, 0), (6468, 1, 0.72277777777777774, 0)]
=: [(5305, 1, 0.72277777777777774, 0), (2471, 1, 0.72277777777777774, 0), (6468, 1, 0.72277777777777774, 0), (10664, 1, 0.72277777777777774, 0)]
>: [(791, 1, 0.73527777777777781, 3)]
>: [(1186, 1, 0.74777777777777776, 3)]
>: [(5991, 1, 0.79638888888888881, 2)]
>: [(614, 6, 0.82888888888888879, 0)]
>: [(1929, 11, 0.84999999999999998, 3)]
>: [(3, 7, 0.93000000000000005, 3)]
=: [(3, 7, 0.93000000000000005, 3), (0, 5, 0.93000000000000005, 0)]
using time: 279.29342818260193