>: [(17104, 24, 0.79761904761904767, 2)]
>: [(9942, 13, 0.87738095238095237, 4)]
>: [(5724, 37, 0.98333333333333317, 4)]
=: [(5724, 37, 0.98333333333333317, 4), (882, 15, 0.98333333333333317, 4)]
>: [(319, 10, 0.98452380952380947, 0)]
>: [(396, 9, 1.0, 0)]
=: [(396, 9, 1.0, 0), (501, 15, 1.0, 0)]
=: [(396, 9, 1.0, 0), (501, 15, 1.0, 0), (4224, 14, 1.0, 3)]
=: [(396, 9, 1.0, 0), (501, 15, 1.0, 0), (4224, 14, 1.0, 3), (502, 14, 1.0, 0)]
=: [(396, 9, 1.0, 0), (501, 15, 1.0, 0), (4224, 14, 1.0, 3), (502, 14, 1.0, 0), (510, 9, 1.0, 3)]
=: [(396, 9, 1.0, 0), (501, 15, 1.0, 0), (4224, 14, 1.0, 3), (502, 14, 1.0, 0), (510, 9, 1.0, 3), (397, 9, 1.0, 0)]
=: [(396, 9, 1.0, 0), (501, 15, 1.0, 0), (4224, 14, 1.0, 3), (502, 14, 1.0, 0), (510, 9, 1.0, 3), (397, 9, 1.0, 0), (393, 11, 1.0, 4)]
=: [(396, 9, 1.0, 0), (501, 15, 1.0, 0), (4224, 14, 1.0, 3), (502, 14, 1.0, 0), (510, 9, 1.0, 3), (397, 9, 1.0, 0), (393, 11, 1.0, 4), (423, 17, 1.0, 0)]
=: [(396, 9, 1.0, 0), (501, 15, 1.0, 0), (4224, 14, 1.0, 3), (502, 14, 1.0, 0), (510, 9, 1.0, 3), (397, 9, 1.0, 0), (393, 11, 1.0, 4), (423, 17, 1.0, 0), (492, 20, 1.0, 3)]
=: [(396, 9, 1.0, 0), (501, 15, 1.0, 0), (4224, 14, 1.0, 3), (502, 14, 1.0, 0), (510, 9, 1.0, 3), (397, 9, 1.0, 0), (393, 11, 1.0, 4), (423, 17, 1.0, 0), (492, 20, 1.0, 3), (386, 20, 1.0, 0)]
=: [(396, 9, 1.0, 0), (501, 15, 1.0, 0), (4224, 14, 1.0, 3), (502, 14, 1.0, 0), (510, 9, 1.0, 3), (397, 9, 1.0, 0), (393, 11, 1.0, 4), (423, 17, 1.0, 0), (492, 20, 1.0, 3), (386, 20, 1.0, 0), (432, 10, 1.0, 3)]
=: [(396, 9, 1.0, 0), (501, 15, 1.0, 0), (4224, 14, 1.0, 3), (502, 14, 1.0, 0), (510, 9, 1.0, 3), (397, 9, 1.0, 0), (393, 11, 1.0, 4), (423, 17, 1.0, 0), (492, 20, 1.0, 3), (386, 20, 1.0, 0), (432, 10, 1.0, 3), (398, 8, 1.0, 0)]
=: [(396, 9, 1.0, 0), (501, 15, 1.0, 0), (4224, 14, 1.0, 3), (502, 14, 1.0, 0), (510, 9, 1.0, 3), (397, 9, 1.0, 0), (393, 11, 1.0, 4), (423, 17, 1.0, 0), (492, 20, 1.0, 3), (386, 20, 1.0, 0), (432, 10, 1.0, 3), (398, 8, 1.0, 0), (387, 19, 1.0, 0)]
=: [(396, 9, 1.0, 0), (501, 15, 1.0, 0), (4224, 14, 1.0, 3), (502, 14, 1.0, 0), (510, 9, 1.0, 3), (397, 9, 1.0, 0), (393, 11, 1.0, 4), (423, 17, 1.0, 0), (492, 20, 1.0, 3), (386, 20, 1.0, 0), (432, 10, 1.0, 3), (398, 8, 1.0, 0), (387, 19, 1.0, 0), (740, 14, 1.0, 3)]
=: [(396, 9, 1.0, 0), (501, 15, 1.0, 0), (4224, 14, 1.0, 3), (502, 14, 1.0, 0), (510, 9, 1.0, 3), (397, 9, 1.0, 0), (393, 11, 1.0, 4), (423, 17, 1.0, 0), (492, 20, 1.0, 3), (386, 20, 1.0, 0), (432, 10, 1.0, 3), (398, 8, 1.0, 0), (387, 19, 1.0, 0), (740, 14, 1.0, 3), (17, 3, 1.0, 4)]
=: [(396, 9, 1.0, 0), (501, 15, 1.0, 0), (4224, 14, 1.0, 3), (502, 14, 1.0, 0), (510, 9, 1.0, 3), (397, 9, 1.0, 0), (393, 11, 1.0, 4), (423, 17, 1.0, 0), (492, 20, 1.0, 3), (386, 20, 1.0, 0), (432, 10, 1.0, 3), (398, 8, 1.0, 0), (387, 19, 1.0, 0), (740, 14, 1.0, 3), (17, 3, 1.0, 4), (505, 11, 1.0, 0)]
=: [(396, 9, 1.0, 0), (501, 15, 1.0, 0), (4224, 14, 1.0, 3), (502, 14, 1.0, 0), (510, 9, 1.0, 3), (397, 9, 1.0, 0), (393, 11, 1.0, 4), (423, 17, 1.0, 0), (492, 20, 1.0, 3), (386, 20, 1.0, 0), (432, 10, 1.0, 3), (398, 8, 1.0, 0), (387, 19, 1.0, 0), (740, 14, 1.0, 3), (17, 3, 1.0, 4), (505, 11, 1.0, 0), (359, 10, 1.0, 1)]
=: [(396, 9, 1.0, 0), (501, 15, 1.0, 0), (4224, 14, 1.0, 3), (502, 14, 1.0, 0), (510, 9, 1.0, 3), (397, 9, 1.0, 0), (393, 11, 1.0, 4), (423, 17, 1.0, 0), (492, 20, 1.0, 3), (386, 20, 1.0, 0), (432, 10, 1.0, 3), (398, 8, 1.0, 0), (387, 19, 1.0, 0), (740, 14, 1.0, 3), (17, 3, 1.0, 4), (505, 11, 1.0, 0), (359, 10, 1.0, 1), (506, 10, 1.0, 0)]
=: [(396, 9, 1.0, 0), (501, 15, 1.0, 0), (4224, 14, 1.0, 3), (502, 14, 1.0, 0), (510, 9, 1.0, 3), (397, 9, 1.0, 0), (393, 11, 1.0, 4), (423, 17, 1.0, 0), (492, 20, 1.0, 3), (386, 20, 1.0, 0), (432, 10, 1.0, 3), (398, 8, 1.0, 0), (387, 19, 1.0, 0), (740, 14, 1.0, 3), (17, 3, 1.0, 4), (505, 11, 1.0, 0), (359, 10, 1.0, 1), (506, 10, 1.0, 0), (742, 12, 1.0, 4)]
using time: 12236.988466739655