>: [(17104, 11, 0.68571428571428572, 3)]
>: [(13571, 23, 0.875, 3)]
>: [(9490, 10, 0.88035714285714284, 0)]
>: [(5724, 13, 0.9303571428571431, 0)]
>: [(3609, 16, 0.94464285714285734, 0)]
>: [(882, 13, 0.95178571428571446, 4)]
>: [(2037, 13, 0.95803571428571443, 0)]
>: [(2266, 12, 0.97142857142857153, 1)]
=: [(2266, 12, 0.97142857142857153, 1), (238, 9, 0.97142857142857153, 4)]
=: [(2266, 12, 0.97142857142857153, 1), (238, 9, 0.97142857142857153, 4), (112, 11, 0.97142857142857153, 4)]
=: [(2266, 12, 0.97142857142857153, 1), (238, 9, 0.97142857142857153, 4), (112, 11, 0.97142857142857153, 4), (115, 9, 0.97142857142857153, 4)]
=: [(2266, 12, 0.97142857142857153, 1), (238, 9, 0.97142857142857153, 4), (112, 11, 0.97142857142857153, 4), (115, 9, 0.97142857142857153, 4), (236, 11, 0.97142857142857153, 1)]
=: [(2266, 12, 0.97142857142857153, 1), (238, 9, 0.97142857142857153, 4), (112, 11, 0.97142857142857153, 4), (115, 9, 0.97142857142857153, 4), (236, 11, 0.97142857142857153, 1), (1591, 15, 0.97142857142857153, 0)]
=: [(2266, 12, 0.97142857142857153, 1), (238, 9, 0.97142857142857153, 4), (112, 11, 0.97142857142857153, 4), (115, 9, 0.97142857142857153, 4), (236, 11, 0.97142857142857153, 1), (1591, 15, 0.97142857142857153, 0), (1592, 12, 0.97142857142857153, 0)]
=: [(2266, 12, 0.97142857142857153, 1), (238, 9, 0.97142857142857153, 4), (112, 11, 0.97142857142857153, 4), (115, 9, 0.97142857142857153, 4), (236, 11, 0.97142857142857153, 1), (1591, 15, 0.97142857142857153, 0), (1592, 12, 0.97142857142857153, 0), (419, 9, 0.97142857142857153, 4)]
=: [(2266, 12, 0.97142857142857153, 1), (238, 9, 0.97142857142857153, 4), (112, 11, 0.97142857142857153, 4), (115, 9, 0.97142857142857153, 4), (236, 11, 0.97142857142857153, 1), (1591, 15, 0.97142857142857153, 0), (1592, 12, 0.97142857142857153, 0), (419, 9, 0.97142857142857153, 4), (817, 10, 0.97142857142857153, 0)]
=: [(2266, 12, 0.97142857142857153, 1), (238, 9, 0.97142857142857153, 4), (112, 11, 0.97142857142857153, 4), (115, 9, 0.97142857142857153, 4), (236, 11, 0.97142857142857153, 1), (1591, 15, 0.97142857142857153, 0), (1592, 12, 0.97142857142857153, 0), (419, 9, 0.97142857142857153, 4), (817, 10, 0.97142857142857153, 0), (755, 18, 0.97142857142857153, 4)]
=: [(2266, 12, 0.97142857142857153, 1), (238, 9, 0.97142857142857153, 4), (112, 11, 0.97142857142857153, 4), (115, 9, 0.97142857142857153, 4), (236, 11, 0.97142857142857153, 1), (1591, 15, 0.97142857142857153, 0), (1592, 12, 0.97142857142857153, 0), (419, 9, 0.97142857142857153, 4), (817, 10, 0.97142857142857153, 0), (755, 18, 0.97142857142857153, 4), (845, 17, 0.97142857142857153, 4)]
=: [(2266, 12, 0.97142857142857153, 1), (238, 9, 0.97142857142857153, 4), (112, 11, 0.97142857142857153, 4), (115, 9, 0.97142857142857153, 4), (236, 11, 0.97142857142857153, 1), (1591, 15, 0.97142857142857153, 0), (1592, 12, 0.97142857142857153, 0), (419, 9, 0.97142857142857153, 4), (817, 10, 0.97142857142857153, 0), (755, 18, 0.97142857142857153, 4), (845, 17, 0.97142857142857153, 4), (816, 10, 0.97142857142857153, 0)]
=: [(2266, 12, 0.97142857142857153, 1), (238, 9, 0.97142857142857153, 4), (112, 11, 0.97142857142857153, 4), (115, 9, 0.97142857142857153, 4), (236, 11, 0.97142857142857153, 1), (1591, 15, 0.97142857142857153, 0), (1592, 12, 0.97142857142857153, 0), (419, 9, 0.97142857142857153, 4), (817, 10, 0.97142857142857153, 0), (755, 18, 0.97142857142857153, 4), (845, 17, 0.97142857142857153, 4), (816, 10, 0.97142857142857153, 0), (447, 14, 0.97142857142857153, 1)]
=: [(2266, 12, 0.97142857142857153, 1), (238, 9, 0.97142857142857153, 4), (112, 11, 0.97142857142857153, 4), (115, 9, 0.97142857142857153, 4), (236, 11, 0.97142857142857153, 1), (1591, 15, 0.97142857142857153, 0), (1592, 12, 0.97142857142857153, 0), (419, 9, 0.97142857142857153, 4), (817, 10, 0.97142857142857153, 0), (755, 18, 0.97142857142857153, 4), (845, 17, 0.97142857142857153, 4), (816, 10, 0.97142857142857153, 0), (447, 14, 0.97142857142857153, 1), (1329, 10, 0.97142857142857153, 0)]
=: [(2266, 12, 0.97142857142857153, 1), (238, 9, 0.97142857142857153, 4), (112, 11, 0.97142857142857153, 4), (115, 9, 0.97142857142857153, 4), (236, 11, 0.97142857142857153, 1), (1591, 15, 0.97142857142857153, 0), (1592, 12, 0.97142857142857153, 0), (419, 9, 0.97142857142857153, 4), (817, 10, 0.97142857142857153, 0), (755, 18, 0.97142857142857153, 4), (845, 17, 0.97142857142857153, 4), (816, 10, 0.97142857142857153, 0), (447, 14, 0.97142857142857153, 1), (1329, 10, 0.97142857142857153, 0), (239, 8, 0.97142857142857153, 4)]
>: [(1676, 10, 0.97857142857142865, 1)]
using time: 13189.685247421265