>: [(2138, 4, 0.68214285714285716, 2)]
>: [(1242, 5, 0.75059523809523809, 4)]
>: [(1186, 9, 0.79821428571428565, 3)]
>: [(451, 4, 0.90238095238095239, 1)]
>: [(110, 12, 0.93154761904761918, 4)]
>: [(254, 8, 0.97499999999999998, 4)]
>: [(335, 18, 0.98750000000000004, 0)]
=: [(335, 18, 0.98750000000000004, 0), (73, 9, 0.98750000000000004, 4)]
=: [(335, 18, 0.98750000000000004, 0), (73, 9, 0.98750000000000004, 4), (116, 19, 0.98750000000000004, 4)]
>: [(33, 9, 1.0, 3)]
=: [(33, 9, 1.0, 3), (122, 16, 1.0, 4)]
=: [(33, 9, 1.0, 3), (122, 16, 1.0, 4), (30, 12, 1.0, 4)]
=: [(33, 9, 1.0, 3), (122, 16, 1.0, 4), (30, 12, 1.0, 4), (28, 12, 1.0, 4)]
=: [(33, 9, 1.0, 3), (122, 16, 1.0, 4), (30, 12, 1.0, 4), (28, 12, 1.0, 4), (32, 9, 1.0, 3)]
=: [(33, 9, 1.0, 3), (122, 16, 1.0, 4), (30, 12, 1.0, 4), (28, 12, 1.0, 4), (32, 9, 1.0, 3), (31, 10, 1.0, 3)]
=: [(33, 9, 1.0, 3), (122, 16, 1.0, 4), (30, 12, 1.0, 4), (28, 12, 1.0, 4), (32, 9, 1.0, 3), (31, 10, 1.0, 3), (196, 14, 1.0, 4)]
=: [(33, 9, 1.0, 3), (122, 16, 1.0, 4), (30, 12, 1.0, 4), (28, 12, 1.0, 4), (32, 9, 1.0, 3), (31, 10, 1.0, 3), (196, 14, 1.0, 4), (4, 6, 1.0, 0)]
=: [(33, 9, 1.0, 3), (122, 16, 1.0, 4), (30, 12, 1.0, 4), (28, 12, 1.0, 4), (32, 9, 1.0, 3), (31, 10, 1.0, 3), (196, 14, 1.0, 4), (4, 6, 1.0, 0), (119, 17, 1.0, 4)]
using time: 992.771719455719