>: [(8552, 1, 0.79276960784313721, 0)]
=: [(8552, 1, 0.79276960784313721, 0), (6785, 1, 0.79276960784313721, 0)]
=: [(8552, 1, 0.79276960784313721, 0), (6785, 1, 0.79276960784313721, 0), (4971, 1, 0.79276960784313721, 0)]
=: [(8552, 1, 0.79276960784313721, 0), (6785, 1, 0.79276960784313721, 0), (4971, 1, 0.79276960784313721, 0), (5990, 1, 0.79276960784313721, 0)]
=: [(8552, 1, 0.79276960784313721, 0), (6785, 1, 0.79276960784313721, 0), (4971, 1, 0.79276960784313721, 0), (5990, 1, 0.79276960784313721, 0), (4745, 1, 0.79276960784313721, 0)]
>: [(2862, 3, 0.8042075163398692, 3)]
>: [(441, 5, 0.81638071895424835, 4)]
>: [(292, 8, 0.8552287581699346, 4)]
>: [(172, 12, 0.86772875816993467, 0)]
>: [(529, 20, 0.88578431372549016, 0)]
>: [(1, 18, 0.88684640522875813, 4)]
>: [(63, 21, 0.89064542483660125, 4)]
using time: 3242.8006567955017