>: [(3867, 1, 0.80934065934065935, 0)]
=: [(3867, 1, 0.80934065934065935, 0), (4969, 1, 0.80934065934065935, 0)]
=: [(3867, 1, 0.80934065934065935, 0), (4969, 1, 0.80934065934065935, 0), (1690, 1, 0.80934065934065935, 0)]
>: [(11816, 3, 0.81703296703296702, 1)]
>: [(2539, 1, 0.82472527472527468, 1)]
>: [(6782, 2, 0.82536630036630032, 1)]
>: [(2643, 8, 0.8402014652014651, 1)]
>: [(3255, 7, 0.84084249084249085, 1)]
>: [(2001, 4, 0.8413919413919414, 3)]
>: [(1590, 2, 0.84148351648351638, 1)]
>: [(3408, 8, 0.85155677655677664, 1)]
>: [(53, 9, 0.87408424908424909, 1)]
using time: 2502.052141189575