>: [(7734, 6, 0.80476190476190479, 3)]
>: [(9938, 16, 0.89523809523809528, 0)]
>: [(2952, 8, 0.96666666666666656, 1)]
>: [(649, 14, 0.99166666666666659, 3)]
=: [(649, 14, 0.99166666666666659, 3), (307, 12, 0.99166666666666659, 0)]
=: [(649, 14, 0.99166666666666659, 3), (307, 12, 0.99166666666666659, 0), (429, 12, 0.99166666666666659, 0)]
=: [(649, 14, 0.99166666666666659, 3), (307, 12, 0.99166666666666659, 0), (429, 12, 0.99166666666666659, 0), (345, 20, 0.99166666666666659, 0)]
=: [(649, 14, 0.99166666666666659, 3), (307, 12, 0.99166666666666659, 0), (429, 12, 0.99166666666666659, 0), (345, 20, 0.99166666666666659, 0), (759, 15, 0.99166666666666659, 0)]
=: [(649, 14, 0.99166666666666659, 3), (307, 12, 0.99166666666666659, 0), (429, 12, 0.99166666666666659, 0), (345, 20, 0.99166666666666659, 0), (759, 15, 0.99166666666666659, 0), (431, 9, 0.99166666666666659, 0)]
=: [(649, 14, 0.99166666666666659, 3), (307, 12, 0.99166666666666659, 0), (429, 12, 0.99166666666666659, 0), (345, 20, 0.99166666666666659, 0), (759, 15, 0.99166666666666659, 0), (431, 9, 0.99166666666666659, 0), (85, 8, 0.99166666666666659, 0)]
=: [(649, 14, 0.99166666666666659, 3), (307, 12, 0.99166666666666659, 0), (429, 12, 0.99166666666666659, 0), (345, 20, 0.99166666666666659, 0), (759, 15, 0.99166666666666659, 0), (431, 9, 0.99166666666666659, 0), (85, 8, 0.99166666666666659, 0), (29, 6, 0.99166666666666659, 4)]
=: [(649, 14, 0.99166666666666659, 3), (307, 12, 0.99166666666666659, 0), (429, 12, 0.99166666666666659, 0), (345, 20, 0.99166666666666659, 0), (759, 15, 0.99166666666666659, 0), (431, 9, 0.99166666666666659, 0), (85, 8, 0.99166666666666659, 0), (29, 6, 0.99166666666666659, 4), (347, 15, 0.99166666666666659, 4)]
>: [(18, 5, 0.99285714285714288, 4)]
>: [(384, 22, 1.0, 1)]
=: [(384, 22, 1.0, 1), (653, 10, 1.0, 3)]
=: [(384, 22, 1.0, 1), (653, 10, 1.0, 3), (502, 14, 1.0, 0)]
=: [(384, 22, 1.0, 1), (653, 10, 1.0, 3), (502, 14, 1.0, 0), (9, 7, 1.0, 4)]
=: [(384, 22, 1.0, 1), (653, 10, 1.0, 3), (502, 14, 1.0, 0), (9, 7, 1.0, 4), (506, 10, 1.0, 0)]
=: [(384, 22, 1.0, 1), (653, 10, 1.0, 3), (502, 14, 1.0, 0), (9, 7, 1.0, 4), (506, 10, 1.0, 0), (398, 8, 1.0, 0)]
=: [(384, 22, 1.0, 1), (653, 10, 1.0, 3), (502, 14, 1.0, 0), (9, 7, 1.0, 4), (506, 10, 1.0, 0), (398, 8, 1.0, 0), (505, 11, 1.0, 0)]
=: [(384, 22, 1.0, 1), (653, 10, 1.0, 3), (502, 14, 1.0, 0), (9, 7, 1.0, 4), (506, 10, 1.0, 0), (398, 8, 1.0, 0), (505, 11, 1.0, 0), (810, 4, 1.0, 0)]
=: [(384, 22, 1.0, 1), (653, 10, 1.0, 3), (502, 14, 1.0, 0), (9, 7, 1.0, 4), (506, 10, 1.0, 0), (398, 8, 1.0, 0), (505, 11, 1.0, 0), (810, 4, 1.0, 0), (397, 9, 1.0, 0)]
=: [(384, 22, 1.0, 1), (653, 10, 1.0, 3), (502, 14, 1.0, 0), (9, 7, 1.0, 4), (506, 10, 1.0, 0), (398, 8, 1.0, 0), (505, 11, 1.0, 0), (810, 4, 1.0, 0), (397, 9, 1.0, 0), (423, 17, 1.0, 0)]
=: [(384, 22, 1.0, 1), (653, 10, 1.0, 3), (502, 14, 1.0, 0), (9, 7, 1.0, 4), (506, 10, 1.0, 0), (398, 8, 1.0, 0), (505, 11, 1.0, 0), (810, 4, 1.0, 0), (397, 9, 1.0, 0), (423, 17, 1.0, 0), (492, 20, 1.0, 3)]
=: [(384, 22, 1.0, 1), (653, 10, 1.0, 3), (502, 14, 1.0, 0), (9, 7, 1.0, 4), (506, 10, 1.0, 0), (398, 8, 1.0, 0), (505, 11, 1.0, 0), (810, 4, 1.0, 0), (397, 9, 1.0, 0), (423, 17, 1.0, 0), (492, 20, 1.0, 3), (501, 15, 1.0, 0)]
=: [(384, 22, 1.0, 1), (653, 10, 1.0, 3), (502, 14, 1.0, 0), (9, 7, 1.0, 4), (506, 10, 1.0, 0), (398, 8, 1.0, 0), (505, 11, 1.0, 0), (810, 4, 1.0, 0), (397, 9, 1.0, 0), (423, 17, 1.0, 0), (492, 20, 1.0, 3), (501, 15, 1.0, 0), (395, 9, 1.0, 4)]
=: [(384, 22, 1.0, 1), (653, 10, 1.0, 3), (502, 14, 1.0, 0), (9, 7, 1.0, 4), (506, 10, 1.0, 0), (398, 8, 1.0, 0), (505, 11, 1.0, 0), (810, 4, 1.0, 0), (397, 9, 1.0, 0), (423, 17, 1.0, 0), (492, 20, 1.0, 3), (501, 15, 1.0, 0), (395, 9, 1.0, 4), (400, 7, 1.0, 0)]
=: [(384, 22, 1.0, 1), (653, 10, 1.0, 3), (502, 14, 1.0, 0), (9, 7, 1.0, 4), (506, 10, 1.0, 0), (398, 8, 1.0, 0), (505, 11, 1.0, 0), (810, 4, 1.0, 0), (397, 9, 1.0, 0), (423, 17, 1.0, 0), (492, 20, 1.0, 3), (501, 15, 1.0, 0), (395, 9, 1.0, 4), (400, 7, 1.0, 0), (738, 16, 1.0, 4)]
=: [(384, 22, 1.0, 1), (653, 10, 1.0, 3), (502, 14, 1.0, 0), (9, 7, 1.0, 4), (506, 10, 1.0, 0), (398, 8, 1.0, 0), (505, 11, 1.0, 0), (810, 4, 1.0, 0), (397, 9, 1.0, 0), (423, 17, 1.0, 0), (492, 20, 1.0, 3), (501, 15, 1.0, 0), (395, 9, 1.0, 4), (400, 7, 1.0, 0), (738, 16, 1.0, 4), (1230, 14, 1.0, 0)]
=: [(384, 22, 1.0, 1), (653, 10, 1.0, 3), (502, 14, 1.0, 0), (9, 7, 1.0, 4), (506, 10, 1.0, 0), (398, 8, 1.0, 0), (505, 11, 1.0, 0), (810, 4, 1.0, 0), (397, 9, 1.0, 0), (423, 17, 1.0, 0), (492, 20, 1.0, 3), (501, 15, 1.0, 0), (395, 9, 1.0, 4), (400, 7, 1.0, 0), (738, 16, 1.0, 4), (1230, 14, 1.0, 0), (740, 14, 1.0, 3)]
=: [(384, 22, 1.0, 1), (653, 10, 1.0, 3), (502, 14, 1.0, 0), (9, 7, 1.0, 4), (506, 10, 1.0, 0), (398, 8, 1.0, 0), (505, 11, 1.0, 0), (810, 4, 1.0, 0), (397, 9, 1.0, 0), (423, 17, 1.0, 0), (492, 20, 1.0, 3), (501, 15, 1.0, 0), (395, 9, 1.0, 4), (400, 7, 1.0, 0), (738, 16, 1.0, 4), (1230, 14, 1.0, 0), (740, 14, 1.0, 3), (425, 11, 1.0, 1)]
=: [(384, 22, 1.0, 1), (653, 10, 1.0, 3), (502, 14, 1.0, 0), (9, 7, 1.0, 4), (506, 10, 1.0, 0), (398, 8, 1.0, 0), (505, 11, 1.0, 0), (810, 4, 1.0, 0), (397, 9, 1.0, 0), (423, 17, 1.0, 0), (492, 20, 1.0, 3), (501, 15, 1.0, 0), (395, 9, 1.0, 4), (400, 7, 1.0, 0), (738, 16, 1.0, 4), (1230, 14, 1.0, 0), (740, 14, 1.0, 3), (425, 11, 1.0, 1), (394, 10, 1.0, 4)]
using time: 11947.431956291199