>: [(8552, 2, 0.55999999999999994, 1)]
>: [(6785, 3, 0.58636363636363631, 2)]
>: [(4971, 5, 0.62545454545454537, 1)]
>: [(4745, 7, 0.82272727272727286, 0)]
>: [(441, 17, 0.85181818181818192, 4)]
>: [(1133, 15, 0.8727272727272728, 4)]
>: [(159, 11, 0.91272727272727272, 1)]
>: [(190, 7, 0.94000000000000006, 0)]
=: [(190, 7, 0.94000000000000006, 0), (1, 14, 0.94000000000000006, 1)]
=: [(190, 7, 0.94000000000000006, 0), (1, 14, 0.94000000000000006, 1), (181, 17, 0.94000000000000006, 4)]
>: [(9, 6, 0.94090909090909081, 3)]
using time: 3827.257462978363