>: [(11842, 1, 0.6515151515151516, 0)]
=: [(11842, 1, 0.6515151515151516, 0), (11243, 1, 0.6515151515151516, 0)]
=: [(11842, 1, 0.6515151515151516, 0), (11243, 1, 0.6515151515151516, 0), (12558, 1, 0.6515151515151516, 0)]
>: [(2477, 7, 0.66969696969696968, 4)]
>: [(1663, 7, 0.67575757575757578, 1)]
>: [(5364, 4, 0.6898989898989899, 2)]
>: [(442, 3, 0.70707070707070696, 3)]
>: [(2049, 3, 0.74141414141414153, 2)]
>: [(79, 6, 0.75656565656565655, 3)]
>: [(59, 9, 0.76767676767676774, 4)]
>: [(14, 15, 0.79696969696969699, 3)]
>: [(74, 18, 0.80606060606060603, 4)]
=: [(74, 18, 0.80606060606060603, 4), (16, 6, 0.80606060606060603, 3)]
using time: 2637.958518743515