>: [(4954, 16, 0.95119047619047625, 4)]
>: [(884, 13, 0.99166666666666659, 4)]
>: [(425, 11, 1.0, 1)]
=: [(425, 11, 1.0, 1), (398, 8, 1.0, 0)]
=: [(425, 11, 1.0, 1), (398, 8, 1.0, 0), (396, 9, 1.0, 0)]
=: [(425, 11, 1.0, 1), (398, 8, 1.0, 0), (396, 9, 1.0, 0), (810, 4, 1.0, 0)]
=: [(425, 11, 1.0, 1), (398, 8, 1.0, 0), (396, 9, 1.0, 0), (810, 4, 1.0, 0), (741, 13, 1.0, 3)]
=: [(425, 11, 1.0, 1), (398, 8, 1.0, 0), (396, 9, 1.0, 0), (810, 4, 1.0, 0), (741, 13, 1.0, 3), (506, 10, 1.0, 0)]
=: [(425, 11, 1.0, 1), (398, 8, 1.0, 0), (396, 9, 1.0, 0), (810, 4, 1.0, 0), (741, 13, 1.0, 3), (506, 10, 1.0, 0), (432, 10, 1.0, 3)]
=: [(425, 11, 1.0, 1), (398, 8, 1.0, 0), (396, 9, 1.0, 0), (810, 4, 1.0, 0), (741, 13, 1.0, 3), (506, 10, 1.0, 0), (432, 10, 1.0, 3), (393, 11, 1.0, 4)]
=: [(425, 11, 1.0, 1), (398, 8, 1.0, 0), (396, 9, 1.0, 0), (810, 4, 1.0, 0), (741, 13, 1.0, 3), (506, 10, 1.0, 0), (432, 10, 1.0, 3), (393, 11, 1.0, 4), (17, 3, 1.0, 4)]
=: [(425, 11, 1.0, 1), (398, 8, 1.0, 0), (396, 9, 1.0, 0), (810, 4, 1.0, 0), (741, 13, 1.0, 3), (506, 10, 1.0, 0), (432, 10, 1.0, 3), (393, 11, 1.0, 4), (17, 3, 1.0, 4), (386, 20, 1.0, 0)]
=: [(425, 11, 1.0, 1), (398, 8, 1.0, 0), (396, 9, 1.0, 0), (810, 4, 1.0, 0), (741, 13, 1.0, 3), (506, 10, 1.0, 0), (432, 10, 1.0, 3), (393, 11, 1.0, 4), (17, 3, 1.0, 4), (386, 20, 1.0, 0), (502, 14, 1.0, 0)]
=: [(425, 11, 1.0, 1), (398, 8, 1.0, 0), (396, 9, 1.0, 0), (810, 4, 1.0, 0), (741, 13, 1.0, 3), (506, 10, 1.0, 0), (432, 10, 1.0, 3), (393, 11, 1.0, 4), (17, 3, 1.0, 4), (386, 20, 1.0, 0), (502, 14, 1.0, 0), (360, 8, 1.0, 0)]
=: [(425, 11, 1.0, 1), (398, 8, 1.0, 0), (396, 9, 1.0, 0), (810, 4, 1.0, 0), (741, 13, 1.0, 3), (506, 10, 1.0, 0), (432, 10, 1.0, 3), (393, 11, 1.0, 4), (17, 3, 1.0, 4), (386, 20, 1.0, 0), (502, 14, 1.0, 0), (360, 8, 1.0, 0), (399, 5, 1.0, 4)]
=: [(425, 11, 1.0, 1), (398, 8, 1.0, 0), (396, 9, 1.0, 0), (810, 4, 1.0, 0), (741, 13, 1.0, 3), (506, 10, 1.0, 0), (432, 10, 1.0, 3), (393, 11, 1.0, 4), (17, 3, 1.0, 4), (386, 20, 1.0, 0), (502, 14, 1.0, 0), (360, 8, 1.0, 0), (399, 5, 1.0, 4), (359, 10, 1.0, 1)]
=: [(425, 11, 1.0, 1), (398, 8, 1.0, 0), (396, 9, 1.0, 0), (810, 4, 1.0, 0), (741, 13, 1.0, 3), (506, 10, 1.0, 0), (432, 10, 1.0, 3), (393, 11, 1.0, 4), (17, 3, 1.0, 4), (386, 20, 1.0, 0), (502, 14, 1.0, 0), (360, 8, 1.0, 0), (399, 5, 1.0, 4), (359, 10, 1.0, 1), (392, 12, 1.0, 4)]
=: [(425, 11, 1.0, 1), (398, 8, 1.0, 0), (396, 9, 1.0, 0), (810, 4, 1.0, 0), (741, 13, 1.0, 3), (506, 10, 1.0, 0), (432, 10, 1.0, 3), (393, 11, 1.0, 4), (17, 3, 1.0, 4), (386, 20, 1.0, 0), (502, 14, 1.0, 0), (360, 8, 1.0, 0), (399, 5, 1.0, 4), (359, 10, 1.0, 1), (392, 12, 1.0, 4), (505, 11, 1.0, 0)]
=: [(425, 11, 1.0, 1), (398, 8, 1.0, 0), (396, 9, 1.0, 0), (810, 4, 1.0, 0), (741, 13, 1.0, 3), (506, 10, 1.0, 0), (432, 10, 1.0, 3), (393, 11, 1.0, 4), (17, 3, 1.0, 4), (386, 20, 1.0, 0), (502, 14, 1.0, 0), (360, 8, 1.0, 0), (399, 5, 1.0, 4), (359, 10, 1.0, 1), (392, 12, 1.0, 4), (505, 11, 1.0, 0), (742, 12, 1.0, 4)]
=: [(425, 11, 1.0, 1), (398, 8, 1.0, 0), (396, 9, 1.0, 0), (810, 4, 1.0, 0), (741, 13, 1.0, 3), (506, 10, 1.0, 0), (432, 10, 1.0, 3), (393, 11, 1.0, 4), (17, 3, 1.0, 4), (386, 20, 1.0, 0), (502, 14, 1.0, 0), (360, 8, 1.0, 0), (399, 5, 1.0, 4), (359, 10, 1.0, 1), (392, 12, 1.0, 4), (505, 11, 1.0, 0), (742, 12, 1.0, 4), (501, 15, 1.0, 0)]
=: [(425, 11, 1.0, 1), (398, 8, 1.0, 0), (396, 9, 1.0, 0), (810, 4, 1.0, 0), (741, 13, 1.0, 3), (506, 10, 1.0, 0), (432, 10, 1.0, 3), (393, 11, 1.0, 4), (17, 3, 1.0, 4), (386, 20, 1.0, 0), (502, 14, 1.0, 0), (360, 8, 1.0, 0), (399, 5, 1.0, 4), (359, 10, 1.0, 1), (392, 12, 1.0, 4), (505, 11, 1.0, 0), (742, 12, 1.0, 4), (501, 15, 1.0, 0), (397, 9, 1.0, 0)]
=: [(425, 11, 1.0, 1), (398, 8, 1.0, 0), (396, 9, 1.0, 0), (810, 4, 1.0, 0), (741, 13, 1.0, 3), (506, 10, 1.0, 0), (432, 10, 1.0, 3), (393, 11, 1.0, 4), (17, 3, 1.0, 4), (386, 20, 1.0, 0), (502, 14, 1.0, 0), (360, 8, 1.0, 0), (399, 5, 1.0, 4), (359, 10, 1.0, 1), (392, 12, 1.0, 4), (505, 11, 1.0, 0), (742, 12, 1.0, 4), (501, 15, 1.0, 0), (397, 9, 1.0, 0), (739, 15, 1.0, 4)]
using time: 11659.243333816528