>: [(3709, 1, 0.59666666666666668, 1)]
>: [(2960, 1, 0.60166666666666668, 2)]
>: [(3222, 1, 0.60999999999999999, 1)]
>: [(3139, 3, 0.69166666666666665, 2)]
>: [(619, 8, 0.77166666666666672, 1)]
>: [(415, 4, 0.84666666666666668, 0)]
>: [(110, 12, 0.95833333333333337, 3)]
>: [(387, 10, 0.97499999999999998, 0)]
=: [(387, 10, 0.97499999999999998, 0), (95, 10, 0.97499999999999998, 3)]
>: [(53, 16, 1.0, 3)]
=: [(53, 16, 1.0, 3), (41, 7, 1.0, 0)]
=: [(53, 16, 1.0, 3), (41, 7, 1.0, 0), (44, 10, 1.0, 4)]
=: [(53, 16, 1.0, 3), (41, 7, 1.0, 0), (44, 10, 1.0, 4), (3, 6, 1.0, 0)]
=: [(53, 16, 1.0, 3), (41, 7, 1.0, 0), (44, 10, 1.0, 4), (3, 6, 1.0, 0), (1, 8, 1.0, 0)]
=: [(53, 16, 1.0, 3), (41, 7, 1.0, 0), (44, 10, 1.0, 4), (3, 6, 1.0, 0), (1, 8, 1.0, 0), (206, 17, 1.0, 0)]
=: [(53, 16, 1.0, 3), (41, 7, 1.0, 0), (44, 10, 1.0, 4), (3, 6, 1.0, 0), (1, 8, 1.0, 0), (206, 17, 1.0, 0), (7, 12, 1.0, 0)]
=: [(53, 16, 1.0, 3), (41, 7, 1.0, 0), (44, 10, 1.0, 4), (3, 6, 1.0, 0), (1, 8, 1.0, 0), (206, 17, 1.0, 0), (7, 12, 1.0, 0), (38, 8, 1.0, 4)]
=: [(53, 16, 1.0, 3), (41, 7, 1.0, 0), (44, 10, 1.0, 4), (3, 6, 1.0, 0), (1, 8, 1.0, 0), (206, 17, 1.0, 0), (7, 12, 1.0, 0), (38, 8, 1.0, 4), (0, 9, 1.0, 4)]
=: [(53, 16, 1.0, 3), (41, 7, 1.0, 0), (44, 10, 1.0, 4), (3, 6, 1.0, 0), (1, 8, 1.0, 0), (206, 17, 1.0, 0), (7, 12, 1.0, 0), (38, 8, 1.0, 4), (0, 9, 1.0, 4), (0, 9, 1.0, 4)]
using time: 1091.684823513031