>: [(10205, 1, 0.80934065934065935, 0)]
=: [(10205, 1, 0.80934065934065935, 0), (4185, 1, 0.80934065934065935, 0)]
=: [(10205, 1, 0.80934065934065935, 0), (4185, 1, 0.80934065934065935, 0), (12153, 1, 0.80934065934065935, 0)]
>: [(5874, 4, 0.8098901098901099, 1)]
>: [(11312, 2, 0.80998168498168499, 1)]
>: [(8684, 1, 0.82417582417582413, 1)]
>: [(2569, 1, 0.82536630036630032, 1)]
=: [(2569, 1, 0.82536630036630032, 1), (2727, 5, 0.82536630036630032, 3)]
>: [(2719, 5, 0.83434065934065926, 1)]
>: [(4099, 6, 0.83498168498168501, 1)]
>: [(10, 6, 0.84917582417582427, 4)]
>: [(236, 4, 0.87115384615384617, 1)]
>: [(53, 9, 0.87408424908424909, 1)]
using time: 2464.118265390396