>: [(5102, 3, 0.77321428571428563, 1)]
>: [(2937, 7, 0.77976190476190477, 4)]
>: [(6061, 3, 0.794047619047619, 1)]
>: [(237, 2, 0.84404761904761894, 1)]
>: [(3814, 11, 0.86071428571428577, 1)]
>: [(107, 4, 0.9375, 0)]
>: [(27, 9, 0.96250000000000002, 0)]
>: [(268, 6, 0.97499999999999998, 0)]
>: [(94, 11, 0.98750000000000004, 1)]
=: [(94, 11, 0.98750000000000004, 1), (101, 13, 0.98750000000000004, 1)]
=: [(94, 11, 0.98750000000000004, 1), (101, 13, 0.98750000000000004, 1), (129, 9, 0.98750000000000004, 1)]
=: [(94, 11, 0.98750000000000004, 1), (101, 13, 0.98750000000000004, 1), (129, 9, 0.98750000000000004, 1), (99, 8, 0.98750000000000004, 3)]
=: [(94, 11, 0.98750000000000004, 1), (101, 13, 0.98750000000000004, 1), (129, 9, 0.98750000000000004, 1), (99, 8, 0.98750000000000004, 3), (103, 11, 0.98750000000000004, 0)]
=: [(94, 11, 0.98750000000000004, 1), (101, 13, 0.98750000000000004, 1), (129, 9, 0.98750000000000004, 1), (99, 8, 0.98750000000000004, 3), (103, 11, 0.98750000000000004, 0), (93, 10, 0.98750000000000004, 1)]
=: [(94, 11, 0.98750000000000004, 1), (101, 13, 0.98750000000000004, 1), (129, 9, 0.98750000000000004, 1), (99, 8, 0.98750000000000004, 3), (103, 11, 0.98750000000000004, 0), (93, 10, 0.98750000000000004, 1), (365, 23, 0.98750000000000004, 4)]
=: [(94, 11, 0.98750000000000004, 1), (101, 13, 0.98750000000000004, 1), (129, 9, 0.98750000000000004, 1), (99, 8, 0.98750000000000004, 3), (103, 11, 0.98750000000000004, 0), (93, 10, 0.98750000000000004, 1), (365, 23, 0.98750000000000004, 4), (97, 11, 0.98750000000000004, 0)]
=: [(94, 11, 0.98750000000000004, 1), (101, 13, 0.98750000000000004, 1), (129, 9, 0.98750000000000004, 1), (99, 8, 0.98750000000000004, 3), (103, 11, 0.98750000000000004, 0), (93, 10, 0.98750000000000004, 1), (365, 23, 0.98750000000000004, 4), (97, 11, 0.98750000000000004, 0), (95, 10, 0.98750000000000004, 1)]
=: [(94, 11, 0.98750000000000004, 1), (101, 13, 0.98750000000000004, 1), (129, 9, 0.98750000000000004, 1), (99, 8, 0.98750000000000004, 3), (103, 11, 0.98750000000000004, 0), (93, 10, 0.98750000000000004, 1), (365, 23, 0.98750000000000004, 4), (97, 11, 0.98750000000000004, 0), (95, 10, 0.98750000000000004, 1), (100, 10, 0.98750000000000004, 3)]
using time: 1810.7136232852936