>: [(2551, 1, 0.65535714285714286, 0)]
>: [(1046, 3, 0.71726190476190477, 2)]
>: [(118, 18, 0.98750000000000004, 4)]
=: [(118, 18, 0.98750000000000004, 4), (7, 8, 0.98750000000000004, 3)]
=: [(118, 18, 0.98750000000000004, 4), (7, 8, 0.98750000000000004, 3), (13, 9, 0.98750000000000004, 0)]
=: [(118, 18, 0.98750000000000004, 4), (7, 8, 0.98750000000000004, 3), (13, 9, 0.98750000000000004, 0), (198, 13, 0.98750000000000004, 4)]
=: [(118, 18, 0.98750000000000004, 4), (7, 8, 0.98750000000000004, 3), (13, 9, 0.98750000000000004, 0), (198, 13, 0.98750000000000004, 4), (258, 20, 0.98750000000000004, 3)]
=: [(118, 18, 0.98750000000000004, 4), (7, 8, 0.98750000000000004, 3), (13, 9, 0.98750000000000004, 0), (198, 13, 0.98750000000000004, 4), (258, 20, 0.98750000000000004, 3), (140, 9, 0.98750000000000004, 1)]
=: [(118, 18, 0.98750000000000004, 4), (7, 8, 0.98750000000000004, 3), (13, 9, 0.98750000000000004, 0), (198, 13, 0.98750000000000004, 4), (258, 20, 0.98750000000000004, 3), (140, 9, 0.98750000000000004, 1), (3, 7, 0.98750000000000004, 4)]
=: [(118, 18, 0.98750000000000004, 4), (7, 8, 0.98750000000000004, 3), (13, 9, 0.98750000000000004, 0), (198, 13, 0.98750000000000004, 4), (258, 20, 0.98750000000000004, 3), (140, 9, 0.98750000000000004, 1), (3, 7, 0.98750000000000004, 4), (54, 13, 0.98750000000000004, 0)]
=: [(118, 18, 0.98750000000000004, 4), (7, 8, 0.98750000000000004, 3), (13, 9, 0.98750000000000004, 0), (198, 13, 0.98750000000000004, 4), (258, 20, 0.98750000000000004, 3), (140, 9, 0.98750000000000004, 1), (3, 7, 0.98750000000000004, 4), (54, 13, 0.98750000000000004, 0), (66, 6, 0.98750000000000004, 4)]
=: [(118, 18, 0.98750000000000004, 4), (7, 8, 0.98750000000000004, 3), (13, 9, 0.98750000000000004, 0), (198, 13, 0.98750000000000004, 4), (258, 20, 0.98750000000000004, 3), (140, 9, 0.98750000000000004, 1), (3, 7, 0.98750000000000004, 4), (54, 13, 0.98750000000000004, 0), (66, 6, 0.98750000000000004, 4), (235, 15, 0.98750000000000004, 4)]
=: [(118, 18, 0.98750000000000004, 4), (7, 8, 0.98750000000000004, 3), (13, 9, 0.98750000000000004, 0), (198, 13, 0.98750000000000004, 4), (258, 20, 0.98750000000000004, 3), (140, 9, 0.98750000000000004, 1), (3, 7, 0.98750000000000004, 4), (54, 13, 0.98750000000000004, 0), (66, 6, 0.98750000000000004, 4), (235, 15, 0.98750000000000004, 4), (1, 2, 0.98750000000000004, 3)]
=: [(118, 18, 0.98750000000000004, 4), (7, 8, 0.98750000000000004, 3), (13, 9, 0.98750000000000004, 0), (198, 13, 0.98750000000000004, 4), (258, 20, 0.98750000000000004, 3), (140, 9, 0.98750000000000004, 1), (3, 7, 0.98750000000000004, 4), (54, 13, 0.98750000000000004, 0), (66, 6, 0.98750000000000004, 4), (235, 15, 0.98750000000000004, 4), (1, 2, 0.98750000000000004, 3), (246, 11, 0.98750000000000004, 3)]
>: [(196, 14, 1.0, 4)]
=: [(196, 14, 1.0, 4), (6, 7, 1.0, 3)]
=: [(196, 14, 1.0, 4), (6, 7, 1.0, 3), (32, 9, 1.0, 3)]
=: [(196, 14, 1.0, 4), (6, 7, 1.0, 3), (32, 9, 1.0, 3), (33, 9, 1.0, 3)]
=: [(196, 14, 1.0, 4), (6, 7, 1.0, 3), (32, 9, 1.0, 3), (33, 9, 1.0, 3), (30, 12, 1.0, 4)]
=: [(196, 14, 1.0, 4), (6, 7, 1.0, 3), (32, 9, 1.0, 3), (33, 9, 1.0, 3), (30, 12, 1.0, 4), (4, 6, 1.0, 0)]
=: [(196, 14, 1.0, 4), (6, 7, 1.0, 3), (32, 9, 1.0, 3), (33, 9, 1.0, 3), (30, 12, 1.0, 4), (4, 6, 1.0, 0), (31, 10, 1.0, 3)]
=: [(196, 14, 1.0, 4), (6, 7, 1.0, 3), (32, 9, 1.0, 3), (33, 9, 1.0, 3), (30, 12, 1.0, 4), (4, 6, 1.0, 0), (31, 10, 1.0, 3), (122, 16, 1.0, 4)]
using time: 921.4485805034637