>: [(6311, 1, 0.65012254901960786, 3)]
=: [(6311, 1, 0.65012254901960786, 3), (12418, 1, 0.65012254901960786, 0)]
=: [(6311, 1, 0.65012254901960786, 3), (12418, 1, 0.65012254901960786, 0), (6890, 1, 0.65012254901960786, 0)]
>: [(663, 1, 0.65870098039215685, 3)]
>: [(7961, 1, 0.68014705882352944, 2)]
>: [(6634, 4, 0.69056372549019607, 3)]
=: [(6634, 4, 0.69056372549019607, 3), (2407, 5, 0.69056372549019607, 4)]
>: [(3350, 5, 0.69914215686274517, 3)]
>: [(230, 1, 0.71017156862745112, 1)]
>: [(18, 5, 0.76960784313725483, 3)]
>: [(234, 8, 0.78186274509803921, 4)]
>: [(138, 8, 0.78921568627450978, 3)]
>: [(61, 6, 0.79963235294117652, 4)]
using time: 3333.639319896698