>: [(6311, 1, 0.80797522260936905, 0)]
>: [(12418, 3, 0.80816879597367397, 1)]
=: [(12418, 3, 0.80816879597367397, 1), (4242, 3, 0.80816879597367397, 1)]
>: [(6634, 3, 0.81591173054587696, 1)]
=: [(6634, 3, 0.81591173054587696, 1), (7808, 4, 0.81591173054587696, 3)]
>: [(9558, 3, 0.81610530391018188, 1)]
>: [(5409, 2, 0.81629887727448702, 1)]
>: [(18, 7, 0.84010840108401075, 4)]
>: [(1295, 4, 0.84010840108401086, 1)]
>: [(3120, 1, 0.84049554781262092, 1)]
>: [(9807, 5, 0.84804490902051877, 1)]
=: [(9807, 5, 0.84804490902051877, 1), (2386, 4, 0.84804490902051877, 1)]
=: [(9807, 5, 0.84804490902051877, 1), (2386, 4, 0.84804490902051877, 1), (3583, 3, 0.84804490902051877, 1)]
=: [(9807, 5, 0.84804490902051877, 1), (2386, 4, 0.84804490902051877, 1), (3583, 3, 0.84804490902051877, 1), (7545, 2, 0.84804490902051877, 1)]
>: [(188, 4, 0.85578784359272164, 1)]
>: [(7105, 5, 0.85598141695702668, 1)]
=: [(7105, 5, 0.85598141695702668, 1), (750, 6, 0.85598141695702668, 1)]
using time: 3122.4045350551605