>: [(6917, 2, 0.65000000000000002, 0)]
>: [(3155, 5, 0.70000000000000007, 1)]
>: [(6798, 4, 0.71666666666666667, 1)]
=: [(6798, 4, 0.71666666666666667, 1), (2052, 1, 0.71666666666666667, 2)]
=: [(6798, 4, 0.71666666666666667, 1), (2052, 1, 0.71666666666666667, 2), (2540, 1, 0.71666666666666667, 1)]
=: [(6798, 4, 0.71666666666666667, 1), (2052, 1, 0.71666666666666667, 2), (2540, 1, 0.71666666666666667, 1), (809, 2, 0.71666666666666667, 4)]
>: [(604, 2, 0.73333333333333339, 1)]
=: [(604, 2, 0.73333333333333339, 1), (2133, 4, 0.73333333333333339, 1)]
=: [(604, 2, 0.73333333333333339, 1), (2133, 4, 0.73333333333333339, 1), (510, 8, 0.73333333333333339, 2)]
>: [(115, 9, 0.78333333333333333, 1)]
>: [(9, 5, 0.79999999999999993, 4)]
=: [(9, 5, 0.79999999999999993, 4), (177, 8, 0.79999999999999993, 4)]
>: [(101, 10, 0.83333333333333337, 4)]
=: [(101, 10, 0.83333333333333337, 4), (365, 8, 0.83333333333333337, 4)]
=: [(101, 10, 0.83333333333333337, 4), (365, 8, 0.83333333333333337, 4), (363, 8, 0.83333333333333337, 4)]
=: [(101, 10, 0.83333333333333337, 4), (365, 8, 0.83333333333333337, 4), (363, 8, 0.83333333333333337, 4), (388, 10, 0.83333333333333337, 4)]
=: [(101, 10, 0.83333333333333337, 4), (365, 8, 0.83333333333333337, 4), (363, 8, 0.83333333333333337, 4), (388, 10, 0.83333333333333337, 4), (286, 6, 0.83333333333333337, 4)]
=: [(101, 10, 0.83333333333333337, 4), (365, 8, 0.83333333333333337, 4), (363, 8, 0.83333333333333337, 4), (388, 10, 0.83333333333333337, 4), (286, 6, 0.83333333333333337, 4), (386, 7, 0.83333333333333337, 4)]
=: [(101, 10, 0.83333333333333337, 4), (365, 8, 0.83333333333333337, 4), (363, 8, 0.83333333333333337, 4), (388, 10, 0.83333333333333337, 4), (286, 6, 0.83333333333333337, 4), (386, 7, 0.83333333333333337, 4), (49, 8, 0.83333333333333337, 1)]
using time: 1841.192815065384