>: [(1729, 1, 0.6454545454545455, 0)]
>: [(788, 2, 0.72727272727272718, 2)]
>: [(861, 11, 0.79090909090909101, 4)]
>: [(82, 1, 0.80757575757575761, 0)]
>: [(285, 12, 0.87272727272727268, 0)]
=: [(285, 12, 0.87272727272727268, 0), (286, 9, 0.87272727272727268, 0)]
>: [(127, 7, 0.90303030303030296, 0)]
>: [(2, 4, 0.92121212121212126, 3)]
=: [(2, 4, 0.92121212121212126, 3), (497, 7, 0.92121212121212126, 4)]
>: [(92, 19, 0.93787878787878787, 0)]
=: [(92, 19, 0.93787878787878787, 0), (94, 17, 0.93787878787878787, 0)]
=: [(92, 19, 0.93787878787878787, 0), (94, 17, 0.93787878787878787, 0), (7, 5, 0.93787878787878787, 3)]
using time: 753.1668870449066