>: [(12623, 5, 0.67821067821067815, 3)]
>: [(1326, 5, 0.84632034632034625, 3)]
>: [(4563, 8, 0.87878787878787878, 4)]
>: [(37, 8, 0.9242424242424242, 0)]
>: [(1192, 11, 0.95454545454545459, 0)]
=: [(1192, 11, 0.95454545454545459, 0), (432, 9, 0.95454545454545459, 1)]
>: [(2, 4, 0.98484848484848486, 3)]
=: [(2, 4, 0.98484848484848486, 3), (14, 2, 0.98484848484848486, 0)]
=: [(2, 4, 0.98484848484848486, 3), (14, 2, 0.98484848484848486, 0), (750, 12, 0.98484848484848486, 3)]
=: [(2, 4, 0.98484848484848486, 3), (14, 2, 0.98484848484848486, 0), (750, 12, 0.98484848484848486, 3), (70, 7, 0.98484848484848486, 3)]
using time: 9326.542500972748