>: [(12623, 10, 0.875, 0)]
>: [(1326, 4, 0.9375, 3)]
>: [(3107, 23, 0.95833333333333337, 4)]
>: [(460, 9, 0.96527777777777779, 0)]
=: [(460, 9, 0.96527777777777779, 0), (432, 8, 0.96527777777777779, 0)]
=: [(460, 9, 0.96527777777777779, 0), (432, 8, 0.96527777777777779, 0), (1332, 6, 0.96527777777777779, 1)]
=: [(460, 9, 0.96527777777777779, 0), (432, 8, 0.96527777777777779, 0), (1332, 6, 0.96527777777777779, 1), (2157, 12, 0.96527777777777779, 4)]
=: [(460, 9, 0.96527777777777779, 0), (432, 8, 0.96527777777777779, 0), (1332, 6, 0.96527777777777779, 1), (2157, 12, 0.96527777777777779, 4), (2150, 6, 0.96527777777777779, 0)]
=: [(460, 9, 0.96527777777777779, 0), (432, 8, 0.96527777777777779, 0), (1332, 6, 0.96527777777777779, 1), (2157, 12, 0.96527777777777779, 4), (2150, 6, 0.96527777777777779, 0), (210, 5, 0.96527777777777779, 4)]
=: [(460, 9, 0.96527777777777779, 0), (432, 8, 0.96527777777777779, 0), (1332, 6, 0.96527777777777779, 1), (2157, 12, 0.96527777777777779, 4), (2150, 6, 0.96527777777777779, 0), (210, 5, 0.96527777777777779, 4), (301, 12, 0.96527777777777779, 4)]
=: [(460, 9, 0.96527777777777779, 0), (432, 8, 0.96527777777777779, 0), (1332, 6, 0.96527777777777779, 1), (2157, 12, 0.96527777777777779, 4), (2150, 6, 0.96527777777777779, 0), (210, 5, 0.96527777777777779, 4), (301, 12, 0.96527777777777779, 4), (211, 5, 0.96527777777777779, 0)]
>: [(1676, 10, 0.97222222222222221, 1)]
=: [(1676, 10, 0.97222222222222221, 1), (121, 3, 0.97222222222222221, 0)]
=: [(1676, 10, 0.97222222222222221, 1), (121, 3, 0.97222222222222221, 0), (135, 6, 0.97222222222222221, 1)]
=: [(1676, 10, 0.97222222222222221, 1), (121, 3, 0.97222222222222221, 0), (135, 6, 0.97222222222222221, 1), (1057, 17, 0.97222222222222221, 4)]
=: [(1676, 10, 0.97222222222222221, 1), (121, 3, 0.97222222222222221, 0), (135, 6, 0.97222222222222221, 1), (1057, 17, 0.97222222222222221, 4), (3115, 15, 0.97222222222222221, 4)]
=: [(1676, 10, 0.97222222222222221, 1), (121, 3, 0.97222222222222221, 0), (135, 6, 0.97222222222222221, 1), (1057, 17, 0.97222222222222221, 4), (3115, 15, 0.97222222222222221, 4), (240, 8, 0.97222222222222221, 1)]
=: [(1676, 10, 0.97222222222222221, 1), (121, 3, 0.97222222222222221, 0), (135, 6, 0.97222222222222221, 1), (1057, 17, 0.97222222222222221, 4), (3115, 15, 0.97222222222222221, 4), (240, 8, 0.97222222222222221, 1), (277, 12, 0.97222222222222221, 4)]
=: [(1676, 10, 0.97222222222222221, 1), (121, 3, 0.97222222222222221, 0), (135, 6, 0.97222222222222221, 1), (1057, 17, 0.97222222222222221, 4), (3115, 15, 0.97222222222222221, 4), (240, 8, 0.97222222222222221, 1), (277, 12, 0.97222222222222221, 4), (1056, 18, 0.97222222222222221, 4)]
=: [(1676, 10, 0.97222222222222221, 1), (121, 3, 0.97222222222222221, 0), (135, 6, 0.97222222222222221, 1), (1057, 17, 0.97222222222222221, 4), (3115, 15, 0.97222222222222221, 4), (240, 8, 0.97222222222222221, 1), (277, 12, 0.97222222222222221, 4), (1056, 18, 0.97222222222222221, 4), (242, 6, 0.97222222222222221, 4)]
=: [(1676, 10, 0.97222222222222221, 1), (121, 3, 0.97222222222222221, 0), (135, 6, 0.97222222222222221, 1), (1057, 17, 0.97222222222222221, 4), (3115, 15, 0.97222222222222221, 4), (240, 8, 0.97222222222222221, 1), (277, 12, 0.97222222222222221, 4), (1056, 18, 0.97222222222222221, 4), (242, 6, 0.97222222222222221, 4), (434, 6, 0.97222222222222221, 0)]
=: [(1676, 10, 0.97222222222222221, 1), (121, 3, 0.97222222222222221, 0), (135, 6, 0.97222222222222221, 1), (1057, 17, 0.97222222222222221, 4), (3115, 15, 0.97222222222222221, 4), (240, 8, 0.97222222222222221, 1), (277, 12, 0.97222222222222221, 4), (1056, 18, 0.97222222222222221, 4), (242, 6, 0.97222222222222221, 4), (434, 6, 0.97222222222222221, 0), (239, 8, 0.97222222222222221, 1)]
=: [(1676, 10, 0.97222222222222221, 1), (121, 3, 0.97222222222222221, 0), (135, 6, 0.97222222222222221, 1), (1057, 17, 0.97222222222222221, 4), (3115, 15, 0.97222222222222221, 4), (240, 8, 0.97222222222222221, 1), (277, 12, 0.97222222222222221, 4), (1056, 18, 0.97222222222222221, 4), (242, 6, 0.97222222222222221, 4), (434, 6, 0.97222222222222221, 0), (239, 8, 0.97222222222222221, 1), (756, 14, 0.97222222222222221, 0)]
=: [(1676, 10, 0.97222222222222221, 1), (121, 3, 0.97222222222222221, 0), (135, 6, 0.97222222222222221, 1), (1057, 17, 0.97222222222222221, 4), (3115, 15, 0.97222222222222221, 4), (240, 8, 0.97222222222222221, 1), (277, 12, 0.97222222222222221, 4), (1056, 18, 0.97222222222222221, 4), (242, 6, 0.97222222222222221, 4), (434, 6, 0.97222222222222221, 0), (239, 8, 0.97222222222222221, 1), (756, 14, 0.97222222222222221, 0), (117, 6, 0.97222222222222221, 0)]
=: [(1676, 10, 0.97222222222222221, 1), (121, 3, 0.97222222222222221, 0), (135, 6, 0.97222222222222221, 1), (1057, 17, 0.97222222222222221, 4), (3115, 15, 0.97222222222222221, 4), (240, 8, 0.97222222222222221, 1), (277, 12, 0.97222222222222221, 4), (1056, 18, 0.97222222222222221, 4), (242, 6, 0.97222222222222221, 4), (434, 6, 0.97222222222222221, 0), (239, 8, 0.97222222222222221, 1), (756, 14, 0.97222222222222221, 0), (117, 6, 0.97222222222222221, 0), (517, 5, 0.97222222222222221, 0)]
=: [(1676, 10, 0.97222222222222221, 1), (121, 3, 0.97222222222222221, 0), (135, 6, 0.97222222222222221, 1), (1057, 17, 0.97222222222222221, 4), (3115, 15, 0.97222222222222221, 4), (240, 8, 0.97222222222222221, 1), (277, 12, 0.97222222222222221, 4), (1056, 18, 0.97222222222222221, 4), (242, 6, 0.97222222222222221, 4), (434, 6, 0.97222222222222221, 0), (239, 8, 0.97222222222222221, 1), (756, 14, 0.97222222222222221, 0), (117, 6, 0.97222222222222221, 0), (517, 5, 0.97222222222222221, 0), (366, 13, 0.97222222222222221, 4)]
=: [(1676, 10, 0.97222222222222221, 1), (121, 3, 0.97222222222222221, 0), (135, 6, 0.97222222222222221, 1), (1057, 17, 0.97222222222222221, 4), (3115, 15, 0.97222222222222221, 4), (240, 8, 0.97222222222222221, 1), (277, 12, 0.97222222222222221, 4), (1056, 18, 0.97222222222222221, 4), (242, 6, 0.97222222222222221, 4), (434, 6, 0.97222222222222221, 0), (239, 8, 0.97222222222222221, 1), (756, 14, 0.97222222222222221, 0), (117, 6, 0.97222222222222221, 0), (517, 5, 0.97222222222222221, 0), (366, 13, 0.97222222222222221, 4), (238, 9, 0.97222222222222221, 1)]
=: [(1676, 10, 0.97222222222222221, 1), (121, 3, 0.97222222222222221, 0), (135, 6, 0.97222222222222221, 1), (1057, 17, 0.97222222222222221, 4), (3115, 15, 0.97222222222222221, 4), (240, 8, 0.97222222222222221, 1), (277, 12, 0.97222222222222221, 4), (1056, 18, 0.97222222222222221, 4), (242, 6, 0.97222222222222221, 4), (434, 6, 0.97222222222222221, 0), (239, 8, 0.97222222222222221, 1), (756, 14, 0.97222222222222221, 0), (117, 6, 0.97222222222222221, 0), (517, 5, 0.97222222222222221, 0), (366, 13, 0.97222222222222221, 4), (238, 9, 0.97222222222222221, 1), (758, 14, 0.97222222222222221, 0)]
=: [(1676, 10, 0.97222222222222221, 1), (121, 3, 0.97222222222222221, 0), (135, 6, 0.97222222222222221, 1), (1057, 17, 0.97222222222222221, 4), (3115, 15, 0.97222222222222221, 4), (240, 8, 0.97222222222222221, 1), (277, 12, 0.97222222222222221, 4), (1056, 18, 0.97222222222222221, 4), (242, 6, 0.97222222222222221, 4), (434, 6, 0.97222222222222221, 0), (239, 8, 0.97222222222222221, 1), (756, 14, 0.97222222222222221, 0), (117, 6, 0.97222222222222221, 0), (517, 5, 0.97222222222222221, 0), (366, 13, 0.97222222222222221, 4), (238, 9, 0.97222222222222221, 1), (758, 14, 0.97222222222222221, 0), (1536, 14, 0.97222222222222221, 1)]
=: [(1676, 10, 0.97222222222222221, 1), (121, 3, 0.97222222222222221, 0), (135, 6, 0.97222222222222221, 1), (1057, 17, 0.97222222222222221, 4), (3115, 15, 0.97222222222222221, 4), (240, 8, 0.97222222222222221, 1), (277, 12, 0.97222222222222221, 4), (1056, 18, 0.97222222222222221, 4), (242, 6, 0.97222222222222221, 4), (434, 6, 0.97222222222222221, 0), (239, 8, 0.97222222222222221, 1), (756, 14, 0.97222222222222221, 0), (117, 6, 0.97222222222222221, 0), (517, 5, 0.97222222222222221, 0), (366, 13, 0.97222222222222221, 4), (238, 9, 0.97222222222222221, 1), (758, 14, 0.97222222222222221, 0), (1536, 14, 0.97222222222222221, 1), (115, 9, 0.97222222222222221, 0)]
=: [(1676, 10, 0.97222222222222221, 1), (121, 3, 0.97222222222222221, 0), (135, 6, 0.97222222222222221, 1), (1057, 17, 0.97222222222222221, 4), (3115, 15, 0.97222222222222221, 4), (240, 8, 0.97222222222222221, 1), (277, 12, 0.97222222222222221, 4), (1056, 18, 0.97222222222222221, 4), (242, 6, 0.97222222222222221, 4), (434, 6, 0.97222222222222221, 0), (239, 8, 0.97222222222222221, 1), (756, 14, 0.97222222222222221, 0), (117, 6, 0.97222222222222221, 0), (517, 5, 0.97222222222222221, 0), (366, 13, 0.97222222222222221, 4), (238, 9, 0.97222222222222221, 1), (758, 14, 0.97222222222222221, 0), (1536, 14, 0.97222222222222221, 1), (115, 9, 0.97222222222222221, 0), (118, 5, 0.97222222222222221, 0)]
=: [(1676, 10, 0.97222222222222221, 1), (121, 3, 0.97222222222222221, 0), (135, 6, 0.97222222222222221, 1), (1057, 17, 0.97222222222222221, 4), (3115, 15, 0.97222222222222221, 4), (240, 8, 0.97222222222222221, 1), (277, 12, 0.97222222222222221, 4), (1056, 18, 0.97222222222222221, 4), (242, 6, 0.97222222222222221, 4), (434, 6, 0.97222222222222221, 0), (239, 8, 0.97222222222222221, 1), (756, 14, 0.97222222222222221, 0), (117, 6, 0.97222222222222221, 0), (517, 5, 0.97222222222222221, 0), (366, 13, 0.97222222222222221, 4), (238, 9, 0.97222222222222221, 1), (758, 14, 0.97222222222222221, 0), (1536, 14, 0.97222222222222221, 1), (115, 9, 0.97222222222222221, 0), (118, 5, 0.97222222222222221, 0), (209, 7, 0.97222222222222221, 4)]
using time: 13347.905592918396