>: [(12623, 7, 0.7583333333333333, 4)]
>: [(1326, 9, 0.96746031746031746, 4)]
>: [(460, 7, 0.97619047619047616, 1)]
>: [(37, 5, 0.98373015873015879, 0)]
>: [(708, 7, 0.99206349206349209, 1)]
=: [(708, 7, 0.99206349206349209, 1), (1033, 7, 0.99206349206349209, 3)]
=: [(708, 7, 0.99206349206349209, 1), (1033, 7, 0.99206349206349209, 3), (111, 7, 0.99206349206349209, 1)]
=: [(708, 7, 0.99206349206349209, 1), (1033, 7, 0.99206349206349209, 3), (111, 7, 0.99206349206349209, 1), (1376, 16, 0.99206349206349209, 0)]
=: [(708, 7, 0.99206349206349209, 1), (1033, 7, 0.99206349206349209, 3), (111, 7, 0.99206349206349209, 1), (1376, 16, 0.99206349206349209, 0), (80, 11, 0.99206349206349209, 0)]
=: [(708, 7, 0.99206349206349209, 1), (1033, 7, 0.99206349206349209, 3), (111, 7, 0.99206349206349209, 1), (1376, 16, 0.99206349206349209, 0), (80, 11, 0.99206349206349209, 0), (53, 2, 0.99206349206349209, 1)]
=: [(708, 7, 0.99206349206349209, 1), (1033, 7, 0.99206349206349209, 3), (111, 7, 0.99206349206349209, 1), (1376, 16, 0.99206349206349209, 0), (80, 11, 0.99206349206349209, 0), (53, 2, 0.99206349206349209, 1), (4216, 19, 0.99206349206349209, 3)]
=: [(708, 7, 0.99206349206349209, 1), (1033, 7, 0.99206349206349209, 3), (111, 7, 0.99206349206349209, 1), (1376, 16, 0.99206349206349209, 0), (80, 11, 0.99206349206349209, 0), (53, 2, 0.99206349206349209, 1), (4216, 19, 0.99206349206349209, 3), (4221, 11, 0.99206349206349209, 4)]
=: [(708, 7, 0.99206349206349209, 1), (1033, 7, 0.99206349206349209, 3), (111, 7, 0.99206349206349209, 1), (1376, 16, 0.99206349206349209, 0), (80, 11, 0.99206349206349209, 0), (53, 2, 0.99206349206349209, 1), (4216, 19, 0.99206349206349209, 3), (4221, 11, 0.99206349206349209, 4), (737, 9, 0.99206349206349209, 0)]
=: [(708, 7, 0.99206349206349209, 1), (1033, 7, 0.99206349206349209, 3), (111, 7, 0.99206349206349209, 1), (1376, 16, 0.99206349206349209, 0), (80, 11, 0.99206349206349209, 0), (53, 2, 0.99206349206349209, 1), (4216, 19, 0.99206349206349209, 3), (4221, 11, 0.99206349206349209, 4), (737, 9, 0.99206349206349209, 0), (336, 4, 0.99206349206349209, 4)]
=: [(708, 7, 0.99206349206349209, 1), (1033, 7, 0.99206349206349209, 3), (111, 7, 0.99206349206349209, 1), (1376, 16, 0.99206349206349209, 0), (80, 11, 0.99206349206349209, 0), (53, 2, 0.99206349206349209, 1), (4216, 19, 0.99206349206349209, 3), (4221, 11, 0.99206349206349209, 4), (737, 9, 0.99206349206349209, 0), (336, 4, 0.99206349206349209, 4), (1231, 13, 0.99206349206349209, 4)]
=: [(708, 7, 0.99206349206349209, 1), (1033, 7, 0.99206349206349209, 3), (111, 7, 0.99206349206349209, 1), (1376, 16, 0.99206349206349209, 0), (80, 11, 0.99206349206349209, 0), (53, 2, 0.99206349206349209, 1), (4216, 19, 0.99206349206349209, 3), (4221, 11, 0.99206349206349209, 4), (737, 9, 0.99206349206349209, 0), (336, 4, 0.99206349206349209, 4), (1231, 13, 0.99206349206349209, 4), (110, 7, 0.99206349206349209, 4)]
=: [(708, 7, 0.99206349206349209, 1), (1033, 7, 0.99206349206349209, 3), (111, 7, 0.99206349206349209, 1), (1376, 16, 0.99206349206349209, 0), (80, 11, 0.99206349206349209, 0), (53, 2, 0.99206349206349209, 1), (4216, 19, 0.99206349206349209, 3), (4221, 11, 0.99206349206349209, 4), (737, 9, 0.99206349206349209, 0), (336, 4, 0.99206349206349209, 4), (1231, 13, 0.99206349206349209, 4), (110, 7, 0.99206349206349209, 4), (509, 11, 0.99206349206349209, 0)]
=: [(708, 7, 0.99206349206349209, 1), (1033, 7, 0.99206349206349209, 3), (111, 7, 0.99206349206349209, 1), (1376, 16, 0.99206349206349209, 0), (80, 11, 0.99206349206349209, 0), (53, 2, 0.99206349206349209, 1), (4216, 19, 0.99206349206349209, 3), (4221, 11, 0.99206349206349209, 4), (737, 9, 0.99206349206349209, 0), (336, 4, 0.99206349206349209, 4), (1231, 13, 0.99206349206349209, 4), (110, 7, 0.99206349206349209, 4), (509, 11, 0.99206349206349209, 0), (45, 7, 0.99206349206349209, 3)]
=: [(708, 7, 0.99206349206349209, 1), (1033, 7, 0.99206349206349209, 3), (111, 7, 0.99206349206349209, 1), (1376, 16, 0.99206349206349209, 0), (80, 11, 0.99206349206349209, 0), (53, 2, 0.99206349206349209, 1), (4216, 19, 0.99206349206349209, 3), (4221, 11, 0.99206349206349209, 4), (737, 9, 0.99206349206349209, 0), (336, 4, 0.99206349206349209, 4), (1231, 13, 0.99206349206349209, 4), (110, 7, 0.99206349206349209, 4), (509, 11, 0.99206349206349209, 0), (45, 7, 0.99206349206349209, 3), (203, 8, 0.99206349206349209, 3)]
=: [(708, 7, 0.99206349206349209, 1), (1033, 7, 0.99206349206349209, 3), (111, 7, 0.99206349206349209, 1), (1376, 16, 0.99206349206349209, 0), (80, 11, 0.99206349206349209, 0), (53, 2, 0.99206349206349209, 1), (4216, 19, 0.99206349206349209, 3), (4221, 11, 0.99206349206349209, 4), (737, 9, 0.99206349206349209, 0), (336, 4, 0.99206349206349209, 4), (1231, 13, 0.99206349206349209, 4), (110, 7, 0.99206349206349209, 4), (509, 11, 0.99206349206349209, 0), (45, 7, 0.99206349206349209, 3), (203, 8, 0.99206349206349209, 3), (26, 14, 0.99206349206349209, 3)]
>: [(399, 5, 1.0, 4)]
=: [(399, 5, 1.0, 4), (424, 12, 1.0, 4)]
=: [(399, 5, 1.0, 4), (424, 12, 1.0, 4), (400, 7, 1.0, 0)]
=: [(399, 5, 1.0, 4), (424, 12, 1.0, 4), (400, 7, 1.0, 0), (10, 5, 1.0, 3)]
=: [(399, 5, 1.0, 4), (424, 12, 1.0, 4), (400, 7, 1.0, 0), (10, 5, 1.0, 3), (403, 8, 1.0, 0)]
=: [(399, 5, 1.0, 4), (424, 12, 1.0, 4), (400, 7, 1.0, 0), (10, 5, 1.0, 3), (403, 8, 1.0, 0), (68, 3, 1.0, 3)]
=: [(399, 5, 1.0, 4), (424, 12, 1.0, 4), (400, 7, 1.0, 0), (10, 5, 1.0, 3), (403, 8, 1.0, 0), (68, 3, 1.0, 3), (395, 10, 1.0, 4)]
=: [(399, 5, 1.0, 4), (424, 12, 1.0, 4), (400, 7, 1.0, 0), (10, 5, 1.0, 3), (403, 8, 1.0, 0), (68, 3, 1.0, 3), (395, 10, 1.0, 4), (397, 9, 1.0, 0)]
using time: 10715.98102903366