>: [(3458, 2, 0.68630952380952381, 3)]
>: [(1577, 9, 0.73849206349206353, 4)]
>: [(165, 22, 0.97777777777777786, 4)]
>: [(4, 5, 1.0, 3)]
=: [(4, 5, 1.0, 3), (36, 10, 1.0, 0)]
=: [(4, 5, 1.0, 3), (36, 10, 1.0, 0), (39, 6, 1.0, 0)]
=: [(4, 5, 1.0, 3), (36, 10, 1.0, 0), (39, 6, 1.0, 0), (40, 5, 1.0, 0)]
=: [(4, 5, 1.0, 3), (36, 10, 1.0, 0), (39, 6, 1.0, 0), (40, 5, 1.0, 0), (41, 5, 1.0, 0)]
=: [(4, 5, 1.0, 3), (36, 10, 1.0, 0), (39, 6, 1.0, 0), (40, 5, 1.0, 0), (41, 5, 1.0, 0), (15, 8, 1.0, 3)]
=: [(4, 5, 1.0, 3), (36, 10, 1.0, 0), (39, 6, 1.0, 0), (40, 5, 1.0, 0), (41, 5, 1.0, 0), (15, 8, 1.0, 3), (37, 9, 1.0, 0)]
=: [(4, 5, 1.0, 3), (36, 10, 1.0, 0), (39, 6, 1.0, 0), (40, 5, 1.0, 0), (41, 5, 1.0, 0), (15, 8, 1.0, 3), (37, 9, 1.0, 0), (18, 10, 1.0, 1)]
using time: 1561.3245239257812