>: [(6311, 1, 0.79189352692075021, 0)]
=: [(6311, 1, 0.79189352692075021, 0), (12418, 1, 0.79189352692075021, 0)]
=: [(6311, 1, 0.79189352692075021, 0), (12418, 1, 0.79189352692075021, 0), (6890, 1, 0.79189352692075021, 0)]
>: [(663, 4, 0.82083081266384339, 4)]
>: [(18, 7, 0.84381931841096991, 4)]
>: [(265, 16, 0.85591853196208911, 3)]
>: [(645, 8, 0.86136317806009277, 3)]
=: [(645, 8, 0.86136317806009277, 3), (1087, 12, 0.86136317806009277, 3)]
>: [(655, 13, 0.8672111312764671, 3)]
>: [(1088, 11, 0.87285743093365598, 3)]
>: [(656, 12, 0.87295825771324864, 3)]
=: [(656, 12, 0.87295825771324864, 3), (20, 15, 0.87295825771324864, 1)]
=: [(656, 12, 0.87295825771324864, 3), (20, 15, 0.87295825771324864, 1), (649, 17, 0.87295825771324864, 3)]
=: [(656, 12, 0.87295825771324864, 3), (20, 15, 0.87295825771324864, 1), (649, 17, 0.87295825771324864, 3), (14, 5, 0.87295825771324864, 3)]
>: [(290, 10, 0.87850373059084497, 4)]
>: [(108, 12, 0.87880621092962274, 1)]
>: [(166, 16, 0.90744101633393826, 4)]
using time: 3456.5410962104797