>: [(25247, 4, 0.70634920634920639, 3)]
>: [(2653, 8, 0.77777777777777779, 2)]
>: [(6214, 5, 0.80158730158730152, 0)]
>: [(4832, 5, 0.80952380952380942, 2)]
>: [(74, 2, 0.89682539682539686, 1)]
=: [(74, 2, 0.89682539682539686, 1), (154, 13, 0.89682539682539686, 3)]
>: [(1810, 11, 0.9007936507936507, 3)]
>: [(15, 8, 0.94841269841269848, 3)]
=: [(15, 8, 0.94841269841269848, 3), (47, 3, 0.94841269841269848, 3)]
=: [(15, 8, 0.94841269841269848, 3), (47, 3, 0.94841269841269848, 3), (242, 14, 0.94841269841269848, 3)]
>: [(24, 8, 0.95238095238095244, 1)]
=: [(24, 8, 0.95238095238095244, 1), (276, 14, 0.95238095238095244, 1)]
>: [(23, 13, 0.97619047619047628, 4)]
using time: 14540.270942926407