>: [(20411, 13, 0.77946428571428572, 3)]
>: [(8370, 14, 0.86250000000000004, 0)]
>: [(11748, 25, 0.90267857142857133, 0)]
>: [(950, 5, 0.93839285714285725, 3)]
>: [(429, 9, 0.95178571428571446, 3)]
=: [(429, 9, 0.95178571428571446, 3), (174, 10, 0.95178571428571446, 0)]
>: [(706, 9, 0.95803571428571443, 1)]
>: [(110, 13, 0.96428571428571441, 4)]
=: [(110, 13, 0.96428571428571441, 4), (1590, 10, 0.96428571428571441, 0)]
=: [(110, 13, 0.96428571428571441, 4), (1590, 10, 0.96428571428571441, 0), (644, 6, 0.96428571428571441, 0)]
>: [(432, 6, 0.96517857142857155, 3)]
=: [(432, 6, 0.96517857142857155, 3), (477, 9, 0.96517857142857155, 0)]
>: [(1591, 15, 0.97142857142857153, 0)]
=: [(1591, 15, 0.97142857142857153, 0), (816, 10, 0.97142857142857153, 0)]
=: [(1591, 15, 0.97142857142857153, 0), (816, 10, 0.97142857142857153, 0), (116, 7, 0.97142857142857153, 4)]
=: [(1591, 15, 0.97142857142857153, 0), (816, 10, 0.97142857142857153, 0), (116, 7, 0.97142857142857153, 4), (292, 10, 0.97142857142857153, 0)]
=: [(1591, 15, 0.97142857142857153, 0), (816, 10, 0.97142857142857153, 0), (116, 7, 0.97142857142857153, 4), (292, 10, 0.97142857142857153, 0), (449, 8, 0.97142857142857153, 1)]
>: [(209, 6, 0.97232142857142867, 4)]
>: [(1676, 10, 0.97857142857142865, 1)]
using time: 12356.611420869827