>: [(20411, 9, 0.62142857142857144, 1)]
>: [(8370, 10, 0.87857142857142845, 1)]
>: [(11748, 17, 0.88690476190476186, 4)]
>: [(950, 5, 0.93333333333333335, 1)]
>: [(1699, 11, 0.95119047619047614, 0)]
>: [(429, 12, 0.99166666666666659, 0)]
=: [(429, 12, 0.99166666666666659, 0), (58, 7, 0.99166666666666659, 4)]
=: [(429, 12, 0.99166666666666659, 0), (58, 7, 0.99166666666666659, 4), (110, 6, 0.99166666666666659, 0)]
=: [(429, 12, 0.99166666666666659, 0), (58, 7, 0.99166666666666659, 4), (110, 6, 0.99166666666666659, 0), (644, 19, 0.99166666666666659, 4)]
>: [(432, 10, 1.0, 3)]
=: [(432, 10, 1.0, 3), (399, 5, 1.0, 4)]
=: [(432, 10, 1.0, 3), (399, 5, 1.0, 4), (739, 15, 1.0, 4)]
=: [(432, 10, 1.0, 3), (399, 5, 1.0, 4), (739, 15, 1.0, 4), (360, 8, 1.0, 0)]
=: [(432, 10, 1.0, 3), (399, 5, 1.0, 4), (739, 15, 1.0, 4), (360, 8, 1.0, 0), (4224, 14, 1.0, 3)]
=: [(432, 10, 1.0, 3), (399, 5, 1.0, 4), (739, 15, 1.0, 4), (360, 8, 1.0, 0), (4224, 14, 1.0, 3), (392, 12, 1.0, 4)]
=: [(432, 10, 1.0, 3), (399, 5, 1.0, 4), (739, 15, 1.0, 4), (360, 8, 1.0, 0), (4224, 14, 1.0, 3), (392, 12, 1.0, 4), (501, 15, 1.0, 0)]
=: [(432, 10, 1.0, 3), (399, 5, 1.0, 4), (739, 15, 1.0, 4), (360, 8, 1.0, 0), (4224, 14, 1.0, 3), (392, 12, 1.0, 4), (501, 15, 1.0, 0), (400, 7, 1.0, 0)]
=: [(432, 10, 1.0, 3), (399, 5, 1.0, 4), (739, 15, 1.0, 4), (360, 8, 1.0, 0), (4224, 14, 1.0, 3), (392, 12, 1.0, 4), (501, 15, 1.0, 0), (400, 7, 1.0, 0), (394, 10, 1.0, 4)]
=: [(432, 10, 1.0, 3), (399, 5, 1.0, 4), (739, 15, 1.0, 4), (360, 8, 1.0, 0), (4224, 14, 1.0, 3), (392, 12, 1.0, 4), (501, 15, 1.0, 0), (400, 7, 1.0, 0), (394, 10, 1.0, 4), (734, 19, 1.0, 4)]
=: [(432, 10, 1.0, 3), (399, 5, 1.0, 4), (739, 15, 1.0, 4), (360, 8, 1.0, 0), (4224, 14, 1.0, 3), (392, 12, 1.0, 4), (501, 15, 1.0, 0), (400, 7, 1.0, 0), (394, 10, 1.0, 4), (734, 19, 1.0, 4), (505, 11, 1.0, 0)]
=: [(432, 10, 1.0, 3), (399, 5, 1.0, 4), (739, 15, 1.0, 4), (360, 8, 1.0, 0), (4224, 14, 1.0, 3), (392, 12, 1.0, 4), (501, 15, 1.0, 0), (400, 7, 1.0, 0), (394, 10, 1.0, 4), (734, 19, 1.0, 4), (505, 11, 1.0, 0), (740, 14, 1.0, 3)]
=: [(432, 10, 1.0, 3), (399, 5, 1.0, 4), (739, 15, 1.0, 4), (360, 8, 1.0, 0), (4224, 14, 1.0, 3), (392, 12, 1.0, 4), (501, 15, 1.0, 0), (400, 7, 1.0, 0), (394, 10, 1.0, 4), (734, 19, 1.0, 4), (505, 11, 1.0, 0), (740, 14, 1.0, 3), (423, 17, 1.0, 0)]
=: [(432, 10, 1.0, 3), (399, 5, 1.0, 4), (739, 15, 1.0, 4), (360, 8, 1.0, 0), (4224, 14, 1.0, 3), (392, 12, 1.0, 4), (501, 15, 1.0, 0), (400, 7, 1.0, 0), (394, 10, 1.0, 4), (734, 19, 1.0, 4), (505, 11, 1.0, 0), (740, 14, 1.0, 3), (423, 17, 1.0, 0), (4218, 18, 1.0, 3)]
=: [(432, 10, 1.0, 3), (399, 5, 1.0, 4), (739, 15, 1.0, 4), (360, 8, 1.0, 0), (4224, 14, 1.0, 3), (392, 12, 1.0, 4), (501, 15, 1.0, 0), (400, 7, 1.0, 0), (394, 10, 1.0, 4), (734, 19, 1.0, 4), (505, 11, 1.0, 0), (740, 14, 1.0, 3), (423, 17, 1.0, 0), (4218, 18, 1.0, 3), (68, 3, 1.0, 3)]
=: [(432, 10, 1.0, 3), (399, 5, 1.0, 4), (739, 15, 1.0, 4), (360, 8, 1.0, 0), (4224, 14, 1.0, 3), (392, 12, 1.0, 4), (501, 15, 1.0, 0), (400, 7, 1.0, 0), (394, 10, 1.0, 4), (734, 19, 1.0, 4), (505, 11, 1.0, 0), (740, 14, 1.0, 3), (423, 17, 1.0, 0), (4218, 18, 1.0, 3), (68, 3, 1.0, 3), (810, 4, 1.0, 0)]
using time: 11483.889979839325