>: [(2551, 2, 0.59000000000000008, 1)]
>: [(1046, 8, 0.73333333333333339, 2)]
>: [(118, 13, 0.93333333333333335, 4)]
>: [(212, 12, 0.97499999999999998, 0)]
>: [(463, 17, 0.98000000000000009, 3)]
>: [(53, 16, 1.0, 3)]
=: [(53, 16, 1.0, 3), (7, 12, 1.0, 0)]
=: [(53, 16, 1.0, 3), (7, 12, 1.0, 0), (37, 9, 1.0, 0)]
=: [(53, 16, 1.0, 3), (7, 12, 1.0, 0), (37, 9, 1.0, 0), (47, 5, 1.0, 0)]
=: [(53, 16, 1.0, 3), (7, 12, 1.0, 0), (37, 9, 1.0, 0), (47, 5, 1.0, 0), (2, 7, 1.0, 0)]
=: [(53, 16, 1.0, 3), (7, 12, 1.0, 0), (37, 9, 1.0, 0), (47, 5, 1.0, 0), (2, 7, 1.0, 0), (3, 6, 1.0, 0)]
=: [(53, 16, 1.0, 3), (7, 12, 1.0, 0), (37, 9, 1.0, 0), (47, 5, 1.0, 0), (2, 7, 1.0, 0), (3, 6, 1.0, 0), (54, 15, 1.0, 3)]
=: [(53, 16, 1.0, 3), (7, 12, 1.0, 0), (37, 9, 1.0, 0), (47, 5, 1.0, 0), (2, 7, 1.0, 0), (3, 6, 1.0, 0), (54, 15, 1.0, 3), (40, 6, 1.0, 0)]
=: [(53, 16, 1.0, 3), (7, 12, 1.0, 0), (37, 9, 1.0, 0), (47, 5, 1.0, 0), (2, 7, 1.0, 0), (3, 6, 1.0, 0), (54, 15, 1.0, 3), (40, 6, 1.0, 0), (1, 8, 1.0, 0)]
=: [(53, 16, 1.0, 3), (7, 12, 1.0, 0), (37, 9, 1.0, 0), (47, 5, 1.0, 0), (2, 7, 1.0, 0), (3, 6, 1.0, 0), (54, 15, 1.0, 3), (40, 6, 1.0, 0), (1, 8, 1.0, 0), (206, 17, 1.0, 0)]
=: [(53, 16, 1.0, 3), (7, 12, 1.0, 0), (37, 9, 1.0, 0), (47, 5, 1.0, 0), (2, 7, 1.0, 0), (3, 6, 1.0, 0), (54, 15, 1.0, 3), (40, 6, 1.0, 0), (1, 8, 1.0, 0), (206, 17, 1.0, 0), (210, 14, 1.0, 4)]
=: [(53, 16, 1.0, 3), (7, 12, 1.0, 0), (37, 9, 1.0, 0), (47, 5, 1.0, 0), (2, 7, 1.0, 0), (3, 6, 1.0, 0), (54, 15, 1.0, 3), (40, 6, 1.0, 0), (1, 8, 1.0, 0), (206, 17, 1.0, 0), (210, 14, 1.0, 4), (0, 9, 1.0, 4)]
=: [(53, 16, 1.0, 3), (7, 12, 1.0, 0), (37, 9, 1.0, 0), (47, 5, 1.0, 0), (2, 7, 1.0, 0), (3, 6, 1.0, 0), (54, 15, 1.0, 3), (40, 6, 1.0, 0), (1, 8, 1.0, 0), (206, 17, 1.0, 0), (210, 14, 1.0, 4), (0, 9, 1.0, 4), (207, 16, 1.0, 0)]
=: [(53, 16, 1.0, 3), (7, 12, 1.0, 0), (37, 9, 1.0, 0), (47, 5, 1.0, 0), (2, 7, 1.0, 0), (3, 6, 1.0, 0), (54, 15, 1.0, 3), (40, 6, 1.0, 0), (1, 8, 1.0, 0), (206, 17, 1.0, 0), (210, 14, 1.0, 4), (0, 9, 1.0, 4), (207, 16, 1.0, 0), (4, 5, 1.0, 0)]
=: [(53, 16, 1.0, 3), (7, 12, 1.0, 0), (37, 9, 1.0, 0), (47, 5, 1.0, 0), (2, 7, 1.0, 0), (3, 6, 1.0, 0), (54, 15, 1.0, 3), (40, 6, 1.0, 0), (1, 8, 1.0, 0), (206, 17, 1.0, 0), (210, 14, 1.0, 4), (0, 9, 1.0, 4), (207, 16, 1.0, 0), (4, 5, 1.0, 0), (41, 7, 1.0, 0)]
=: [(53, 16, 1.0, 3), (7, 12, 1.0, 0), (37, 9, 1.0, 0), (47, 5, 1.0, 0), (2, 7, 1.0, 0), (3, 6, 1.0, 0), (54, 15, 1.0, 3), (40, 6, 1.0, 0), (1, 8, 1.0, 0), (206, 17, 1.0, 0), (210, 14, 1.0, 4), (0, 9, 1.0, 4), (207, 16, 1.0, 0), (4, 5, 1.0, 0), (41, 7, 1.0, 0), (39, 6, 1.0, 4)]
=: [(53, 16, 1.0, 3), (7, 12, 1.0, 0), (37, 9, 1.0, 0), (47, 5, 1.0, 0), (2, 7, 1.0, 0), (3, 6, 1.0, 0), (54, 15, 1.0, 3), (40, 6, 1.0, 0), (1, 8, 1.0, 0), (206, 17, 1.0, 0), (210, 14, 1.0, 4), (0, 9, 1.0, 4), (207, 16, 1.0, 0), (4, 5, 1.0, 0), (41, 7, 1.0, 0), (39, 6, 1.0, 4), (0, 9, 1.0, 4)]
using time: 1124.8482465744019