>: [(5305, 1, 0.72277777777777774, 0)]
=: [(5305, 1, 0.72277777777777774, 0), (2471, 1, 0.72277777777777774, 0)]
=: [(5305, 1, 0.72277777777777774, 0), (2471, 1, 0.72277777777777774, 0), (6468, 1, 0.72277777777777774, 0)]
=: [(5305, 1, 0.72277777777777774, 0), (2471, 1, 0.72277777777777774, 0), (6468, 1, 0.72277777777777774, 0), (10664, 1, 0.72277777777777774, 0)]
>: [(791, 5, 0.77638888888888891, 3)]
>: [(1542, 7, 0.79527777777777775, 4)]
>: [(5991, 1, 0.79638888888888881, 2)]
>: [(614, 10, 0.85277777777777786, 1)]
>: [(3, 7, 0.93000000000000005, 3)]
>: [(31, 12, 0.93888888888888888, 0)]
using time: 398.2703387737274