>: [(1943, 8, 0.72166666666666668, 1)]
>: [(1101, 2, 0.78833333333333333, 2)]
>: [(584, 2, 0.79333333333333333, 4)]
>: [(44, 10, 1.0, 4)]
=: [(44, 10, 1.0, 4), (460, 26, 1.0, 4)]
=: [(44, 10, 1.0, 4), (460, 26, 1.0, 4), (210, 14, 1.0, 4)]
=: [(44, 10, 1.0, 4), (460, 26, 1.0, 4), (210, 14, 1.0, 4), (35, 11, 1.0, 0)]
=: [(44, 10, 1.0, 4), (460, 26, 1.0, 4), (210, 14, 1.0, 4), (35, 11, 1.0, 0), (53, 16, 1.0, 3)]
=: [(44, 10, 1.0, 4), (460, 26, 1.0, 4), (210, 14, 1.0, 4), (35, 11, 1.0, 0), (53, 16, 1.0, 3), (84, 13, 1.0, 1)]
=: [(44, 10, 1.0, 4), (460, 26, 1.0, 4), (210, 14, 1.0, 4), (35, 11, 1.0, 0), (53, 16, 1.0, 3), (84, 13, 1.0, 1), (206, 17, 1.0, 0)]
=: [(44, 10, 1.0, 4), (460, 26, 1.0, 4), (210, 14, 1.0, 4), (35, 11, 1.0, 0), (53, 16, 1.0, 3), (84, 13, 1.0, 1), (206, 17, 1.0, 0), (39, 6, 1.0, 4)]
=: [(44, 10, 1.0, 4), (460, 26, 1.0, 4), (210, 14, 1.0, 4), (35, 11, 1.0, 0), (53, 16, 1.0, 3), (84, 13, 1.0, 1), (206, 17, 1.0, 0), (39, 6, 1.0, 4), (41, 7, 1.0, 0)]
=: [(44, 10, 1.0, 4), (460, 26, 1.0, 4), (210, 14, 1.0, 4), (35, 11, 1.0, 0), (53, 16, 1.0, 3), (84, 13, 1.0, 1), (206, 17, 1.0, 0), (39, 6, 1.0, 4), (41, 7, 1.0, 0), (16, 5, 1.0, 3)]
=: [(44, 10, 1.0, 4), (460, 26, 1.0, 4), (210, 14, 1.0, 4), (35, 11, 1.0, 0), (53, 16, 1.0, 3), (84, 13, 1.0, 1), (206, 17, 1.0, 0), (39, 6, 1.0, 4), (41, 7, 1.0, 0), (16, 5, 1.0, 3), (40, 6, 1.0, 0)]
=: [(44, 10, 1.0, 4), (460, 26, 1.0, 4), (210, 14, 1.0, 4), (35, 11, 1.0, 0), (53, 16, 1.0, 3), (84, 13, 1.0, 1), (206, 17, 1.0, 0), (39, 6, 1.0, 4), (41, 7, 1.0, 0), (16, 5, 1.0, 3), (40, 6, 1.0, 0), (209, 14, 1.0, 3)]
=: [(44, 10, 1.0, 4), (460, 26, 1.0, 4), (210, 14, 1.0, 4), (35, 11, 1.0, 0), (53, 16, 1.0, 3), (84, 13, 1.0, 1), (206, 17, 1.0, 0), (39, 6, 1.0, 4), (41, 7, 1.0, 0), (16, 5, 1.0, 3), (40, 6, 1.0, 0), (209, 14, 1.0, 3), (3, 6, 1.0, 0)]
=: [(44, 10, 1.0, 4), (460, 26, 1.0, 4), (210, 14, 1.0, 4), (35, 11, 1.0, 0), (53, 16, 1.0, 3), (84, 13, 1.0, 1), (206, 17, 1.0, 0), (39, 6, 1.0, 4), (41, 7, 1.0, 0), (16, 5, 1.0, 3), (40, 6, 1.0, 0), (209, 14, 1.0, 3), (3, 6, 1.0, 0), (48, 10, 1.0, 3)]
=: [(44, 10, 1.0, 4), (460, 26, 1.0, 4), (210, 14, 1.0, 4), (35, 11, 1.0, 0), (53, 16, 1.0, 3), (84, 13, 1.0, 1), (206, 17, 1.0, 0), (39, 6, 1.0, 4), (41, 7, 1.0, 0), (16, 5, 1.0, 3), (40, 6, 1.0, 0), (209, 14, 1.0, 3), (3, 6, 1.0, 0), (48, 10, 1.0, 3), (4, 5, 1.0, 0)]
=: [(44, 10, 1.0, 4), (460, 26, 1.0, 4), (210, 14, 1.0, 4), (35, 11, 1.0, 0), (53, 16, 1.0, 3), (84, 13, 1.0, 1), (206, 17, 1.0, 0), (39, 6, 1.0, 4), (41, 7, 1.0, 0), (16, 5, 1.0, 3), (40, 6, 1.0, 0), (209, 14, 1.0, 3), (3, 6, 1.0, 0), (48, 10, 1.0, 3), (4, 5, 1.0, 0), (458, 28, 1.0, 3)]
=: [(44, 10, 1.0, 4), (460, 26, 1.0, 4), (210, 14, 1.0, 4), (35, 11, 1.0, 0), (53, 16, 1.0, 3), (84, 13, 1.0, 1), (206, 17, 1.0, 0), (39, 6, 1.0, 4), (41, 7, 1.0, 0), (16, 5, 1.0, 3), (40, 6, 1.0, 0), (209, 14, 1.0, 3), (3, 6, 1.0, 0), (48, 10, 1.0, 3), (4, 5, 1.0, 0), (458, 28, 1.0, 3), (0, 9, 1.0, 4)]
=: [(44, 10, 1.0, 4), (460, 26, 1.0, 4), (210, 14, 1.0, 4), (35, 11, 1.0, 0), (53, 16, 1.0, 3), (84, 13, 1.0, 1), (206, 17, 1.0, 0), (39, 6, 1.0, 4), (41, 7, 1.0, 0), (16, 5, 1.0, 3), (40, 6, 1.0, 0), (209, 14, 1.0, 3), (3, 6, 1.0, 0), (48, 10, 1.0, 3), (4, 5, 1.0, 0), (458, 28, 1.0, 3), (0, 9, 1.0, 4), (0, 9, 1.0, 4)]
using time: 1100.1246016025543