>: [(31101, 2, 0.55000000000000004, 2)]
>: [(17628, 4, 0.625, 1)]
>: [(43088, 3, 0.65000000000000002, 1)]
>: [(34677, 3, 0.67500000000000004, 2)]
>: [(9345, 1, 0.69999999999999996, 0)]
>: [(711, 6, 0.80000000000000004, 3)]
>: [(109, 5, 0.82499999999999996, 1)]
=: [(109, 5, 0.82499999999999996, 1), (1998, 8, 0.82499999999999996, 3)]
>: [(5417, 14, 0.84999999999999998, 3)]
>: [(2414, 8, 0.875, 2)]
>: [(565, 15, 0.94999999999999996, 2)]
>: [(476, 10, 0.97499999999999998, 0)]
>: [(561, 19, 1.0, 3)]
=: [(561, 19, 1.0, 3), (25, 9, 1.0, 4)]
=: [(561, 19, 1.0, 3), (25, 9, 1.0, 4), (0, 10, 1.0, 3)]
=: [(561, 19, 1.0, 3), (25, 9, 1.0, 4), (0, 10, 1.0, 3), (0, 10, 1.0, 3)]
using time: 11781.415971040726