>: [(15595, 1, 0.67500000000000004, 1)]
>: [(8547, 6, 0.75, 3)]
>: [(862, 4, 0.77500000000000002, 0)]
>: [(992, 12, 0.90000000000000002, 3)]
>: [(1318, 8, 0.94999999999999996, 2)]
=: [(1318, 8, 0.94999999999999996, 2), (474, 10, 0.94999999999999996, 0)]
=: [(1318, 8, 0.94999999999999996, 2), (474, 10, 0.94999999999999996, 0), (1238, 6, 0.94999999999999996, 2)]
=: [(1318, 8, 0.94999999999999996, 2), (474, 10, 0.94999999999999996, 0), (1238, 6, 0.94999999999999996, 2), (126, 4, 0.94999999999999996, 2)]
=: [(1318, 8, 0.94999999999999996, 2), (474, 10, 0.94999999999999996, 0), (1238, 6, 0.94999999999999996, 2), (126, 4, 0.94999999999999996, 2), (2, 8, 0.94999999999999996, 0)]
=: [(1318, 8, 0.94999999999999996, 2), (474, 10, 0.94999999999999996, 0), (1238, 6, 0.94999999999999996, 2), (126, 4, 0.94999999999999996, 2), (2, 8, 0.94999999999999996, 0), (13, 7, 0.94999999999999996, 3)]
>: [(561, 19, 1.0, 3)]
=: [(561, 19, 1.0, 3), (0, 10, 1.0, 3)]
using time: 11956.418890476227