>: [(7775, 2, 0.59818181818181815, 3)]
>: [(4407, 1, 0.60909090909090902, 0)]
>: [(8669, 11, 0.62454545454545451, 4)]
>: [(10918, 5, 0.70727272727272739, 0)]
>: [(177, 3, 0.74272727272727268, 3)]
>: [(3729, 6, 0.77363636363636368, 2)]
>: [(27, 10, 0.90999999999999992, 0)]
>: [(109, 13, 0.93000000000000005, 4)]
=: [(109, 13, 0.93000000000000005, 4), (132, 9, 0.93000000000000005, 4)]
>: [(181, 17, 0.94000000000000006, 4)]
>: [(7, 8, 0.95090909090909093, 3)]
=: [(7, 8, 0.95090909090909093, 3), (6, 6, 0.95090909090909093, 1)]
using time: 3563.0724227428436