>: [(5305, 1, 0.80934065934065935, 0)]
=: [(5305, 1, 0.80934065934065935, 0), (2471, 1, 0.80934065934065935, 0)]
=: [(5305, 1, 0.80934065934065935, 0), (2471, 1, 0.80934065934065935, 0), (6468, 1, 0.80934065934065935, 0)]
=: [(5305, 1, 0.80934065934065935, 0), (2471, 1, 0.80934065934065935, 0), (6468, 1, 0.80934065934065935, 0), (10664, 1, 0.80934065934065935, 0)]
=: [(5305, 1, 0.80934065934065935, 0), (2471, 1, 0.80934065934065935, 0), (6468, 1, 0.80934065934065935, 0), (10664, 1, 0.80934065934065935, 0), (791, 1, 0.80934065934065935, 0)]
>: [(1186, 1, 0.8255494505494505, 1)]
>: [(4744, 2, 0.83424908424908428, 1)]
>: [(2386, 4, 0.8402014652014651, 1)]
>: [(3, 9, 0.84084249084249085, 4)]
>: [(1158, 14, 0.88250915750915748, 1)]
using time: 1296.3033249378204