>: [(22188, 4, 0.69761904761904758, 1)]
>: [(1417, 9, 0.97619047619047605, 0)]
>: [(93, 14, 0.98452380952380947, 1)]
>: [(1485, 13, 0.99166666666666659, 0)]
>: [(619, 13, 0.99285714285714288, 0)]
>: [(502, 14, 1.0, 0)]
=: [(502, 14, 1.0, 0), (399, 5, 1.0, 4)]
=: [(502, 14, 1.0, 0), (399, 5, 1.0, 4), (505, 11, 1.0, 0)]
=: [(502, 14, 1.0, 0), (399, 5, 1.0, 4), (505, 11, 1.0, 0), (1230, 14, 1.0, 0)]
=: [(502, 14, 1.0, 0), (399, 5, 1.0, 4), (505, 11, 1.0, 0), (1230, 14, 1.0, 0), (423, 17, 1.0, 0)]
=: [(502, 14, 1.0, 0), (399, 5, 1.0, 4), (505, 11, 1.0, 0), (1230, 14, 1.0, 0), (423, 17, 1.0, 0), (386, 20, 1.0, 0)]
=: [(502, 14, 1.0, 0), (399, 5, 1.0, 4), (505, 11, 1.0, 0), (1230, 14, 1.0, 0), (423, 17, 1.0, 0), (386, 20, 1.0, 0), (492, 20, 1.0, 3)]
=: [(502, 14, 1.0, 0), (399, 5, 1.0, 4), (505, 11, 1.0, 0), (1230, 14, 1.0, 0), (423, 17, 1.0, 0), (386, 20, 1.0, 0), (492, 20, 1.0, 3), (501, 15, 1.0, 0)]
=: [(502, 14, 1.0, 0), (399, 5, 1.0, 4), (505, 11, 1.0, 0), (1230, 14, 1.0, 0), (423, 17, 1.0, 0), (386, 20, 1.0, 0), (492, 20, 1.0, 3), (501, 15, 1.0, 0), (740, 14, 1.0, 3)]
=: [(502, 14, 1.0, 0), (399, 5, 1.0, 4), (505, 11, 1.0, 0), (1230, 14, 1.0, 0), (423, 17, 1.0, 0), (386, 20, 1.0, 0), (492, 20, 1.0, 3), (501, 15, 1.0, 0), (740, 14, 1.0, 3), (384, 22, 1.0, 1)]
=: [(502, 14, 1.0, 0), (399, 5, 1.0, 4), (505, 11, 1.0, 0), (1230, 14, 1.0, 0), (423, 17, 1.0, 0), (386, 20, 1.0, 0), (492, 20, 1.0, 3), (501, 15, 1.0, 0), (740, 14, 1.0, 3), (384, 22, 1.0, 1), (394, 10, 1.0, 4)]
=: [(502, 14, 1.0, 0), (399, 5, 1.0, 4), (505, 11, 1.0, 0), (1230, 14, 1.0, 0), (423, 17, 1.0, 0), (386, 20, 1.0, 0), (492, 20, 1.0, 3), (501, 15, 1.0, 0), (740, 14, 1.0, 3), (384, 22, 1.0, 1), (394, 10, 1.0, 4), (396, 9, 1.0, 0)]
=: [(502, 14, 1.0, 0), (399, 5, 1.0, 4), (505, 11, 1.0, 0), (1230, 14, 1.0, 0), (423, 17, 1.0, 0), (386, 20, 1.0, 0), (492, 20, 1.0, 3), (501, 15, 1.0, 0), (740, 14, 1.0, 3), (384, 22, 1.0, 1), (394, 10, 1.0, 4), (396, 9, 1.0, 0), (397, 9, 1.0, 0)]
=: [(502, 14, 1.0, 0), (399, 5, 1.0, 4), (505, 11, 1.0, 0), (1230, 14, 1.0, 0), (423, 17, 1.0, 0), (386, 20, 1.0, 0), (492, 20, 1.0, 3), (501, 15, 1.0, 0), (740, 14, 1.0, 3), (384, 22, 1.0, 1), (394, 10, 1.0, 4), (396, 9, 1.0, 0), (397, 9, 1.0, 0), (425, 11, 1.0, 1)]
=: [(502, 14, 1.0, 0), (399, 5, 1.0, 4), (505, 11, 1.0, 0), (1230, 14, 1.0, 0), (423, 17, 1.0, 0), (386, 20, 1.0, 0), (492, 20, 1.0, 3), (501, 15, 1.0, 0), (740, 14, 1.0, 3), (384, 22, 1.0, 1), (394, 10, 1.0, 4), (396, 9, 1.0, 0), (397, 9, 1.0, 0), (425, 11, 1.0, 1), (68, 3, 1.0, 3)]
=: [(502, 14, 1.0, 0), (399, 5, 1.0, 4), (505, 11, 1.0, 0), (1230, 14, 1.0, 0), (423, 17, 1.0, 0), (386, 20, 1.0, 0), (492, 20, 1.0, 3), (501, 15, 1.0, 0), (740, 14, 1.0, 3), (384, 22, 1.0, 1), (394, 10, 1.0, 4), (396, 9, 1.0, 0), (397, 9, 1.0, 0), (425, 11, 1.0, 1), (68, 3, 1.0, 3), (4224, 14, 1.0, 3)]
=: [(502, 14, 1.0, 0), (399, 5, 1.0, 4), (505, 11, 1.0, 0), (1230, 14, 1.0, 0), (423, 17, 1.0, 0), (386, 20, 1.0, 0), (492, 20, 1.0, 3), (501, 15, 1.0, 0), (740, 14, 1.0, 3), (384, 22, 1.0, 1), (394, 10, 1.0, 4), (396, 9, 1.0, 0), (397, 9, 1.0, 0), (425, 11, 1.0, 1), (68, 3, 1.0, 3), (4224, 14, 1.0, 3), (739, 15, 1.0, 4)]
using time: 12075.031476736069