>: [(3867, 1, 0.72277777777777774, 0)]
=: [(3867, 1, 0.72277777777777774, 0), (4969, 1, 0.72277777777777774, 0)]
=: [(3867, 1, 0.72277777777777774, 0), (4969, 1, 0.72277777777777774, 0), (1690, 1, 0.72277777777777774, 0)]
=: [(3867, 1, 0.72277777777777774, 0), (4969, 1, 0.72277777777777774, 0), (1690, 1, 0.72277777777777774, 0), (11816, 1, 0.72277777777777774, 0)]
=: [(3867, 1, 0.72277777777777774, 0), (4969, 1, 0.72277777777777774, 0), (1690, 1, 0.72277777777777774, 0), (11816, 1, 0.72277777777777774, 0), (6489, 1, 0.72277777777777774, 4)]
=: [(3867, 1, 0.72277777777777774, 0), (4969, 1, 0.72277777777777774, 0), (1690, 1, 0.72277777777777774, 0), (11816, 1, 0.72277777777777774, 0), (6489, 1, 0.72277777777777774, 4), (7845, 1, 0.72277777777777774, 0)]
>: [(2539, 1, 0.76999999999999991, 1)]
>: [(1476, 8, 0.81027777777777776, 1)]
>: [(324, 5, 0.86277777777777787, 1)]
>: [(214, 8, 0.86388888888888893, 1)]
>: [(91, 10, 0.87277777777777776, 3)]
>: [(27, 18, 0.90638888888888902, 0)]
>: [(33, 9, 0.94888888888888889, 0)]
=: [(33, 9, 0.94888888888888889, 0), (32, 10, 0.94888888888888889, 0)]
using time: 2828.230264186859