>: [(7734, 3, 0.66714285714285715, 0)]
>: [(3380, 2, 0.78238095238095229, 1)]
>: [(5078, 17, 0.84428571428571431, 0)]
>: [(2952, 15, 0.84999999999999998, 4)]
>: [(2179, 11, 0.85952380952380947, 1)]
>: [(7025, 10, 0.86904761904761896, 0)]
>: [(236, 7, 0.93238095238095242, 3)]
>: [(429, 13, 0.93476190476190479, 4)]
>: [(1120, 13, 0.94047619047619047, 0)]
=: [(1120, 13, 0.94047619047619047, 0), (159, 4, 0.94047619047619047, 1)]
=: [(1120, 13, 0.94047619047619047, 0), (159, 4, 0.94047619047619047, 1), (55, 6, 0.94047619047619047, 0)]
>: [(431, 10, 0.9547619047619047, 0)]
>: [(85, 9, 0.97142857142857153, 3)]
>: [(86, 10, 0.98571428571428577, 3)]
=: [(86, 10, 0.98571428571428577, 3), (87, 8, 0.98571428571428577, 3)]
=: [(86, 10, 0.98571428571428577, 3), (87, 8, 0.98571428571428577, 3), (5, 3, 0.98571428571428577, 0)]
>: [(1, 8, 1.0, 4)]
=: [(1, 8, 1.0, 4), (2, 7, 1.0, 1)]
using time: 7394.882280111313