>: [(5939, 15, 0.90357142857142847, 4)]
>: [(4024, 27, 0.93690476190476191, 1)]
>: [(8316, 16, 0.94404761904761902, 1)]
>: [(218, 4, 0.95238095238095233, 4)]
>: [(3762, 35, 0.96785714285714286, 0)]
>: [(206, 7, 0.98333333333333317, 3)]
>: [(361, 9, 0.99166666666666659, 0)]
>: [(742, 12, 1.0, 4)]
=: [(742, 12, 1.0, 4), (398, 8, 1.0, 0)]
=: [(742, 12, 1.0, 4), (398, 8, 1.0, 0), (9, 7, 1.0, 4)]
=: [(742, 12, 1.0, 4), (398, 8, 1.0, 0), (9, 7, 1.0, 4), (4224, 14, 1.0, 3)]
=: [(742, 12, 1.0, 4), (398, 8, 1.0, 0), (9, 7, 1.0, 4), (4224, 14, 1.0, 3), (393, 11, 1.0, 4)]
=: [(742, 12, 1.0, 4), (398, 8, 1.0, 0), (9, 7, 1.0, 4), (4224, 14, 1.0, 3), (393, 11, 1.0, 4), (384, 22, 1.0, 1)]
=: [(742, 12, 1.0, 4), (398, 8, 1.0, 0), (9, 7, 1.0, 4), (4224, 14, 1.0, 3), (393, 11, 1.0, 4), (384, 22, 1.0, 1), (396, 9, 1.0, 0)]
=: [(742, 12, 1.0, 4), (398, 8, 1.0, 0), (9, 7, 1.0, 4), (4224, 14, 1.0, 3), (393, 11, 1.0, 4), (384, 22, 1.0, 1), (396, 9, 1.0, 0), (359, 10, 1.0, 1)]
=: [(742, 12, 1.0, 4), (398, 8, 1.0, 0), (9, 7, 1.0, 4), (4224, 14, 1.0, 3), (393, 11, 1.0, 4), (384, 22, 1.0, 1), (396, 9, 1.0, 0), (359, 10, 1.0, 1), (740, 14, 1.0, 3)]
=: [(742, 12, 1.0, 4), (398, 8, 1.0, 0), (9, 7, 1.0, 4), (4224, 14, 1.0, 3), (393, 11, 1.0, 4), (384, 22, 1.0, 1), (396, 9, 1.0, 0), (359, 10, 1.0, 1), (740, 14, 1.0, 3), (17, 3, 1.0, 4)]
=: [(742, 12, 1.0, 4), (398, 8, 1.0, 0), (9, 7, 1.0, 4), (4224, 14, 1.0, 3), (393, 11, 1.0, 4), (384, 22, 1.0, 1), (396, 9, 1.0, 0), (359, 10, 1.0, 1), (740, 14, 1.0, 3), (17, 3, 1.0, 4), (425, 11, 1.0, 1)]
=: [(742, 12, 1.0, 4), (398, 8, 1.0, 0), (9, 7, 1.0, 4), (4224, 14, 1.0, 3), (393, 11, 1.0, 4), (384, 22, 1.0, 1), (396, 9, 1.0, 0), (359, 10, 1.0, 1), (740, 14, 1.0, 3), (17, 3, 1.0, 4), (425, 11, 1.0, 1), (395, 9, 1.0, 4)]
=: [(742, 12, 1.0, 4), (398, 8, 1.0, 0), (9, 7, 1.0, 4), (4224, 14, 1.0, 3), (393, 11, 1.0, 4), (384, 22, 1.0, 1), (396, 9, 1.0, 0), (359, 10, 1.0, 1), (740, 14, 1.0, 3), (17, 3, 1.0, 4), (425, 11, 1.0, 1), (395, 9, 1.0, 4), (397, 9, 1.0, 0)]
=: [(742, 12, 1.0, 4), (398, 8, 1.0, 0), (9, 7, 1.0, 4), (4224, 14, 1.0, 3), (393, 11, 1.0, 4), (384, 22, 1.0, 1), (396, 9, 1.0, 0), (359, 10, 1.0, 1), (740, 14, 1.0, 3), (17, 3, 1.0, 4), (425, 11, 1.0, 1), (395, 9, 1.0, 4), (397, 9, 1.0, 0), (4218, 18, 1.0, 3)]
=: [(742, 12, 1.0, 4), (398, 8, 1.0, 0), (9, 7, 1.0, 4), (4224, 14, 1.0, 3), (393, 11, 1.0, 4), (384, 22, 1.0, 1), (396, 9, 1.0, 0), (359, 10, 1.0, 1), (740, 14, 1.0, 3), (17, 3, 1.0, 4), (425, 11, 1.0, 1), (395, 9, 1.0, 4), (397, 9, 1.0, 0), (4218, 18, 1.0, 3), (392, 12, 1.0, 4)]
=: [(742, 12, 1.0, 4), (398, 8, 1.0, 0), (9, 7, 1.0, 4), (4224, 14, 1.0, 3), (393, 11, 1.0, 4), (384, 22, 1.0, 1), (396, 9, 1.0, 0), (359, 10, 1.0, 1), (740, 14, 1.0, 3), (17, 3, 1.0, 4), (425, 11, 1.0, 1), (395, 9, 1.0, 4), (397, 9, 1.0, 0), (4218, 18, 1.0, 3), (392, 12, 1.0, 4), (386, 20, 1.0, 0)]
=: [(742, 12, 1.0, 4), (398, 8, 1.0, 0), (9, 7, 1.0, 4), (4224, 14, 1.0, 3), (393, 11, 1.0, 4), (384, 22, 1.0, 1), (396, 9, 1.0, 0), (359, 10, 1.0, 1), (740, 14, 1.0, 3), (17, 3, 1.0, 4), (425, 11, 1.0, 1), (395, 9, 1.0, 4), (397, 9, 1.0, 0), (4218, 18, 1.0, 3), (392, 12, 1.0, 4), (386, 20, 1.0, 0), (360, 8, 1.0, 0)]
=: [(742, 12, 1.0, 4), (398, 8, 1.0, 0), (9, 7, 1.0, 4), (4224, 14, 1.0, 3), (393, 11, 1.0, 4), (384, 22, 1.0, 1), (396, 9, 1.0, 0), (359, 10, 1.0, 1), (740, 14, 1.0, 3), (17, 3, 1.0, 4), (425, 11, 1.0, 1), (395, 9, 1.0, 4), (397, 9, 1.0, 0), (4218, 18, 1.0, 3), (392, 12, 1.0, 4), (386, 20, 1.0, 0), (360, 8, 1.0, 0), (423, 17, 1.0, 0)]
=: [(742, 12, 1.0, 4), (398, 8, 1.0, 0), (9, 7, 1.0, 4), (4224, 14, 1.0, 3), (393, 11, 1.0, 4), (384, 22, 1.0, 1), (396, 9, 1.0, 0), (359, 10, 1.0, 1), (740, 14, 1.0, 3), (17, 3, 1.0, 4), (425, 11, 1.0, 1), (395, 9, 1.0, 4), (397, 9, 1.0, 0), (4218, 18, 1.0, 3), (392, 12, 1.0, 4), (386, 20, 1.0, 0), (360, 8, 1.0, 0), (423, 17, 1.0, 0), (810, 4, 1.0, 0)]
=: [(742, 12, 1.0, 4), (398, 8, 1.0, 0), (9, 7, 1.0, 4), (4224, 14, 1.0, 3), (393, 11, 1.0, 4), (384, 22, 1.0, 1), (396, 9, 1.0, 0), (359, 10, 1.0, 1), (740, 14, 1.0, 3), (17, 3, 1.0, 4), (425, 11, 1.0, 1), (395, 9, 1.0, 4), (397, 9, 1.0, 0), (4218, 18, 1.0, 3), (392, 12, 1.0, 4), (386, 20, 1.0, 0), (360, 8, 1.0, 0), (423, 17, 1.0, 0), (810, 4, 1.0, 0), (506, 10, 1.0, 0)]
=: [(742, 12, 1.0, 4), (398, 8, 1.0, 0), (9, 7, 1.0, 4), (4224, 14, 1.0, 3), (393, 11, 1.0, 4), (384, 22, 1.0, 1), (396, 9, 1.0, 0), (359, 10, 1.0, 1), (740, 14, 1.0, 3), (17, 3, 1.0, 4), (425, 11, 1.0, 1), (395, 9, 1.0, 4), (397, 9, 1.0, 0), (4218, 18, 1.0, 3), (392, 12, 1.0, 4), (386, 20, 1.0, 0), (360, 8, 1.0, 0), (423, 17, 1.0, 0), (810, 4, 1.0, 0), (506, 10, 1.0, 0), (432, 10, 1.0, 3)]
using time: 12002.704774618149