>: [(742, 5, 0.72999999999999998, 1)]
>: [(503, 12, 0.89666666666666672, 0)]
>: [(27, 9, 0.94999999999999996, 4)]
>: [(470, 12, 0.95500000000000007, 4)]
=: [(470, 12, 0.95500000000000007, 4), (25, 5, 0.95500000000000007, 0)]
>: [(23, 15, 0.97499999999999998, 0)]
>: [(35, 11, 1.0, 0)]
=: [(35, 11, 1.0, 0), (84, 13, 1.0, 1)]
=: [(35, 11, 1.0, 0), (84, 13, 1.0, 1), (36, 10, 1.0, 0)]
=: [(35, 11, 1.0, 0), (84, 13, 1.0, 1), (36, 10, 1.0, 0), (210, 14, 1.0, 4)]
=: [(35, 11, 1.0, 0), (84, 13, 1.0, 1), (36, 10, 1.0, 0), (210, 14, 1.0, 4), (4, 5, 1.0, 0)]
=: [(35, 11, 1.0, 0), (84, 13, 1.0, 1), (36, 10, 1.0, 0), (210, 14, 1.0, 4), (4, 5, 1.0, 0), (1, 8, 1.0, 0)]
=: [(35, 11, 1.0, 0), (84, 13, 1.0, 1), (36, 10, 1.0, 0), (210, 14, 1.0, 4), (4, 5, 1.0, 0), (1, 8, 1.0, 0), (47, 5, 1.0, 0)]
=: [(35, 11, 1.0, 0), (84, 13, 1.0, 1), (36, 10, 1.0, 0), (210, 14, 1.0, 4), (4, 5, 1.0, 0), (1, 8, 1.0, 0), (47, 5, 1.0, 0), (41, 7, 1.0, 0)]
=: [(35, 11, 1.0, 0), (84, 13, 1.0, 1), (36, 10, 1.0, 0), (210, 14, 1.0, 4), (4, 5, 1.0, 0), (1, 8, 1.0, 0), (47, 5, 1.0, 0), (41, 7, 1.0, 0), (16, 5, 1.0, 3)]
=: [(35, 11, 1.0, 0), (84, 13, 1.0, 1), (36, 10, 1.0, 0), (210, 14, 1.0, 4), (4, 5, 1.0, 0), (1, 8, 1.0, 0), (47, 5, 1.0, 0), (41, 7, 1.0, 0), (16, 5, 1.0, 3), (7, 12, 1.0, 0)]
=: [(35, 11, 1.0, 0), (84, 13, 1.0, 1), (36, 10, 1.0, 0), (210, 14, 1.0, 4), (4, 5, 1.0, 0), (1, 8, 1.0, 0), (47, 5, 1.0, 0), (41, 7, 1.0, 0), (16, 5, 1.0, 3), (7, 12, 1.0, 0), (0, 9, 1.0, 4)]
=: [(35, 11, 1.0, 0), (84, 13, 1.0, 1), (36, 10, 1.0, 0), (210, 14, 1.0, 4), (4, 5, 1.0, 0), (1, 8, 1.0, 0), (47, 5, 1.0, 0), (41, 7, 1.0, 0), (16, 5, 1.0, 3), (7, 12, 1.0, 0), (0, 9, 1.0, 4), (46, 6, 1.0, 0)]
=: [(35, 11, 1.0, 0), (84, 13, 1.0, 1), (36, 10, 1.0, 0), (210, 14, 1.0, 4), (4, 5, 1.0, 0), (1, 8, 1.0, 0), (47, 5, 1.0, 0), (41, 7, 1.0, 0), (16, 5, 1.0, 3), (7, 12, 1.0, 0), (0, 9, 1.0, 4), (46, 6, 1.0, 0), (54, 15, 1.0, 3)]
=: [(35, 11, 1.0, 0), (84, 13, 1.0, 1), (36, 10, 1.0, 0), (210, 14, 1.0, 4), (4, 5, 1.0, 0), (1, 8, 1.0, 0), (47, 5, 1.0, 0), (41, 7, 1.0, 0), (16, 5, 1.0, 3), (7, 12, 1.0, 0), (0, 9, 1.0, 4), (46, 6, 1.0, 0), (54, 15, 1.0, 3), (0, 9, 1.0, 4)]
using time: 1105.5335824489594