>: [(7070, 1, 0.75476190476190474, 0)]
>: [(6955, 3, 0.80654761904761896, 1)]
>: [(463, 7, 0.856547619047619, 4)]
>: [(750, 11, 0.875, 4)]
>: [(292, 5, 0.92500000000000004, 4)]
>: [(1297, 20, 0.9375, 4)]
=: [(1297, 20, 0.9375, 4), (261, 13, 0.9375, 4)]
>: [(192, 17, 0.97499999999999998, 1)]
>: [(207, 6, 0.98750000000000004, 3)]
=: [(207, 6, 0.98750000000000004, 3), (162, 12, 0.98750000000000004, 3)]
=: [(207, 6, 0.98750000000000004, 3), (162, 12, 0.98750000000000004, 3), (128, 11, 0.98750000000000004, 1)]
=: [(207, 6, 0.98750000000000004, 3), (162, 12, 0.98750000000000004, 3), (128, 11, 0.98750000000000004, 1), (95, 10, 0.98750000000000004, 1)]
=: [(207, 6, 0.98750000000000004, 3), (162, 12, 0.98750000000000004, 3), (128, 11, 0.98750000000000004, 1), (95, 10, 0.98750000000000004, 1), (129, 9, 0.98750000000000004, 1)]
=: [(207, 6, 0.98750000000000004, 3), (162, 12, 0.98750000000000004, 3), (128, 11, 0.98750000000000004, 1), (95, 10, 0.98750000000000004, 1), (129, 9, 0.98750000000000004, 1), (103, 11, 0.98750000000000004, 0)]
=: [(207, 6, 0.98750000000000004, 3), (162, 12, 0.98750000000000004, 3), (128, 11, 0.98750000000000004, 1), (95, 10, 0.98750000000000004, 1), (129, 9, 0.98750000000000004, 1), (103, 11, 0.98750000000000004, 0), (130, 8, 0.98750000000000004, 1)]
=: [(207, 6, 0.98750000000000004, 3), (162, 12, 0.98750000000000004, 3), (128, 11, 0.98750000000000004, 1), (95, 10, 0.98750000000000004, 1), (129, 9, 0.98750000000000004, 1), (103, 11, 0.98750000000000004, 0), (130, 8, 0.98750000000000004, 1), (94, 11, 0.98750000000000004, 1)]
=: [(207, 6, 0.98750000000000004, 3), (162, 12, 0.98750000000000004, 3), (128, 11, 0.98750000000000004, 1), (95, 10, 0.98750000000000004, 1), (129, 9, 0.98750000000000004, 1), (103, 11, 0.98750000000000004, 0), (130, 8, 0.98750000000000004, 1), (94, 11, 0.98750000000000004, 1), (11, 6, 0.98750000000000004, 1)]
=: [(207, 6, 0.98750000000000004, 3), (162, 12, 0.98750000000000004, 3), (128, 11, 0.98750000000000004, 1), (95, 10, 0.98750000000000004, 1), (129, 9, 0.98750000000000004, 1), (103, 11, 0.98750000000000004, 0), (130, 8, 0.98750000000000004, 1), (94, 11, 0.98750000000000004, 1), (11, 6, 0.98750000000000004, 1), (98, 9, 0.98750000000000004, 1)]
=: [(207, 6, 0.98750000000000004, 3), (162, 12, 0.98750000000000004, 3), (128, 11, 0.98750000000000004, 1), (95, 10, 0.98750000000000004, 1), (129, 9, 0.98750000000000004, 1), (103, 11, 0.98750000000000004, 0), (130, 8, 0.98750000000000004, 1), (94, 11, 0.98750000000000004, 1), (11, 6, 0.98750000000000004, 1), (98, 9, 0.98750000000000004, 1), (100, 10, 0.98750000000000004, 3)]
=: [(207, 6, 0.98750000000000004, 3), (162, 12, 0.98750000000000004, 3), (128, 11, 0.98750000000000004, 1), (95, 10, 0.98750000000000004, 1), (129, 9, 0.98750000000000004, 1), (103, 11, 0.98750000000000004, 0), (130, 8, 0.98750000000000004, 1), (94, 11, 0.98750000000000004, 1), (11, 6, 0.98750000000000004, 1), (98, 9, 0.98750000000000004, 1), (100, 10, 0.98750000000000004, 3), (97, 11, 0.98750000000000004, 0)]
=: [(207, 6, 0.98750000000000004, 3), (162, 12, 0.98750000000000004, 3), (128, 11, 0.98750000000000004, 1), (95, 10, 0.98750000000000004, 1), (129, 9, 0.98750000000000004, 1), (103, 11, 0.98750000000000004, 0), (130, 8, 0.98750000000000004, 1), (94, 11, 0.98750000000000004, 1), (11, 6, 0.98750000000000004, 1), (98, 9, 0.98750000000000004, 1), (100, 10, 0.98750000000000004, 3), (97, 11, 0.98750000000000004, 0), (37, 8, 0.98750000000000004, 0)]
=: [(207, 6, 0.98750000000000004, 3), (162, 12, 0.98750000000000004, 3), (128, 11, 0.98750000000000004, 1), (95, 10, 0.98750000000000004, 1), (129, 9, 0.98750000000000004, 1), (103, 11, 0.98750000000000004, 0), (130, 8, 0.98750000000000004, 1), (94, 11, 0.98750000000000004, 1), (11, 6, 0.98750000000000004, 1), (98, 9, 0.98750000000000004, 1), (100, 10, 0.98750000000000004, 3), (97, 11, 0.98750000000000004, 0), (37, 8, 0.98750000000000004, 0), (364, 24, 0.98750000000000004, 4)]
=: [(207, 6, 0.98750000000000004, 3), (162, 12, 0.98750000000000004, 3), (128, 11, 0.98750000000000004, 1), (95, 10, 0.98750000000000004, 1), (129, 9, 0.98750000000000004, 1), (103, 11, 0.98750000000000004, 0), (130, 8, 0.98750000000000004, 1), (94, 11, 0.98750000000000004, 1), (11, 6, 0.98750000000000004, 1), (98, 9, 0.98750000000000004, 1), (100, 10, 0.98750000000000004, 3), (97, 11, 0.98750000000000004, 0), (37, 8, 0.98750000000000004, 0), (364, 24, 0.98750000000000004, 4), (104, 10, 0.98750000000000004, 0)]
using time: 1884.6381750106812