>: [(1853, 18, 0.92410714285714302, 0)]
>: [(5540, 18, 0.93125000000000013, 4)]
>: [(1170, 16, 0.94553571428571437, 4)]
>: [(899, 7, 0.9571428571428573, 1)]
>: [(768, 3, 0.97142857142857153, 3)]
=: [(768, 3, 0.97142857142857153, 3), (137, 4, 0.97142857142857153, 1)]
=: [(768, 3, 0.97142857142857153, 3), (137, 4, 0.97142857142857153, 1), (817, 10, 0.97142857142857153, 0)]
=: [(768, 3, 0.97142857142857153, 3), (137, 4, 0.97142857142857153, 1), (817, 10, 0.97142857142857153, 0), (117, 6, 0.97142857142857153, 4)]
=: [(768, 3, 0.97142857142857153, 3), (137, 4, 0.97142857142857153, 1), (817, 10, 0.97142857142857153, 0), (117, 6, 0.97142857142857153, 4), (1591, 15, 0.97142857142857153, 0)]
=: [(768, 3, 0.97142857142857153, 3), (137, 4, 0.97142857142857153, 1), (817, 10, 0.97142857142857153, 0), (117, 6, 0.97142857142857153, 4), (1591, 15, 0.97142857142857153, 0), (520, 5, 0.97142857142857153, 1)]
=: [(768, 3, 0.97142857142857153, 3), (137, 4, 0.97142857142857153, 1), (817, 10, 0.97142857142857153, 0), (117, 6, 0.97142857142857153, 4), (1591, 15, 0.97142857142857153, 0), (520, 5, 0.97142857142857153, 1), (239, 8, 0.97142857142857153, 4)]
=: [(768, 3, 0.97142857142857153, 3), (137, 4, 0.97142857142857153, 1), (817, 10, 0.97142857142857153, 0), (117, 6, 0.97142857142857153, 4), (1591, 15, 0.97142857142857153, 0), (520, 5, 0.97142857142857153, 1), (239, 8, 0.97142857142857153, 4), (292, 10, 0.97142857142857153, 0)]
=: [(768, 3, 0.97142857142857153, 3), (137, 4, 0.97142857142857153, 1), (817, 10, 0.97142857142857153, 0), (117, 6, 0.97142857142857153, 4), (1591, 15, 0.97142857142857153, 0), (520, 5, 0.97142857142857153, 1), (239, 8, 0.97142857142857153, 4), (292, 10, 0.97142857142857153, 0), (118, 9, 0.97142857142857153, 4)]
=: [(768, 3, 0.97142857142857153, 3), (137, 4, 0.97142857142857153, 1), (817, 10, 0.97142857142857153, 0), (117, 6, 0.97142857142857153, 4), (1591, 15, 0.97142857142857153, 0), (520, 5, 0.97142857142857153, 1), (239, 8, 0.97142857142857153, 4), (292, 10, 0.97142857142857153, 0), (118, 9, 0.97142857142857153, 4), (1673, 13, 0.97142857142857153, 1)]
=: [(768, 3, 0.97142857142857153, 3), (137, 4, 0.97142857142857153, 1), (817, 10, 0.97142857142857153, 0), (117, 6, 0.97142857142857153, 4), (1591, 15, 0.97142857142857153, 0), (520, 5, 0.97142857142857153, 1), (239, 8, 0.97142857142857153, 4), (292, 10, 0.97142857142857153, 0), (118, 9, 0.97142857142857153, 4), (1673, 13, 0.97142857142857153, 1), (446, 13, 0.97142857142857153, 1)]
=: [(768, 3, 0.97142857142857153, 3), (137, 4, 0.97142857142857153, 1), (817, 10, 0.97142857142857153, 0), (117, 6, 0.97142857142857153, 4), (1591, 15, 0.97142857142857153, 0), (520, 5, 0.97142857142857153, 1), (239, 8, 0.97142857142857153, 4), (292, 10, 0.97142857142857153, 0), (118, 9, 0.97142857142857153, 4), (1673, 13, 0.97142857142857153, 1), (446, 13, 0.97142857142857153, 1), (211, 5, 0.97142857142857153, 3)]
=: [(768, 3, 0.97142857142857153, 3), (137, 4, 0.97142857142857153, 1), (817, 10, 0.97142857142857153, 0), (117, 6, 0.97142857142857153, 4), (1591, 15, 0.97142857142857153, 0), (520, 5, 0.97142857142857153, 1), (239, 8, 0.97142857142857153, 4), (292, 10, 0.97142857142857153, 0), (118, 9, 0.97142857142857153, 4), (1673, 13, 0.97142857142857153, 1), (446, 13, 0.97142857142857153, 1), (211, 5, 0.97142857142857153, 3), (755, 18, 0.97142857142857153, 4)]
>: [(209, 6, 0.97232142857142867, 4)]
>: [(1676, 10, 0.97857142857142865, 1)]
using time: 13007.63709950447