>: [(1853, 5, 0.83000000000000007, 4)]
>: [(1170, 4, 0.88809523809523816, 1)]
>: [(275, 12, 0.95714285714285707, 1)]
=: [(275, 12, 0.95714285714285707, 1), (274, 13, 0.95714285714285707, 0)]
=: [(275, 12, 0.95714285714285707, 1), (274, 13, 0.95714285714285707, 0), (163, 8, 0.95714285714285707, 3)]
=: [(275, 12, 0.95714285714285707, 1), (274, 13, 0.95714285714285707, 0), (163, 8, 0.95714285714285707, 3), (48, 3, 0.95714285714285707, 1)]
>: [(18, 6, 0.97142857142857153, 1)]
>: [(86, 10, 0.98571428571428577, 3)]
=: [(86, 10, 0.98571428571428577, 3), (3, 5, 0.98571428571428577, 1)]
=: [(86, 10, 0.98571428571428577, 3), (3, 5, 0.98571428571428577, 1), (87, 8, 0.98571428571428577, 3)]
=: [(86, 10, 0.98571428571428577, 3), (3, 5, 0.98571428571428577, 1), (87, 8, 0.98571428571428577, 3), (14, 2, 0.98571428571428577, 0)]
using time: 7394.992439508438