>: [(231, 2, 0.81726190476190474, 1)]
>: [(375, 8, 0.86904761904761918, 3)]
>: [(347, 8, 0.93392857142857155, 0)]
>: [(146, 11, 0.96250000000000002, 1)]
>: [(147, 14, 0.97499999999999998, 3)]
=: [(147, 14, 0.97499999999999998, 3), (97, 12, 0.97499999999999998, 0)]
>: [(34, 7, 0.98750000000000004, 3)]
=: [(34, 7, 0.98750000000000004, 3), (7, 8, 0.98750000000000004, 3)]
=: [(34, 7, 0.98750000000000004, 3), (7, 8, 0.98750000000000004, 3), (176, 10, 0.98750000000000004, 4)]
=: [(34, 7, 0.98750000000000004, 3), (7, 8, 0.98750000000000004, 3), (176, 10, 0.98750000000000004, 4), (17, 4, 0.98750000000000004, 4)]
=: [(34, 7, 0.98750000000000004, 3), (7, 8, 0.98750000000000004, 3), (176, 10, 0.98750000000000004, 4), (17, 4, 0.98750000000000004, 4), (126, 13, 0.98750000000000004, 4)]
=: [(34, 7, 0.98750000000000004, 3), (7, 8, 0.98750000000000004, 3), (176, 10, 0.98750000000000004, 4), (17, 4, 0.98750000000000004, 4), (126, 13, 0.98750000000000004, 4), (99, 10, 0.98750000000000004, 0)]
=: [(34, 7, 0.98750000000000004, 3), (7, 8, 0.98750000000000004, 3), (176, 10, 0.98750000000000004, 4), (17, 4, 0.98750000000000004, 4), (126, 13, 0.98750000000000004, 4), (99, 10, 0.98750000000000004, 0), (73, 9, 0.98750000000000004, 4)]
=: [(34, 7, 0.98750000000000004, 3), (7, 8, 0.98750000000000004, 3), (176, 10, 0.98750000000000004, 4), (17, 4, 0.98750000000000004, 4), (126, 13, 0.98750000000000004, 4), (99, 10, 0.98750000000000004, 0), (73, 9, 0.98750000000000004, 4), (245, 12, 0.98750000000000004, 3)]
=: [(34, 7, 0.98750000000000004, 3), (7, 8, 0.98750000000000004, 3), (176, 10, 0.98750000000000004, 4), (17, 4, 0.98750000000000004, 4), (126, 13, 0.98750000000000004, 4), (99, 10, 0.98750000000000004, 0), (73, 9, 0.98750000000000004, 4), (245, 12, 0.98750000000000004, 3), (12, 10, 0.98750000000000004, 0)]
=: [(34, 7, 0.98750000000000004, 3), (7, 8, 0.98750000000000004, 3), (176, 10, 0.98750000000000004, 4), (17, 4, 0.98750000000000004, 4), (126, 13, 0.98750000000000004, 4), (99, 10, 0.98750000000000004, 0), (73, 9, 0.98750000000000004, 4), (245, 12, 0.98750000000000004, 3), (12, 10, 0.98750000000000004, 0), (326, 26, 0.98750000000000004, 1)]
=: [(34, 7, 0.98750000000000004, 3), (7, 8, 0.98750000000000004, 3), (176, 10, 0.98750000000000004, 4), (17, 4, 0.98750000000000004, 4), (126, 13, 0.98750000000000004, 4), (99, 10, 0.98750000000000004, 0), (73, 9, 0.98750000000000004, 4), (245, 12, 0.98750000000000004, 3), (12, 10, 0.98750000000000004, 0), (326, 26, 0.98750000000000004, 1), (258, 20, 0.98750000000000004, 3)]
=: [(34, 7, 0.98750000000000004, 3), (7, 8, 0.98750000000000004, 3), (176, 10, 0.98750000000000004, 4), (17, 4, 0.98750000000000004, 4), (126, 13, 0.98750000000000004, 4), (99, 10, 0.98750000000000004, 0), (73, 9, 0.98750000000000004, 4), (245, 12, 0.98750000000000004, 3), (12, 10, 0.98750000000000004, 0), (326, 26, 0.98750000000000004, 1), (258, 20, 0.98750000000000004, 3), (124, 15, 0.98750000000000004, 4)]
=: [(34, 7, 0.98750000000000004, 3), (7, 8, 0.98750000000000004, 3), (176, 10, 0.98750000000000004, 4), (17, 4, 0.98750000000000004, 4), (126, 13, 0.98750000000000004, 4), (99, 10, 0.98750000000000004, 0), (73, 9, 0.98750000000000004, 4), (245, 12, 0.98750000000000004, 3), (12, 10, 0.98750000000000004, 0), (326, 26, 0.98750000000000004, 1), (258, 20, 0.98750000000000004, 3), (124, 15, 0.98750000000000004, 4), (198, 13, 0.98750000000000004, 4)]
>: [(6, 7, 1.0, 3)]
=: [(6, 7, 1.0, 3), (119, 17, 1.0, 4)]
=: [(6, 7, 1.0, 3), (119, 17, 1.0, 4), (32, 9, 1.0, 3)]
using time: 957.4922878742218